    1    1    1     1839.51758     1643.97720      583.77330        2.16642       56.40867        0.00389        0.07892        0.71313       29.10000        0.09887        1.03600        0.69857        0.71637        0.00012        0.01777   -33197.36927        1.07139       68.58154        0.00572        0.05206       26.57613        0.07004        0.69106        1.05916       11.74416        0.03500        0.02342        0.01222      300.00000       72.38320
    2    1    1     1561.52577     2109.40107      876.96457        7.28582      171.37575        0.03587        0.03170        1.25452       26.60000        0.73557        0.49572        1.23884        8.89889        0.01908        0.00055        0.01569        1.89475      171.17058        0.03570        0.03137       26.81122        0.08619        0.49105        1.89347        8.89764        0.01943        0.01453        0.00127      300.00000        0.77279
    3    1    1     2288.94799     2605.81890      601.28970        3.92570       74.32411        0.00675        0.03703        1.15521       25.40000        1.17214        0.58701        1.14755       13.70069        0.04560        0.01834        0.00760        1.58082       93.47397        0.01066        0.03598       37.10072        0.82705        0.54637        1.57203        4.25930        0.00459        0.01662        0.00879      300.00000       24.62466
    4    1    1     3362.20791     1644.71579      564.95090        2.53817       38.06382        0.00177        0.02570        0.82350       10.20000        0.20050        0.92911        0.80546        5.23527        0.00659        0.00291        0.01807        1.01951       30.54104        0.00114        0.00957       10.21969        0.16114        0.77154        1.01709        5.93636        0.00883        0.01834        0.00242      300.00000       69.41583
    5    1    1     1170.72146    45260.24860    19188.53285        1.74579       49.30573        0.00297        0.09445        1.52239       18.20000       46.31090        0.22015        1.51441        6.65522        0.01076        0.00269        0.00793        8.60132       20.53439        0.00051        0.09956       37.72401        0.52669       38.91986        8.59402        7.14561        0.01289        0.00354        0.00730      300.00000      143.67347
    6    1    1     2091.49285     2180.29797      655.42385        6.88654      127.71399        0.01992        0.02208        1.58573       21.40000        0.69774        0.15138        1.58318        6.41355        0.01007        0.00863        0.00250        0.70367      128.66540        0.02018        0.02205       21.31916        1.70006        0.03812        0.69394        6.41696        0.01043        0.00106        0.00973      300.00000        0.91502
    7    1    1     2622.01935     1583.29810      758.50937        0.93452       12.08550        0.00018        0.02025        0.22676       14.30000        0.01181        1.50881        0.22575        5.63886        0.00794        0.00117        0.00094        0.11037        7.74867        0.00007        0.01748       18.07637        0.04817        1.59422        0.11025        4.27233        0.00455        0.00207        0.00011      300.00000      156.55944
    8    1    1     5568.52834     1459.61715      701.31798        3.28425       59.80905        0.00437        0.03613        1.50996        6.10000        0.00310        0.23470        1.49987       12.27075        0.03813        0.00043        0.01009        0.79226       57.86057        0.00409        0.00900       10.42943        0.00529        0.94263        0.79276       15.63968        0.06068        0.01288       -0.00050      300.00000      131.00325
    9    1    1     3226.57722     1505.12046      571.49127        1.78913       31.17922        0.00119        0.03590        0.82424       12.60000        0.05960        0.92834        0.80623       11.37033        0.03110        0.00013        0.01795        0.66869       35.28261        0.00152        0.00716       24.95091        0.78509        0.37364        0.66765       10.65336        0.02836        0.01603        0.00104      300.00000       97.51798
   10    1    1     1449.20172     8367.31948     3749.55353        7.39931      184.74696        0.04169        0.03445        0.86394       33.00000        7.81488        0.93977        0.79479       13.71195        0.04394        0.00133        0.06926        2.08729      184.60222        0.04151        0.03442       33.03510        0.33526        7.19680        2.01755       13.71741        0.04397        0.00077        0.06974      300.00000        0.36951
   11    1    1     3178.36489     1695.41227      582.20823        7.71035       82.91090        0.00840        0.00573        0.90463       12.80000        0.28812        0.83129        0.90327       15.11910        0.05610        0.00013        0.00140        1.25750       82.84362        0.00837        0.00558       12.94533        0.22333        0.54152        1.25803       15.11891        0.05672        0.00139       -0.00053      300.00000        0.49638
   12    1    1     2394.37135     1650.83775      844.54940        2.70170       41.06912        0.00206        0.02616        1.09691       13.70000        0.00914        0.63724        1.09732        5.68260        0.00802        0.00773       -0.00048        1.67295       39.72688        0.00192        0.02716       15.95917        0.01310        0.06516        1.66927        3.69785        0.00334        0.00360        0.00368      300.00000       92.51107
   13    1    1     4781.55551     4815.29482     2115.46677        0.38580        6.09029        0.00005        0.03039        0.30117       22.10000        3.76252        1.47775        0.25682        4.20874        0.00459        0.00116        0.04434        4.59040       31.66187        0.00122        0.00298       42.13931        0.39849        0.53131        4.58990        4.98033        0.00619        0.04702        0.00050      300.00000       94.94599
   14    1    1     2584.61543     1891.64193      483.11539        0.96598       12.06993        0.00018        0.01889        1.27511       16.50000        0.41439        0.48484        1.24973       18.08542        0.08385        0.00480        0.02539        1.23447       18.51850        0.00042        0.02844       15.94035        0.57382        0.39586        1.20531       13.61775        0.04766        0.00138        0.02917      300.00000      151.31533
   15    1    1     3588.24491     1924.06687      829.40687        5.26760       83.25347        0.00847        0.02204        0.71116       15.20000        0.44907        1.02804        0.70653        9.02013        0.01985        0.02202        0.00458        0.78098       73.92021        0.00667        0.01741       21.27535        0.43570        0.99203        0.76686        7.97649        0.01618        0.01169        0.01412      300.00000       49.64581
   16    1    1     2567.44180     1599.89184      722.18874        4.41506       83.03800        0.00842        0.03478        0.30636        3.20000        0.00060        1.44683        0.28774       10.02912        0.02418        0.03715        0.01860        1.37503       67.49487        0.00554        0.03729       16.59946        0.03505        0.37274        1.33692        7.82203        0.01452        0.01815        0.03810      300.00000        8.19650
   17    1    1     1309.79146     1675.93550      690.80650        7.03145      205.87172        0.05176        0.05293        0.78816       10.30000        0.00662        0.95192        0.78265       11.50183        0.03332        0.01540        0.00541        0.45746      205.96236        0.05155        0.05310       10.40310        0.01037        1.27305        0.45787       11.49778        0.03267        0.02192       -0.00042      300.00000        0.30177
   18    1    1     1917.78805    63776.06895    29098.62904        7.12418      140.35966        0.02406        0.02335        1.35673       32.70000       66.41007        0.37863        1.35593        9.94878        0.02471        0.00252        0.00077       14.23573      140.12698        0.02397        0.02340       32.71721        0.12800       53.78077       14.23589        9.95110        0.02443        0.00374       -0.00016      300.00000        0.22925
   19    1    1     2324.34326     1689.42412      732.20128        3.42452       89.27325        0.00973        0.07327        0.81348       10.20000        0.08003        0.93920        0.79536        5.23527        0.00659        0.00291        0.01804        1.52420       71.00246        0.00615        0.02809       15.21067        0.01320        0.31673        1.50346       11.81745        0.03352        0.00332        0.02074      300.00000       17.86334
   20    1    1     1581.39013     3914.18173     1587.74945        7.34738      170.69251        0.03558        0.03033        0.57704       36.10000        2.69073        1.18009        0.55448       11.96441        0.03431        0.00107        0.02263        3.39991      170.73992        0.03558        0.03006       36.18132        0.20068        0.84612        3.37876       11.96543        0.03660        0.00020        0.02116      300.00000        0.46896
   21    1    1      891.51900    41638.95382    18117.64674        7.73317      296.15932        0.10712        0.07201        1.06818       45.00000       44.09498        0.66795        1.06661       13.47123        0.04452        0.01639        0.00158        8.27498      296.04475        0.10690        0.07251       44.92162        1.96771       35.60046        8.26092       13.48383        0.04388        0.00470        0.01405      300.00000        0.21641
   22    1    1     1425.93382    10207.53738     5098.94663        0.67930       17.24412        0.00036        0.07834        1.29166       14.40000       10.00150        0.45080        1.28377        9.93009        0.02395        0.03201        0.00798        1.87026       27.73392        0.00094        0.06991       25.86028        0.48487        9.39133        1.87029        9.65787        0.02322        0.03809       -0.00002      300.00000      148.85102
   23    1    1     1755.13860     3655.51290     1750.80677        7.19390      153.09250        0.02862        0.02669        0.76575       18.00000        2.34288        0.98895        0.74561       11.62127        0.03243        0.00018        0.02015        0.24551      153.40803        0.02867        0.02735       17.60911        1.40320        2.43517        0.23834       11.62336        0.03284        0.01274        0.00717      300.00000        0.49887
   24    1    1     1456.46121     4352.02412     2193.64554        8.52969      165.18491        0.03333        0.01248        0.37300        7.10000        2.92116        1.36103        0.37353        5.14008        0.00654        0.07517       -0.00051        2.90955      165.01901        0.03325        0.01245        7.25990        0.03707        1.72560        2.89316        5.14074        0.00673        0.05805        0.01639      300.00000        0.18464
   25    1    1     2056.77914     3758.70191     1802.20814        6.53706      132.52643        0.02145        0.02875        1.03148       30.30000        2.41138        0.73601        0.99855        3.61340        0.00311        0.00067        0.03291        1.96125      132.88595        0.02148        0.02823       30.41796        0.08027        2.11140        1.95474        3.59307        0.00314        0.02707        0.00651      300.00000        2.89685
   26    1    1     2339.80834     1825.40122      877.36888        5.15383      110.18318        0.01483        0.04099        0.86859       15.70000        0.02935        0.86547        0.86909       15.37189        0.05849        0.01115       -0.00048        0.04281      111.61996        0.01521        0.04230       14.52513        0.24421        1.47484        0.04316       15.37079        0.05839        0.01112       -0.00035      300.00000       19.49739
   27    1    1     2912.30495     1842.30664      491.90870        7.47056       90.10122        0.00992        0.00785        1.59665       23.20000        0.43319        0.13797        1.59660       11.02240        0.02995        0.00073        0.00006        1.49170       90.47866        0.00999        0.00770       23.21964        0.56966        0.10620        1.49195       11.02240        0.03000        0.00100       -0.00025      300.00000        2.18245
   28    1    1    13202.19714     1536.08920      677.71819        5.41058       35.65530        0.00155        0.00375        0.57193        2.60000        0.01926        1.18309        0.55148       10.65199        0.02899        0.00001        0.02052        1.16632       26.62405        0.00087        0.00108        7.43365        0.01325        0.59797        1.14485       10.90634        0.02853        0.00053        0.02147      300.00000      129.58245
   29    1    1     1853.99951     5547.86538     2484.75627        3.54994       79.88922        0.00779        0.05406        1.21531       34.20000        4.62807        0.51872        1.21585        2.60233        0.00168        0.01509       -0.00045        0.28487       85.29269        0.00884        0.07288       32.61470        4.06833        1.99104        0.28397        1.91778        0.00092        0.01385        0.00090      300.00000       28.77844
   30    1    1     1518.44435     1675.98513      751.03203        6.85351      181.10692        0.04006        0.04523        1.56727       12.60000        0.00744        0.16742        1.56715        7.02585        0.01216        0.00012        0.00016        0.17068      181.96403        0.04043        0.04570       11.93464        0.04815        1.52199        0.17102        7.02138        0.01225        0.00049       -0.00034      300.00000        3.38802
   31    1    1     2616.48858     1552.50917      616.19936        7.77365      103.70992        0.01314        0.00860        1.62455       14.80000        0.17724        0.11512        1.61945        3.06504        0.00237        0.00291        0.00504        0.98175      103.30874        0.01302        0.00814       15.20571        0.08804        0.85010        0.97429        3.06559        0.00237        0.00050        0.00747      300.00000        2.72793
   32    1    1    13563.44539     2321.84753      608.40562        3.36731       14.42852        0.00025        0.00199        1.18103       17.90000        1.05990        0.55419        1.18038        5.62486        0.00778        0.01492        0.00067        1.41682       12.96820        0.00021        0.00746       18.81926        1.30624        0.08114        1.40907        2.91311        0.00206        0.00613        0.00775      300.00000       31.49360
   33    1    1     3503.49579     1634.43932      807.97162        7.19709       74.63777        0.00680        0.00633        1.10167        6.60000        0.02615        0.63882        1.09574       12.79604        0.04127        0.00157        0.00603        0.33467       74.34318        0.00675        0.00683        5.75549        0.13369        1.29308        0.33338       12.79620        0.04020        0.00740        0.00129      300.00000        4.17550
   34    1    1     2204.42601     1860.64389      704.82863        5.94025      120.17738        0.01764        0.03235        1.64033        8.40000        0.47965        0.12853        1.60604       15.02838        0.05821        0.04348        0.03435        0.54685      118.49042        0.01713        0.03274        8.50968        0.13100        1.56040        0.52292       15.02862        0.05785        0.05422        0.02393      300.00000        4.24555
   35    1    1     4677.09616    19191.35151     8344.65264        5.19006       58.07912        0.00412        0.01117        0.17435       28.20000       19.87309        1.56759        0.16698       10.60371        0.02733        0.01327        0.00737       18.78152       58.78513        0.00422        0.01118       27.39469        0.39095        2.43953       18.77912       10.75153        0.02830        0.01523        0.00240      300.00000       50.32515
   36    1    1     4602.34851    10499.58209     4825.14330        5.29418       42.33034        0.00219        0.00562        1.30333       26.90000       10.68003        0.45351        1.28105        5.49448        0.00724        0.00282        0.02226        1.67691       35.97887        0.00158        0.01351       30.34437        2.28992        8.46069        1.64802        2.62114        0.00164        0.01049        0.02888      300.00000       32.52373
   37    1    1     1812.57700     1569.68461      684.18841        0.43712        8.27812        0.00008        0.04372        1.49685        6.90000        0.07084        0.23715        1.49742        5.39884        0.00721        0.01949       -0.00048        0.46141        5.77030        0.00004        0.03879       12.64841        0.86720        0.48212        0.46187        5.25090        0.00684        0.01894       -0.00046      300.00000      168.10330
   38    1    1     1790.90203     1692.69856      606.40549        7.37520      149.69520        0.02737        0.02295        1.04480       31.30000        0.04517        0.69712        1.03745       17.58883        0.07811        0.02484        0.00733        0.34008      149.62969        0.02733        0.02303       31.30795        0.05380        1.41370        0.31226       17.58881        0.07944        0.00299        0.02782      300.00000        0.18304
   39    1    1     3963.65886     2992.60326     1155.98210        0.37634        5.38072        0.00004        0.02493        0.91034       19.70000        1.78265        0.82507        0.90949        6.22298        0.00952        0.00540        0.00088        1.27003       12.23152        0.00018        0.00606       21.91988        1.23583        1.02016        1.26933        9.28098        0.02118        0.00452        0.00071      300.00000      145.12746
   40    1    1     1883.59511     2138.06109     1072.82941        8.03943      138.09264        0.02329        0.01274        0.43046       13.50000        0.64497        1.34832        0.38624        2.33859        0.00142        0.00472        0.04418        2.10008      137.60663        0.02305        0.01285       13.56561        0.17992        0.13090        2.06882        2.35116        0.00142        0.01771        0.03126      300.00000        0.41746
   41    1    1     3659.41070     1749.61093      513.40302        7.58166       73.28095        0.00656        0.00485        0.98043       15.20000        0.32656        0.78480        0.94977       10.71614        0.02954        0.00786        0.03065        1.01320       72.78573        0.00646        0.00478       15.28913        0.68681        0.39216        0.98230       10.71655        0.02954        0.00763        0.03091      300.00000        1.06310
   42    1    1     3047.13705     2755.85942     1349.32471        0.60825       13.86274        0.00023        0.06321        0.04538        7.50000        1.19470        1.68868        0.04588        3.33019        0.00275        0.01757       -0.00047        0.68308       25.73629        0.00081        0.00841       20.35511        1.75820        0.50371        0.68265       13.00525        0.04162        0.01671        0.00042      300.00000      112.87008
   43    1    1     1818.48186     1643.98859      638.44999        6.64529      149.42799        0.02727        0.03448        0.63895        5.60000        0.17092        1.14245        0.59212       10.07848        0.02635        0.00985        0.04682        1.21764      147.82398        0.02661        0.03471        6.19969        0.14381        0.54993        1.21210       10.08497        0.02562        0.05194        0.00555      300.00000        1.40825
   44    1    1     2324.82812    34220.22595    14588.70561        4.58073       79.67688        0.00775        0.02920        0.61593       13.30000       35.83683        1.16352        0.57105       12.86011        0.03910        0.00692        0.04489       22.06096       84.29120        0.00868        0.05787        9.81824        0.04806       15.43102       22.05527       13.31786        0.04470        0.04798        0.00569      300.00000       17.44931
   45    1    1     2062.85289   314902.75036   122636.32995        0.63571       12.56035        0.00019        0.04749        0.48605       14.60000      309.41521        1.24793        0.48663        6.42725        0.01023        0.01871       -0.00060       60.96536       13.58550        0.00023        0.03279       18.18466        0.07841      250.10372       60.96372        8.72247        0.01904        0.02645        0.00164      300.00000      155.30074
   46    1    1     3424.12518     5488.41121     2784.90044        3.56880       63.71091        0.00496        0.03397        0.07625       28.10000        5.01509        1.66972        0.06484        6.48991        0.01019        0.00981        0.01140        6.36512       52.78530        0.00339        0.00981       35.93001        0.05450        0.36222        6.36329        6.85629        0.01177        0.01318        0.00182      300.00000       24.48231
   47    1    1     2860.80017     2095.52551      843.99595        7.03641       93.53082        0.01068        0.01090        1.63442       18.10000        0.83156        0.09993        1.63463       11.19775        0.03094        0.03843       -0.00017        0.82655       93.85980        0.01075        0.01096       18.00981        0.19751        1.57405        0.79440       11.19821        0.03228        0.00475        0.03214      300.00000        0.56852
   48    1    1     3638.43683     2481.04488     1017.07200        6.24441       73.69446        0.00663        0.01038        0.53135       10.50000        1.19520        1.20410        0.53046        7.84347        0.01536        0.01359        0.00081        0.96279       76.81691        0.00719        0.00923       11.11373        0.23709        1.73167        0.96170        7.84327        0.01511        0.01356        0.00109      300.00000        4.17813
   49    1    1     3750.89092     1832.02478      755.49991        1.69059       31.88353        0.00124        0.04220        1.02675       29.20000        0.27139        0.71152        1.02304        4.46138        0.00500        0.00032        0.00365        0.47037       36.47252        0.00161        0.04697       39.75675        1.17896        0.35785        0.46674        2.39332        0.00144        0.00123        0.00363      300.00000       47.84512
   50    1    1     2430.24082     1690.01247      812.72916        6.44018      111.11474        0.01508        0.02128        0.92414        1.10000        0.00132        0.81034        0.92423       14.69206        0.05324        0.00029       -0.00009        0.99166      111.13922        0.01506        0.02128        1.15604        0.00196        0.74186        0.99208       14.69176        0.05357        0.00031       -0.00043      300.00000        1.65406
   51    1    1     5500.42137     2315.41182      963.87365        6.28834       46.75136        0.00267        0.00408        0.23702       37.90000        0.89778        1.50159        0.23297        9.95295        0.02419        0.00380        0.00404        0.62037       75.51017        0.00696        0.03708       21.34880        0.45858        1.52467        0.62087        7.91809        0.01556        0.00794       -0.00050      300.00000       61.25016
   52    1    1     5923.40047     1675.77618      525.26662        8.80035       39.58877        0.00191        0.00056        1.46319       11.70000        0.29668        0.27193        1.46264       13.72384        0.04632        0.00529        0.00059        0.80629       38.66447        0.00183        0.00061       11.67498        0.33367        0.89155        0.80601       13.72376        0.04638        0.00557        0.00028      300.00000        0.71870
   53    1    1     1487.60279    47032.63453    19590.20736        1.00922       30.26588        0.00112        0.10872        0.16669       16.00000       47.96735        1.57283        0.16174       15.51447        0.05869        0.03143        0.00495        9.75060       48.36886        0.00286        0.05334       40.06830        0.07590       39.96459        9.70747       15.84926        0.05944        0.00007        0.04314      300.00000      127.86408
   54    1    1     2333.66122     2060.63458      786.74266        4.29019      106.11477        0.01375        0.06097        0.86361        9.10000        0.52458        0.87089        0.86368        5.89244        0.00864        0.01279       -0.00014        0.77081      101.56225        0.01254        0.05170       11.34891        0.61713        0.88233        0.75886        8.96926        0.01945        0.00126        0.01194      300.00000       47.39676
   55    1    1     2622.73318     2267.15449     1068.12861        7.70022      102.42905        0.01281        0.00880        0.68572       15.60000        0.78185        1.05317        0.68139        5.18192        0.00655        0.06971        0.00439        0.44498      101.82276        0.01263        0.00859       15.79510        0.68278        1.45603        0.37793        5.18139        0.00703        0.00659        0.06705      300.00000        1.00855
   56    1    1     2073.91477     1937.16003      840.12780        6.56488      128.60106        0.02020        0.02667        1.28308        8.90000        0.70740        0.46639        1.26818        6.69727        0.01082        0.00198        0.01492        1.32913      128.75579        0.02023        0.02694        8.80787        0.00853        1.11225        1.32110        6.62645        0.01110        0.00837        0.00803      300.00000        0.42385
   57    1    1     1601.53668     1836.17909      684.12393        3.98607      126.57322        0.01957        0.10358        0.55238        8.60000        0.22079        1.19539        0.53917        6.63771        0.01119        0.00973        0.01325        0.91550      123.67951        0.01863        0.09137        9.58481        0.24846        0.80127        0.90758        9.34977        0.02209        0.01532        0.00792      300.00000        6.98538
   58    1    1     1293.75728     9153.48869     4163.68008        0.16604        3.90618        0.00002        0.06758        0.56985       50.80000        8.50737        1.17679        0.55778       13.06607        0.04128        0.00220        0.01206        4.93901       77.84322        0.00738        0.17061       26.22375        0.22995        4.98821        4.93922        8.03726        0.01594        0.01399       -0.00020      300.00000      139.19856
   59    1    1     1822.30652     6221.01726     2973.52295        4.01335       95.34212        0.01110        0.05782        0.93720        8.80000        5.56799        0.84156        0.89301        6.20399        0.00910        0.01632        0.04416        2.55663       97.40457        0.01156        0.05947        6.75784        0.08246        4.68143        2.53862        5.15582        0.00678        0.04278        0.01801      300.00000       22.27605
   60    1    1     1921.90903     8164.28877     3306.39834        4.36087      117.78396        0.01694        0.07215        0.58698       37.30000        7.60925        1.16490        0.56966        7.98047        0.01533        0.04264        0.01729        2.84392      121.34931        0.01787        0.08122       34.93148        3.71413        2.77763        2.84424        6.94080        0.01197        0.06146       -0.00032      300.00000       27.50511
   61    1    1     4442.11987     4594.00936     1667.75918        5.61077       63.43040        0.00491        0.01070        1.56895       29.20000        3.61711        0.22459        1.50998        7.59982        0.01506        0.05744        0.05897        1.03978       65.35176        0.00521        0.01718       28.94337        1.84084        2.47234        1.03936        5.25280        0.00688        0.11652        0.00043      300.00000       47.49168
   62    1    1     3362.97250     1441.84961      584.41210        8.50175       71.32693        0.00621        0.00238        1.29238       28.60000        0.05788        0.44596        1.28861        4.86661        0.00579        0.00002        0.00372        0.86719       71.31514        0.00621        0.00241       28.59870        0.05086        0.87557        0.86603        4.86813        0.00592        0.00246        0.00116      300.00000        0.59353
   63    1    1     4482.48861     2402.74901     1012.99058        2.41326       12.63722        0.00020        0.00315        0.82018       19.60000        1.01699        0.91606        0.81851       13.53074        0.04582        0.04048        0.00165        0.81734       29.22347        0.00104        0.03556       18.57263        0.29813        1.64295        0.77663       13.55574        0.04752        0.00036        0.04070      300.00000      110.42121
   64    1    1     2616.22594   222750.14212    90672.80474        6.99245      103.27747        0.01303        0.01362        1.57549       38.30000      222.27376        0.16330        1.57126        9.69712        0.02364        0.00075        0.00427      143.09992      103.00826        0.01294        0.01326       38.19859        0.15996       80.74952      143.09948        9.69610        0.02314        0.00491        0.00044      300.00000        0.25926
   65    1    1     1889.09712     8843.98570     3897.45062        4.15568      104.04815        0.01322        0.06334        1.12171       21.20000        8.45071        0.65988        1.07469        1.83701        0.00088        0.01091        0.04707        3.21539      103.48743        0.01303        0.05886       26.58959        0.62677        6.37723        3.17696        3.36943        0.00293        0.02643        0.03843      300.00000        6.71155
   66    1    1     1599.28787   163554.68380    63757.41232        2.48842       49.93001        0.00304        0.04613        0.44847       15.70000      165.15595        1.28667        0.44790        4.68004        0.00539        0.05107        0.00057       58.98098       45.94515        0.00257        0.10189       15.27215        0.07757      107.82346       58.90719        3.56399        0.00296        0.00734        0.07378      300.00000      106.45556
   67    1    1     3423.67459     1441.45382      652.00864        2.54331       28.50041        0.00099        0.01434        0.73929       10.70000        0.01178        0.99783        0.73673        8.84976        0.01963        0.00016        0.00252        0.73742       18.48100        0.00042        0.01127       17.40562        0.02001        1.00152        0.73699        6.57150        0.01077        0.00262        0.00042      300.00000      108.28962
   68    1    1     1897.23839     1704.47190      537.75121        4.32347      113.51788        0.01574        0.06846        1.54366       23.30000        0.19701        0.21353        1.52104        4.24969        0.00462        0.00005        0.02270        1.01046      119.79470        0.01739        0.08345       16.57590        0.32829        0.59864        0.99006        2.93444        0.00220        0.00264        0.02040      300.00000       28.56198
   69    1    1     2379.87563    11310.25354     5137.11043        0.47614        7.73845        0.00007        0.03219        1.33820       35.30000       10.99901        0.39591        1.33865        7.00474        0.01214        0.00111       -0.00047        6.14754       23.59330        0.00068        0.01805       27.23160        0.39145        6.17602        6.14784       13.32234        0.04411        0.00077       -0.00030      300.00000      144.96376
   70    1    1     1697.17186     1766.40492      651.72043        1.91125       43.15300        0.00227        0.05999        0.56200       14.30000        0.17096        1.18807        0.54649        2.54008        0.00164        0.00024        0.01552        0.87912       30.42441        0.00113        0.06031       21.11875        0.72948        0.23807        0.87972       16.24800        0.06542        0.01164       -0.00060      300.00000      115.56718
   71    1    1     2840.50432     1597.78681      651.59333        7.40121       93.26506        0.01062        0.00877        1.54320       15.70000        0.02225        0.21110        1.52347       20.23492        0.09834        0.00493        0.01971        1.72521       93.64208        0.01070        0.00949       15.15771        0.01956        0.02680        1.70960       20.23492        0.09867        0.00877        0.01561      300.00000        1.35761
   72    1    1     1148.28950     2543.43962     1061.16844        2.24120       76.74864        0.00719        0.13603        0.31599       43.80000        0.88780        1.42150        0.31306        6.94579        0.01180        0.01030        0.00289        0.91842       11.59282        0.00016        0.17300       34.60633        0.11006        1.56141        0.90991        9.83167        0.02346        0.00410        0.00850      300.00000      118.07469
   73    1    1     2181.16373   145549.25213    57542.65501        1.23572       11.45281        0.00016        0.01033        0.81036       39.10000      145.61106        0.95359        0.78097        8.36836        0.01670        0.01311        0.02941       77.28406       55.85368        0.00381        0.14535       26.90944        0.18582       69.73306       77.28128        1.19918        0.00036        0.06291        0.00277      300.00000      152.72725
   74    1    1     2344.19648     1882.00979      613.98838        4.57360      104.14097        0.01325        0.05008        1.44906       15.00000        0.36691        0.31665        1.41791       13.95171        0.04638        0.00000        0.03112        0.52563      115.93728        0.01641        0.06413       20.89949        0.73712        0.85408        0.52464        8.15549        0.01662        0.02835        0.00098      300.00000       53.93815
   75    1    1     2717.84068     1402.22433      671.12036        0.47720        6.43554        0.00005        0.02216        1.04336        2.10000        0.02075        0.69363        1.04094        4.12486        0.00417        0.02863        0.00251        1.12504       12.64905        0.00019        0.01516       12.32571        0.01503        0.63862        1.11177        2.36541        0.00142        0.01729        0.01327      300.00000      159.61789
   76    1    1     1821.92724     2190.41496      887.26599        7.34671      147.90173        0.02672        0.02278        0.46851       11.30000        0.82113        1.26731        0.46725        9.12999        0.02084        0.00671        0.00130        1.20609      148.40057        0.02684        0.02331       10.71256        0.21730        1.14019        1.19755        9.12985        0.02023        0.00006        0.00854      300.00000        0.50263
   77    1    1     2110.12714     1644.71809      706.77887        4.05118       82.38589        0.00829        0.04222        1.22149        4.60000        0.01809        0.52095        1.21361       14.38593        0.05026        0.00246        0.00793        0.72888       94.71707        0.01093        0.04276        4.15821        0.04530        0.98843        0.71846       13.91037        0.04686        0.00061        0.01043      300.00000       14.85803
   78    1    1     2752.69643     6853.02111     3061.29362        1.23601       13.89790        0.00024        0.01521        0.55672       25.80000        6.21309        1.17758        0.55698        7.48712        0.01384        0.00192       -0.00030        2.93747        5.15422        0.00003        0.02393       33.88423        0.86375        4.10812        2.93682       13.32491        0.04432        0.00097        0.00065      300.00000      166.19695
   79    1    1     1848.61275   618138.26642   237053.79605        2.11650       31.24550        0.00119        0.02543        0.10357       11.40000      595.83816        1.63365        0.10092       15.42510        0.05967        0.00003        0.00266       15.75729        9.86429        0.00012        0.05817       25.02134        0.21492      581.56420       15.75784       16.01513        0.06351        0.00367       -0.00055      300.00000      151.33510
   80    1    1     2056.98559     1630.57244      655.13021        5.54609      137.46170        0.02308        0.05195        1.25039       10.40000        0.26718        0.48615        1.24841        2.15134        0.00116        0.00625        0.00200        0.38447      133.75529        0.02181        0.04767       13.97156        0.17050        1.45946        0.37615        3.02734        0.00222        0.00003        0.00832      300.00000       21.73810
   81    1    1     2485.15667   204827.70818    80737.78274        6.65613      111.48649        0.01518        0.01908        0.93051       27.10000      205.35198        0.81372        0.92085        8.87367        0.01993        0.01382        0.00970       52.44900      111.35680        0.01513        0.01892       27.06777        0.30103      154.36133       52.42436        8.85701        0.01877        0.00004        0.02464      300.00000        4.76610
   82    1    1     2158.21245     1404.36380      695.89877        6.58195      124.68655        0.01899        0.02484        0.30941        4.10000        0.01056        1.42789        0.30668        9.78210        0.02400        0.00452        0.00272        1.03123      122.96581        0.01846        0.02452        5.81068        0.00497        0.71765        1.02334        9.78174        0.02324        0.00013        0.00789      300.00000        0.21327
   83    1    1     1752.20154     1594.39350      542.24794        1.22772       34.58328        0.00146        0.09545        0.91132       26.50000        0.04362        0.83995        0.89461        3.44693        0.00303        0.00370        0.01669        1.00496       27.88070        0.00094        0.03733       42.53194        0.16781        0.65815        0.98997        9.57661        0.02211        0.00722        0.01499      300.00000      166.89278
   84    1    1     1495.63795     8056.43348     3819.61749        6.19344      181.16407        0.04008        0.06441        0.61974       27.60000        7.22426        1.11869        0.61587        9.20815        0.02071        0.01160        0.00387        1.88517      179.37451        0.03912        0.06319       28.26272        0.63104        6.44399        1.88562        9.28061        0.02131        0.01567       -0.00045      300.00000        4.04483
   85    1    1     3973.04027     1823.94823      514.69393        1.36065       26.96692        0.00089        0.04709        0.91168       13.50000        0.45051        0.82714        0.90743        2.35776        0.00136        0.01259        0.00422        1.12507       40.03981        0.00196        0.00497       30.48940        0.83953        0.25584        1.12556        5.11519        0.00648        0.01740       -0.00049      300.00000       51.11467
   86    1    1     1836.22586    19024.49353     8680.12885        1.67740       37.62128        0.00173        0.05971        0.19115       33.90000       19.69141        1.54478        0.18978        4.46138        0.00498        0.00266        0.00141        3.76507       36.54129        0.00163        0.05594       26.03939        0.20941       17.45699        3.76254        4.67183        0.00534        0.00207        0.00252      300.00000      115.25783
   87    1    1     1726.07627     2696.19769      874.45042        3.44118      106.16449        0.01377        0.10248        0.79881       22.80000        1.18221        0.93585        0.79871        3.70373        0.00338        0.00040        0.00013        0.39375       91.40891        0.01019        0.05748       31.84178        1.43680        1.10083        0.39399       12.21862        0.03686        0.00099       -0.00024      300.00000       17.31609
   88    1    1     3703.08050     2055.12999      784.65860        0.30370        3.74695        0.00002        0.01857        1.37317       17.40000        0.48877        0.36084        1.37372       15.93485        0.06289        0.00475       -0.00050        1.50532       32.40163        0.00128        0.03084       31.44134        0.44630        0.30725        1.50512        7.48498        0.01396        0.00408        0.00020      300.00000       93.88685
   89    1    1     1320.81847     1697.23453      709.28506        8.17317      190.85507        0.04449        0.02211        1.56681       10.50000        0.08478        0.16742        1.56715       14.13638        0.04937        0.00592       -0.00042        1.44926      191.04285        0.04445        0.02224       10.40311        0.07367        0.30007        1.44550       14.13612        0.05021        0.00099        0.00376      300.00000        0.74030
   90    1    1     2097.39366    46996.35237    19319.61970        6.07017      128.71094        0.02023        0.03468        0.07036       22.50000       48.47800        1.66972        0.06484       10.07854        0.02474        0.05274        0.00559       14.07123      126.02741        0.01938        0.03432       22.70851        0.10731       36.09389       14.01258       10.09160        0.02391        0.00047        0.05865      300.00000        4.56165
   91    1    1     8640.00185     1512.90912      674.87371        1.73935       25.55497        0.00080        0.02557        0.38154       16.00000        0.02625        1.35451        0.38006        5.29665        0.00702        0.00003        0.00147        0.23397       37.60399        0.00173        0.00211       28.35030        0.10912        1.44667        0.23284        2.57850        0.00163        0.00050        0.00113      300.00000       34.35778
   92    1    1     3788.65999    19451.80439     8644.26397        5.18899       88.73726        0.00962        0.02610        1.69446       19.70000       20.35281        0.04037        1.69420        7.19871        0.01292        0.00098        0.00026        5.71063       78.26027        0.00748        0.01770       26.58766        0.18254       16.21504        5.71076        3.93768        0.00386        0.00001       -0.00013      300.00000       79.88968
   93    1    1     1952.00910     1563.96469      601.55370        8.36890      126.33083        0.01949        0.00834        0.84506       38.20000        0.09585        0.91065        0.82391        2.71650        0.00177        0.00001        0.02113        0.72381      126.34366        0.01947        0.00836       38.19337        0.08885        1.02435        0.71720        2.71832        0.00180        0.01454        0.00661      300.00000        0.17693
   94    1    1     1860.37965     3719.64733     1525.58617        8.71891      125.37734        0.01920        0.00606        0.36980       23.00000        2.72748        1.36534        0.36922       13.61752        0.04561        0.00803        0.00065        3.60666      125.47586        0.01921        0.00623       22.90613        0.47405        0.38913        3.59865       13.61760        0.04503        0.00120        0.00802      300.00000        0.65451
   95    1    1     1442.35829    35109.96563    13628.20036        6.58283      186.70562        0.04257        0.05567        1.67646       35.40000       37.14693        0.06331        1.67126        5.46363        0.00752        0.03061        0.00519       15.13948      186.60519        0.04248        0.05624       35.29181        0.68583       23.08128       15.11405        5.41962        0.00703        0.01072        0.02543      300.00000        1.30837
   96    1    1     2137.14110     1702.17793      686.46647        1.60585       26.02433        0.00083        0.03125        0.42913        6.70000        0.16994        1.36156        0.37301        8.72424        0.01983        0.01250        0.05616        0.81825       28.85199        0.00102        0.04820        8.89559        0.14498        0.98067        0.77328        5.00905        0.00593        0.02599        0.04497      300.00000      125.37039
   97    1    1     4673.02737     2712.72947     1077.24938        0.60647        9.28907        0.00011        0.02855        0.50659       16.70000        1.47471        1.24500        0.48957        5.82401        0.00816        0.00028        0.01705        1.86493       42.54320        0.00221        0.00371       31.52307        0.53052        0.85474        1.84738        5.27500        0.00669        0.00059        0.01755      300.00000       63.24162
   98    1    1     1554.63256     2158.62622      687.49912        0.13209        4.30755        0.00002        0.12986        0.60895        9.90000        0.56526        1.17758        0.55698        5.42000        0.00764        0.05704        0.05199        1.40262       31.25407        0.00119        0.04223       30.95858        0.37094        0.57116        1.40284       15.53235        0.05998        0.09824       -0.00022      300.00000      143.03652
   99    1    1     3223.50570     3936.57742     1186.67402        0.91589        7.11880        0.00006        0.00732        1.12770       25.60000        2.98975        0.60936        1.12520        7.52442        0.01419        0.00647        0.00247        1.09300       11.88129        0.00017        0.01408       25.54515        2.91671        0.71777        1.09001        5.29022        0.00702        0.00611        0.00299      300.00000      175.75893
  100    1    1     2242.14078    11797.99496     4970.51990        6.90058      119.49110        0.01744        0.01918        0.44710       10.40000       12.07451        1.28899        0.44558       10.85651        0.02892        0.00471        0.00160       12.23066      119.12287        0.01730        0.01940       10.28479        0.17236        1.40877       12.22784       10.85932        0.02885        0.00350        0.00282      300.00000        1.22630
