    1    1    1     2024.25917     2959.77833     1289.82159        5.94664      130.21885        0.02071        0.03785        1.00793       12.70000        1.60106        0.73280        1.00176       12.52053        0.03953        0.03013   -33197.37765        1.95798      130.04900        0.02062        0.03823       12.42551        0.05900        1.35659        1.91967       12.52312        0.03721        0.00038        0.03831      300.00000        3.41254
    2    1    1     3633.88452     1544.07383      681.56508        4.49666       77.58435        0.00735        0.02901        1.48191       10.60000        0.01561        0.26537        1.46920        7.41421        0.01396        0.00450        0.01271        0.20099       81.86530        0.00816        0.01742       16.35145        1.22425        0.34070        0.19367        8.01593        0.01562        0.01058        0.00732      300.00000       52.72426
    3    1    1     1367.59583     1905.74377      718.25384        0.06367        2.24156        0.00001        0.15138        1.36025       20.60000        0.30763        0.37802        1.35655        7.87754        0.01516        0.00111        0.00378        1.09717       16.78010        0.00034        0.06710       11.93750        0.08401        0.84282        1.09599       21.87505        0.11962        0.00249        0.00119      300.00000      164.18251
    4    1    1     3483.35441     1667.23540      794.95846        0.95880       12.48577        0.00019        0.02052        1.56549       18.60000        0.01847        0.17170        1.56287        8.38417        0.01763        0.06771        0.00260        1.50875       28.83934        0.00101        0.00809       29.66133        0.07415        0.19503        1.50520        5.61968        0.00793        0.06675        0.00355      300.00000      111.00651
    5    1    1     1591.82328    46541.91538    21083.67932        7.64793      169.00636        0.03489        0.02476        0.11338       13.40000       48.78951        1.62066        0.11391        8.75669        0.01898        0.00206       -0.00055       15.02794      168.66692        0.03474        0.02532       13.14817        0.08402       35.41147       15.02815        8.75604        0.01893        0.00185       -0.00021      300.00000        1.13190
    6    1    1     2362.21490     1646.43989      539.93350        6.62023      115.29806        0.01624        0.02081        1.28731       15.60000        0.26081        0.44987        1.28469        3.69482        0.00334        0.00101        0.00265        0.75690      115.30191        0.01622        0.02059       15.81338        0.58497        0.65741        0.75335        3.67545        0.00330        0.00001        0.00356      300.00000        2.31078
    7    1    1     4376.57449    32386.21056    13329.39537        7.03974       61.87326        0.00468        0.00476        1.22906       13.60000       33.78723        0.51462        1.21995       19.89795        0.09603        0.00551        0.00901       31.02949       63.02321        0.00485        0.00568       12.99100        0.07695        4.42101       31.02283       19.90311        0.09635        0.00764        0.00665      300.00000        1.55285
    8    1    1     2382.41073   554943.20537   206094.51288        4.15148       67.82904        0.00562        0.02698        0.28875       15.00000      536.80702        1.44620        0.28836        3.01614        0.00224        0.00060        0.00036      466.74985       90.18218        0.00993        0.04014       15.38769        0.49832       71.27884      466.74794        1.17257        0.00034        0.00006        0.00191      300.00000       21.57478
    9    1    1     4262.35031     1500.35592      655.44319        0.71945       13.11453        0.00021        0.04037        1.48697        0.90000        0.00409        0.25487        1.47970       10.78314        0.02826        0.00554        0.00733        0.20277       12.77263        0.00020        0.03257       14.81284        0.07801        1.46957        0.19947       11.08941        0.03088        0.00633        0.00330      300.00000      160.27698
   10    1    1     1623.03902     1947.57406      669.97640        7.21338      166.49443        0.03386        0.03121        1.45692       28.30000        0.41842        0.28678        1.44779        6.83325        0.01181        0.00062        0.00908        0.93705      166.73031        0.03387        0.03173       28.13570        0.45312        0.76453        0.93485        6.84377        0.01147        0.00784        0.00220      300.00000        0.48987
   11    1    1     2071.63727     8275.58111     3391.93451        3.26468       56.50913        0.00390        0.03269        1.40818       41.80000        7.97716        0.32915        1.40542        5.72908        0.00803        0.01006        0.00270        4.95427       57.03915        0.00397        0.04288       39.01188        0.98785        3.77515        4.94173        4.44961        0.00503        0.00002        0.01254      300.00000       72.24140
   12    1    1     2135.57687     1929.99110      925.05304        5.52790      122.48473        0.01832        0.04164        0.40709       25.20000        0.20500        1.32942        0.40515       11.11073        0.03026        0.01325        0.00187        0.07780      124.62432        0.01892        0.04719       22.71540        0.60974        1.25680        0.06686       11.11790        0.02992        0.00462        0.01093      300.00000       15.32218
   13    1    1     2734.67338   933164.44699   323448.30189        7.59714       98.40847        0.01183        0.00866        0.48426       37.90000      882.40346        1.25246        0.48211        2.83765        0.00202        0.00117        0.00221      135.16379       98.37865        0.01182        0.00859       37.87916        0.12043      748.85346      135.16340        2.82507        0.00199        0.00298        0.00039      300.00000        1.10545
   14    1    1     3207.17879     4531.09652      765.06170        5.74726       82.88511        0.00839        0.01701        1.71889       48.90000        3.25465        0.05812        1.67644       11.64986        0.03513        0.00146        0.04241        1.64527       84.40378        0.00870        0.01678       48.90723        3.22704        0.16081        1.60144       11.62860        0.03503        0.00001        0.04383      300.00000        8.73367
   15    1    1     1699.47725     2026.58596      681.75051        8.39048      145.22420        0.02576        0.01083        1.24746       31.10000        0.63238        0.49425        1.24031        2.73534        0.00189        0.01423        0.00713        0.48376      145.07133        0.02566        0.01086       31.10360        0.47729        1.41431        0.47535        2.74154        0.00190        0.01301        0.00841      300.00000        0.03121
   16    1    1     6434.88640     1594.17124      579.27625        0.84092       16.30750        0.00032        0.04561        1.23543       22.60000        0.14298        0.50018        1.23438        5.13887        0.00649        0.00257        0.00108        0.83313        6.70782        0.00005        0.00228       18.50031        0.07577        0.95490        0.83251       16.35583        0.06678        0.00066        0.00063      300.00000      127.10301
   17    1    1     1737.53576   676175.01874   253315.40479        5.97529      152.43777        0.02838        0.05111        0.19919       30.70000      651.73789        1.54436        0.19020        4.03829        0.00396        0.00737        0.00890      388.29317      152.37810        0.02835        0.05141       30.84508        0.83192      264.35773      388.28279        4.13620        0.00433        0.00571        0.01037      300.00000        4.47241
   18    1    1     2110.40313     2374.08994      557.66503        7.12658      128.75818        0.02025        0.01962        1.42184       26.60000        1.06654        0.31233        1.42224        3.77876        0.00353        0.04551       -0.00033        1.74875      128.12805        0.02003        0.01942       26.73265        0.58432        0.49022        1.72692        3.75322        0.00360        0.02328        0.02182      300.00000        0.82033
   19    1    1     1269.04685     8182.16986     3758.53775        7.61827      210.04639        0.05388        0.03896        1.31894       24.90000        7.54211        0.42404        1.31052       14.32518        0.04981        0.03864        0.00843        2.29239      209.67396        0.05347        0.03877       25.16455        0.61590        6.40144        2.26000       14.32579        0.05284        0.01158        0.03240      300.00000        0.15170
   20    1    1     1547.65830    89551.92574    34437.25908        8.74582      147.18167        0.02646        0.00813        0.16634       25.20000       91.95400        1.57995        0.15462        2.16169        0.00119        0.04934        0.01165       52.67597      147.38443        0.02652        0.00814       25.18543        0.09042       40.97395       52.62417        2.16608        0.00122        0.00915        0.05181      300.00000        0.21508
   21    1    1     1336.81470     1684.24277      589.82046        5.82832      195.42743        0.04664        0.09067        0.92195       13.40000        0.04932        0.81570        0.91886        7.83695        0.01502        0.02181        0.00303        1.26427      195.47766        0.04651        0.09024       13.25543        0.42420        0.11752        1.24201        8.03936        0.01654        0.00186        0.02226      300.00000        3.65980
   22    1    1     2111.02428    15345.54599     6451.03154        5.42269      132.93311        0.02158        0.05181        0.30241       21.60000       15.80464        1.43961        0.29495        2.35145        0.00134        0.00143        0.00740       12.56269      131.79282        0.02116        0.05778       17.48121        0.75082        4.21684       12.56232        4.91516        0.00595        0.00759        0.00036      300.00000       34.01523
   23    1    1     1241.84527     2720.03701     1170.84554        8.31807      199.78822        0.04875        0.02171        0.67795        7.90000        1.04449        1.05643        0.67813       23.22978        0.13419        0.01447       -0.00028        0.58239      200.04594        0.04867        0.02173        8.08688        0.10477        2.10803        0.56641       23.23010        0.13000        0.00240        0.01598      300.00000        0.39114
   24    1    1     1785.57718     1659.27807      709.60259        5.73990      146.58572        0.02624        0.05341        1.44753        3.60000        0.15425        0.28656        1.44800       15.16450        0.05710        0.02715       -0.00048        0.73696      146.36658        0.02606        0.05354        3.46099        0.02704        1.14160        0.72011       15.16688        0.05538        0.01165        0.01685      300.00000        5.35533
   25    1    1     2836.55646     3671.63471     1631.76602        5.58770      100.60772        0.01236        0.02723        0.49524       13.20000        2.45512        1.27568        0.45888        9.58318        0.02370        0.06471        0.03639        2.74295       93.92678        0.01076        0.02235       17.33722        0.13329        1.36824        2.69472        9.57159        0.02162        0.05483        0.04823      300.00000       17.69732
   26    1    1     2234.72849     5131.09668     2159.55316        3.15994       47.18160        0.00272        0.02451        0.47079       33.30000        4.31605        1.26668        0.46788       11.23358        0.03166        0.00598        0.00296        1.88644       59.60172        0.00433        0.05284       37.85191        0.75926        3.41295        1.87879        0.63846        0.00010        0.00248        0.00766      300.00000       66.72362
   27    1    1     3268.05672    49614.02818    21191.62676        5.09998       96.40613        0.01135        0.03229        0.09392       23.10000       51.33969        1.64022        0.09435        8.52339        0.01803        0.01680       -0.00046        5.04623       90.90849        0.01007        0.02378       25.67928        0.09649       47.95576        5.03239        8.39705        0.01792        0.00203        0.01384      300.00000       64.77541
   28    1    1     2362.91881     1493.38466      679.27764        2.37378       47.08285        0.00271        0.04534        1.64975        7.50000        0.12207        0.08448        1.65008        6.12333        0.00932        0.00651       -0.00030        0.60563       52.86892        0.00341        0.03253       11.16555        0.01703        1.24204        0.60613        7.39586        0.01353        0.00602       -0.00051      300.00000       49.34300
   29    1    1     1587.81503     3659.09543     1656.61064        0.56386       15.02422        0.00028        0.08644        0.19856       38.40000        2.38067        1.57812        0.15644        1.18644        0.00033        0.01353        0.04205        0.38586       75.92796        0.00703        0.05170       27.41258        0.37920        3.31369        0.38560       15.76336        0.06120        0.05924        0.00026      300.00000      109.17210
   30    1    1     4162.33081     4978.60428     1683.09840        6.45767       63.44039        0.00492        0.00687        1.23405       37.20000        4.00094        0.51287        1.22169       10.50617        0.02668        0.03600        0.01234        1.26995       64.86565        0.00514        0.00668       37.20240        2.18332        2.32473        1.22742       10.51432        0.02862        0.00389        0.04253      300.00000        1.82175
   31    1    1     2022.90942     1873.96182      694.05512        5.77916      134.24525        0.02201        0.04389        0.58009        7.50000        0.41635        1.16912        0.56544        5.71192        0.00787        0.00419        0.01470        1.67282      132.10436        0.02123        0.04347        9.16042        0.12176        0.35736        1.67317        5.63609        0.00785        0.01904       -0.00035      300.00000       12.26537
   32    1    1     3182.23398     4350.43355     2057.70438        6.49424       87.99814        0.00946        0.01297        0.33657       22.60000        3.34502        1.45792        0.27665        4.95980        0.00642        0.00234        0.05989        1.10195       87.83939        0.00940        0.01363       22.27193        0.03290        3.95897        1.08693        5.02704        0.00609        0.04773        0.01502      300.00000        6.58464
   33    1    1     2899.81880     3307.97427     1355.59085        8.14003       84.17682        0.00865        0.00441        0.58145       23.20000        2.09868        1.16241        0.57216        5.68030        0.00782        0.00109        0.00927        2.48931       83.98009        0.00861        0.00442       23.20427        0.68580        0.66391        2.48354        5.68375        0.00787        0.00459        0.00577      300.00000        4.06224
   34    1    1     3828.19971     8190.91159     3242.29832        2.48944       28.16732        0.00097        0.01467        0.74023       36.80000        7.78754        1.00378        0.73078        8.68360        0.01828        0.01024        0.00954        7.98672       35.86876        0.00157        0.02654       31.26871        0.65375        0.85671        7.98678       11.12809        0.03082        0.01959       -0.00005      300.00000       61.05042
   35    1    1     1896.87470     2078.74988      912.97273        4.12483      113.69815        0.01579        0.07701        0.34154       14.80000        0.51247        1.39247        0.34209        7.31910        0.01326        0.00005       -0.00051        1.18360      107.00265        0.01392        0.05895       17.89079        0.10796        0.96023        1.18412       10.61843        0.02789        0.00005       -0.00052      300.00000        7.53756
   36    1    1      925.70636    35811.09372    15149.67049        8.61601      253.68117        0.07860        0.02728        1.70451       21.30000       37.50207        0.03535        1.69921       10.15609        0.02514        0.00220        0.00525       28.80805      253.76699        0.07855        0.02738       21.28623        0.10072       10.33380       28.80209       10.15824        0.02601        0.00065        0.00597      300.00000        0.33784
   37    1    1     2482.36849     1832.04340      741.13699        6.65245      109.35708        0.01461        0.01840        0.52118       33.00000        0.43184        1.22256        0.51200       10.16590        0.02615        0.01078        0.00919        1.03133      108.98322        0.01447        0.01783       33.18639        0.08185        1.07149        1.01370       10.17013        0.02637        0.00217        0.01763      300.00000        1.67242
   38    1    1     3179.96765     2434.57699     1027.64612        5.44912       98.14321        0.01176        0.02785        0.73106       12.40000        0.82501        1.05126        0.68330       19.21231        0.08714        0.00645        0.04777        0.55391       90.44666        0.00993        0.02652       14.03411        0.52529        1.48164        0.55445       19.33296        0.09275        0.05051       -0.00054      300.00000       53.04773
   39    1    1     3213.56372     4596.35725     2073.05031        5.11401       76.63232        0.00717        0.02025        1.11061       21.10000        3.82188        0.63608        1.09848        7.24402        0.01332        0.00185        0.01208        2.05826       77.61909        0.00735        0.01939       25.60077        0.06115        3.46006        2.04419        4.40045        0.00492        0.00001        0.01407      300.00000       16.58386
   40    1    1     7781.27285     1948.92285      535.37016        5.69966       52.12031        0.00332        0.00690        1.37570       15.00000        0.63323        0.36223        1.37233        6.59401        0.01092        0.00000        0.00345        1.48172       55.48222        0.00376        0.01633       14.17509        0.37311        0.51147        1.48203        2.68289        0.00178        0.00414       -0.00031      300.00000      135.38605
   41    1    1     2130.68307     4404.02245     1916.74636        5.77720      125.75349        0.01931        0.03855        0.13568       15.90000        3.58716        1.59908        0.13548       15.40914        0.05918        0.00820        0.00029        1.52561      127.18412        0.01971        0.03843       15.77343        0.41181        3.39371        1.51595       15.40299        0.05750        0.00040        0.00966      300.00000       10.70937
   42    1    1     1571.94793     1882.95702      585.19897        6.02252      165.88910        0.03361        0.05905        1.12527       14.20000        0.36107        0.60889        1.12568        3.26109        0.00263        0.00132       -0.00039        0.69611      166.07888        0.03356        0.06051       13.61604        0.58362        0.81467        0.69651        2.86499        0.00204        0.00133       -0.00039      300.00000        0.99290
   43    1    1     2208.43931     1659.59189      707.11210        2.10975       52.32382        0.00334        0.07178        0.57701        5.60000        0.00289        1.15762        0.57695        7.48235        0.01380        0.02889        0.00008        0.67209       38.81891        0.00183        0.02070       16.67092        0.63383        0.43873        0.65161       17.77382        0.07583        0.01232        0.02048      300.00000       86.92599
   44    1    1     7050.15513     1568.27007      536.74785        0.67005        4.27677        0.00002        0.00495        1.16655       13.30000        0.11505        0.63041        1.10416       10.75829        0.02713        0.00045        0.06231        1.12767       17.75342        0.00038        0.00344       21.12386        0.25419        0.50166        1.10509        8.93399        0.02042        0.03679        0.02258      300.00000      134.00434
   45    1    1     2306.23880     4347.54434     1776.31153        6.36649      117.77692        0.01694        0.02486        0.46690       30.50000        3.33534        1.35019        0.38437        2.42768        0.00137        0.00311        0.08259        3.22542      116.54740        0.01657        0.02337       31.11971        0.25629        1.63128        3.18432        2.24479        0.00130        0.04447        0.04110      300.00000        3.45328
   46    1    0      201.28369***************410404350.52043        0.00810        0.08898        0.00000        0.01475        0.19785       34.80000  1002106.81521        1.55586        0.18471        1.50854        0.00058        0.00001        0.01314   387246.29429        0.00000        0.00000        0.00000       33.90363        0.00279   614862.32755   387246.29429        0.00000        0.00000        0.00000        0.00000      300.00000        0.00000
   47    1    1     1558.49617     1700.14059      715.10516        6.93964      174.59246        0.03723        0.04008        1.59909       25.10000        0.12313        0.13585        1.59871        1.64199        0.00067        0.00712       -0.00083        0.72127      174.24070        0.03686        0.04074       25.00999        0.30684        0.83020        0.72043        1.63243        0.00065        0.00662        0.00084      300.00000        0.80158
   48    1    1     3148.59905     2269.50415      624.33900        5.16560       93.08704        0.01058        0.02908        1.33766       20.80000        0.83681        0.40004        1.33452        9.29030        0.02166        0.03526        0.00310        1.11356       80.44389        0.00788        0.03240       27.13580        1.07712        0.41971        1.09164        3.88829        0.00387        0.01656        0.02192      300.00000       78.50501
   49    1    1     2045.52392     1555.47865      485.91856        1.23488       27.81732        0.00095        0.06103        1.46995        8.80000        0.09218        0.27182        1.46275        5.91002        0.00849        0.00107        0.00713        0.94498       20.85876        0.00053        0.02737       15.09113        0.18159        0.68648        0.94465       15.10360        0.05688        0.00766        0.00033      300.00000      133.29650
   50    1    1     2737.27082     1524.55117      640.31329        2.41319       55.52079        0.00376        0.06088        0.15052       19.20000        0.07215        1.58560        0.14897        5.62859        0.00777        0.00011        0.00150        0.37555       58.59607        0.00419        0.01525       36.32447        0.16950        1.30895        0.37421        5.15567        0.00665        0.00071        0.00134      300.00000       36.65555
   51    1    1     1856.24335     7640.58417     3522.62144        2.01437       38.47046        0.00181        0.04274        0.10071       24.60000        7.22554        1.65163        0.08293        3.93606        0.00395        0.00393        0.01777        6.16162       51.34268        0.00321        0.05480       41.24829        0.26266        2.53233        6.15461        3.50313        0.00310        0.01257        0.00701      300.00000      103.28552
   52    1    1     1451.63391   421246.56676   162227.58798        4.88046      152.60316        0.02844        0.09097        0.66925       18.30000      412.27985        1.11635        0.61822       16.52037        0.06432        0.00094        0.05101       93.71552      155.45082        0.02950        0.09887       16.97158        0.10657      320.20208       93.70492       15.59437        0.05888        0.03878        0.01060      300.00000        5.46993
   53    1    1     2439.55374     1790.65519      651.01578        0.32052        9.57368        0.00011        0.10885        0.40569       33.30000        0.09748        1.32945        0.40512       17.61895        0.07635        0.00370        0.00061        0.45965       39.28556        0.00188        0.01337       34.07764        0.07156        1.31971        0.45358       25.22462        0.15490        0.00055        0.00606      300.00000      102.91180
   54    1    1      791.40031     1680.66786      575.32721        8.44334      307.66269        0.11561        0.04656        0.61604        3.80000        0.00987        1.12011        0.61445        6.51443        0.01041        0.00499        0.00157        0.67743      307.71478        0.11542        0.04674        3.89528        0.03068        1.03585        0.67794        6.51004        0.01050        0.00696       -0.00051      300.00000        0.22971
   55    1    1     1924.58437     2469.05823     1118.73284        7.48930      137.51819        0.02310        0.01808        0.57103        8.10000        1.01968        1.16821        0.56635       13.42180        0.04533        0.00007        0.00470        0.36320      137.43270        0.02305        0.01818        8.01760        0.28602        2.10554        0.36261       13.42138        0.04495        0.00454        0.00059      300.00000        1.39369
   56    1    1     2971.27601     9061.47534     3996.48217        2.21772       23.79831        0.00069        0.01337        0.76848       31.90000        9.46224        0.98033        0.75423        0.71630        0.00013        0.01811        0.01424        4.19444       33.90589        0.00140        0.01845       32.04157        0.48849        6.50797        4.18838        2.89650        0.00212        0.03047        0.00606      300.00000      110.08355
   57    1    1     4909.71979     3465.48797     1526.89301        4.75122       59.00427        0.00425        0.01458        0.30463       12.20000        2.37634        1.43135        0.30321        9.14204        0.02051        0.02496        0.00138        1.78132       51.72262        0.00326        0.01152       18.34730        0.08423        2.25921        1.77820        7.47698        0.01403        0.02306        0.00312      300.00000       49.93822
   58    1    1     2404.38586     4104.57240     1952.66226        8.60103       98.68934        0.01190        0.00418        0.27008       17.40000        2.99616        1.47228        0.26228        5.01733        0.00636        0.00039        0.00772        2.14814       98.69867        0.01189        0.00420       17.39262        0.10648        2.47718        2.14705        5.01752        0.00629        0.00718        0.00109      300.00000        0.18551
   59    1    1     7183.84151     2172.09007     1005.20985        3.38179       54.07073        0.00357        0.02765        0.85632       16.10000        0.68131        0.89766        0.83690        9.30335        0.02210        0.00478        0.01945        1.69560       44.99386        0.00247        0.00366       26.25843        0.04603        0.71092        1.67894       10.20894        0.02655        0.00815        0.01666      300.00000       77.89431
   60    1    1     1765.16077     2095.97986      797.22810        3.86628       83.19505        0.00845        0.04810        0.12414       22.00000        0.61503        1.60994        0.12463       10.54925        0.02761        0.00004       -0.00044        0.93518       77.72278        0.00734        0.07668       15.73997        0.34997        1.04961        0.93559        7.65775        0.01449        0.00003       -0.00041      300.00000       49.14591
   61    1    1     1561.09904     5492.76452     2616.07958        7.15006      174.29178        0.03710        0.03547        0.39534       18.30000        4.13896        1.35126        0.38331        3.17922        0.00244        0.07139        0.01208        0.74222      175.29070        0.03747        0.03668       17.41077        0.01548        5.15036        0.70609        3.16753        0.00238        0.04741        0.03613      300.00000        1.45766
   62    1    1     5583.33723     6574.02716     2958.71265        0.93577       17.91268        0.00039        0.04436        0.34858       22.40000        5.93035        1.39705        0.33752        4.64994        0.00548        0.03689        0.01105        6.89100       22.74124        0.00063        0.04752       26.64353        0.23562        0.54386        6.87903        5.91169        0.00887        0.03561        0.01197      300.00000      159.51787
   63    1    1     1445.05365     1664.31187      631.95660        0.12730        3.29330        0.00001        0.08172        0.87338        3.40000        0.02368        0.89785        0.83671       12.48938        0.03704        0.03418        0.03676        1.16680        8.60923        0.00009        0.09041       13.76923        0.18821        0.42579        1.13197       12.62944        0.04112        0.03545        0.03483      300.00000      167.95265
   64    1    1     4445.70431     1592.37594      755.88930        6.94959       62.02484        0.00470        0.00503        1.00162       22.80000        0.09760        0.73534        0.99922        2.47751        0.00150        0.00555        0.00240        1.73036       62.02961        0.00469        0.00502       22.79285        0.05761        0.04376        1.73078        2.50464        0.00156        0.00835       -0.00042      300.00000        3.11705
   65    1    1     1398.20475     2182.64053      907.74668        6.87062      192.09214        0.04507        0.05040        0.55150        8.10000        0.54996        1.19033        0.54423       13.40018        0.04364        0.04029        0.00729        0.81947      191.62651        0.04468        0.05049        8.42194        0.12358        1.34410        0.81712       13.40062        0.04500        0.04387        0.00235      300.00000        0.71302
   66    1    1     6124.33249     1641.95017      765.32413        7.72494       45.09756        0.00248        0.00168        0.85788        8.80000        0.04018        0.88350        0.85107       14.74918        0.05291        0.03866        0.00679        0.90605       45.57563        0.00253        0.00164        8.80293        0.03046        0.85375        0.89057       14.74969        0.05244        0.03045        0.01548      300.00000        2.79521
   67    1    1     2459.29692     1633.16944      604.40375        2.93795       48.29093        0.00285        0.03015        0.91456       20.30000        0.13368        0.81992        0.91465        7.48707        0.01395        0.00166       -0.00006        1.24708       73.34722        0.00656        0.02957       10.10043        0.17496        0.43262        1.24679       10.08232        0.02535        0.00062        0.00030      300.00000       44.18635
   68    1    1     2123.53414     2658.43162     1082.66644        5.81757      119.29600        0.01738        0.03398        0.54094       20.90000        1.21847        1.19734        0.53722        6.37555        0.00993        0.00004        0.00360        0.99476      121.36529        0.01798        0.03424       20.48869        1.02936        0.93140        0.99139        6.41674        0.01006        0.00029        0.00338      300.00000        0.66855
   69    1    1     3503.84634     4848.10863     2473.13339        6.09635       78.97886        0.00762        0.01288        0.89244       10.90000        3.65673        0.85509        0.87948        1.30776        0.00041        0.01753        0.01288        1.37183       75.50691        0.00695        0.00997       13.76762        0.09155        3.93499        1.36837        1.32122        0.00043        0.02699        0.00346      300.00000        4.24335
   70    1    1     1347.96484     2918.19396      772.01439        0.62031       15.96783        0.00031        0.08062        0.82383       26.10000        1.48880        0.94400        0.79056       15.65393        0.05831        0.00015        0.03328        1.45564        2.76024        0.00001        0.08641       30.58088        1.45948        0.34329        1.42340       14.49426        0.05003        0.00116        0.03224      300.00000      167.88238
   71    1    1     1988.07756     1722.85512      713.61227        8.36139      125.27833        0.01917        0.00825        1.29559       19.70000        0.32421        0.48571        1.24885       10.72015        0.02714        0.00379        0.04670        0.47426      125.46612        0.01921        0.00852       19.53967        0.06053        1.56786        0.43007       10.72069        0.02718        0.00631        0.04418      300.00000        0.31242
   72    1    1     2038.99962   205512.27610    81690.13959        0.98338       18.66211        0.00043        0.04356        1.47773       38.10000      205.03616        0.25630        1.47826        3.90130        0.00377        0.00777       -0.00050       95.03114       10.94272        0.00015        0.02958       36.75567        0.09373      111.65304       95.03138        4.47362        0.00498        0.01314       -0.00024      300.00000      152.01376
   73    1    1     2028.90564     1459.64668      647.23875        6.36682      133.58671        0.02180        0.03197        0.40524       12.60000        0.04406        1.33969        0.39487        7.29294        0.01347        0.01629        0.01041        1.59980      133.51623        0.02171        0.03059       13.76921        0.07714        0.10912        1.59392        7.27986        0.01290        0.02126        0.00589      300.00000        3.37464
   74    1    1     1980.20670     1873.50838      588.05799        6.46535      133.59974        0.02180        0.03035        0.95745       18.20000        0.34671        0.84044        0.89412       14.35359        0.04827        0.02506        0.06331        0.92867      134.12506        0.02194        0.03067       17.96766        0.35352        0.83923        0.88809       14.35415        0.04882        0.04723        0.04059      300.00000        0.42883
   75    1    1     3649.48472     3609.40169     1481.45538        3.60559       57.05033        0.00398        0.02660        0.48784       32.70000        2.35462        1.25946        0.47510        6.92639        0.01218        0.00841        0.01274        1.18230       61.16296        0.00456        0.01034       37.20438        1.20702        1.71589        1.18222        6.83790        0.01152        0.02147        0.00008      300.00000       10.44963
   76    1    1     2908.88424   192805.88568    79868.41406        8.18874       87.79508        0.00941        0.00463        0.71210       37.80000      194.14273        1.04324        0.69132        7.46660        0.01338        0.01459        0.02079      166.29065       87.81581        0.00941        0.00464       37.84544        0.07638       29.53408      166.26696        7.45917        0.01332        0.01165        0.02369      300.00000        0.67273
   77    1    1     2035.99546     1592.72375      637.09370        1.19099       22.87579        0.00064        0.04442        0.16100        6.00000        0.07563        1.58229        0.15228       14.41216        0.05040        0.00007        0.00862        0.57127       54.63890        0.00365        0.03585       26.47099        0.05580        1.21368        0.57155       10.24157        0.02607        0.00813       -0.00028      300.00000      104.62356
   78    1    1     1691.43690   126665.60934    51787.00646        1.01036       19.09797        0.00045        0.04319        0.87293       34.80000      128.44803        0.86672        0.86784       19.00559        0.08805        0.00331        0.00516      102.42291       43.89313        0.00235        0.05806       36.70685        0.14855       27.59768      102.41870       18.99184        0.08804        0.00509        0.00421      300.00000      134.36099
   79    1    1     2043.59439     1822.91531      878.31634        3.97774      110.27243        0.01485        0.07901        0.43725        3.50000        0.01847        1.30650        0.42807       10.69841        0.02896        0.00592        0.00920        0.07565      105.75521        0.01358        0.05336       13.27662        0.87935        0.81707        0.06437       13.87759        0.04883        0.00312        0.01128      300.00000       22.51550
   80    1    1     1471.62037     1842.89215      680.15654        0.44266       10.25898        0.00013        0.06547        1.00656       14.70000        0.22987        0.75671        0.97785       12.76290        0.03887        0.00447        0.02871        1.23262       28.62967        0.00100        0.07522       14.41580        0.23827        0.48957        1.23104       11.94565        0.03570        0.02971        0.00158      300.00000      154.56732
   81    1    1     1889.56471    21461.05781     9343.72124        3.42443       95.84302        0.01122        0.08445        0.37484       26.70000       21.87615        1.36048        0.37408       11.13040        0.03093        0.00135        0.00074       18.69031       96.24794        0.01131        0.04206       37.10079        0.08810        4.84750       18.69027       14.60145        0.05309        0.00706        0.00004      300.00000       17.94464
   82    1    1     2496.02480   187080.99472    77356.89108        4.99917      106.60744        0.01388        0.04166        0.90109       20.80000      185.62741        0.84515        0.88942       16.33411        0.06454        0.00114        0.01165       69.98619      102.51206        0.01283        0.03777       19.05401        0.01698      117.36079       69.98262       17.91821        0.07845        0.00177        0.00357      300.00000       30.42946
   83    1    1     1854.97781     1548.62232      637.41810        7.48664      143.96249        0.02531        0.01985        0.48912        4.60000        0.11591        1.24555        0.48902        6.77684        0.01132        0.03259        0.00013        1.18648      144.09305        0.02531        0.02014        3.89653        0.06290        0.61814        1.16913        6.77369        0.01104        0.01564        0.01735      300.00000        0.46087
   84    1    1     1283.79482    79667.67248    31142.15827        5.34079      193.90322        0.04592        0.11507        1.67884       36.20000       82.57803        0.05530        1.67926        0.34897        0.00003        0.00544       -0.00045       18.12736      195.86722        0.04672        0.11624       35.90089        0.05841       66.12921       18.12302        1.06441        0.00028        0.00041        0.00434      300.00000        4.88298
   85    1    1     1945.37203     4221.13766     1464.16493        4.26883       81.41021        0.00809        0.03632        1.17366       25.70000        3.26814        0.57097        1.16360       13.51856        0.04428        0.00174        0.01010        3.59124      104.39469        0.01330        0.08078       22.02862        0.52326        0.87811        3.58604        6.48621        0.01059        0.00593        0.00521      300.00000       29.20763
   86    1    1     8714.62982     5190.10537     2304.98655        2.72672       26.62841        0.00087        0.01078        1.33405       18.20000        4.41333        0.39998        1.33459        5.19360        0.00668        0.00483       -0.00057        3.90338        6.62355        0.00005        0.00815       34.67935        0.51085        1.74797        3.89922        0.53749        0.00007        0.00004        0.00416      300.00000       40.48321
   87    1    1     2427.37544     1591.25673      628.67947        7.75476      108.11274        0.01428        0.00946        0.65140       26.40000        0.13141        1.08468        0.64989       16.59452        0.06756        0.00377        0.00149        1.17013      108.21966        0.01428        0.00967       26.34773        0.11135        0.58486        1.16963       16.59456        0.06872        0.00356        0.00050      300.00000        0.58941
   88    1    1     1577.13781   439589.18920   169553.85192        3.86819       87.31255        0.00931        0.05291        0.73814       18.60000      428.19920        0.99636        0.73820        1.53127        0.00058        0.00135       -0.00014       95.64969       96.25050        0.01130        0.12637       27.87760        0.02266      334.16735       95.64999        8.47155        0.01772        0.00288       -0.00030      300.00000       50.79916
   89    1    1     1596.69292    10980.56056     5175.31946        8.91493      137.24024        0.02300        0.00594        1.39792       13.50000       11.22892        0.34129        1.39328        3.88044        0.00367        0.00030        0.00467       12.38010      137.12580        0.02295        0.00597       13.49577        0.16241        0.42072       12.38034        3.88124        0.00372        0.00516       -0.00024      300.00000        0.34382
   90    1    1     2193.14395     1590.77520      691.81653        2.69878       62.25035        0.00473        0.06025        0.62435       13.00000        0.00891        1.12000        0.61456        4.32124        0.00473        0.00254        0.00983        0.40858       23.02137        0.00065        0.01828       30.97182        0.13677        1.24907        0.40431        3.99034        0.00400        0.00816        0.00428      300.00000      102.62393
   91    1    1     2033.38313     7598.78519     3290.50885        4.99794      117.67775        0.01691        0.05079        0.43414       33.60000        7.06289        1.31675        0.41782        8.76190        0.01849        0.03576        0.01638        7.84789      122.52114        0.01832        0.06337       32.18090        0.37080        0.58429        7.83622        6.43057        0.01000        0.04107        0.01166      300.00000       20.15111
   92    1    1     2099.97292     2267.69422      940.40436        8.28336      120.32039        0.01768        0.00809        0.30001        9.80000        0.89221        1.44275        0.29181       11.13873        0.03136        0.01296        0.00823        0.89669      119.88338        0.01755        0.00793       10.09326        1.18978        0.56087        0.87643       11.13892        0.03170        0.00055        0.02026      300.00000        0.80443
   93    1    1     2217.75091     1672.65574      783.27774        4.92425      104.13241        0.01324        0.04137        1.37769        6.00000        0.05358        0.35663        1.37794        6.72580        0.01125        0.05313       -0.00021        0.31165       83.07485        0.00837        0.05253       11.77041        1.08538        0.43070        0.27457        3.12275        0.00232        0.01596        0.03708      300.00000        3.37122
   94    1    1     3219.56205     1581.17499      726.03484        4.90345       79.11292        0.00764        0.02415        1.49778        3.40000        0.00182        0.25388        1.48068        4.38764        0.00491        0.00073        0.01711        0.76506       76.29479        0.00710        0.02198        4.10393        0.00753        0.97007        0.75899        5.42932        0.00718        0.01199        0.00606      300.00000       30.58387
   95    1    1     2303.68224     1874.33241      805.09531        5.07134      103.33282        0.01304        0.03767        1.02679       16.40000        0.11335        0.70730        1.02726       22.16807        0.12157        0.00609       -0.00052        0.24973       95.21881        0.01105        0.03337       20.99847        0.97018        0.64053        0.24643       21.94475        0.12092        0.00003        0.00330      300.00000        2.01086
   96    1    1     1010.65232     1677.52147      624.51475        8.30447      247.39551        0.07475        0.03364        0.50193       20.00000        0.15821        1.23537        0.49920        3.45968        0.00293        0.01049        0.00268        0.62438      247.23131        0.07412        0.03417       20.05380        0.30043        0.96839        0.62406        3.45537        0.00294        0.01289        0.00032      300.00000        0.27764
   97    1    1     2241.04064     1506.50260      627.12848        7.46740      121.51072        0.01803        0.01431        0.86898       19.10000        0.05802        0.87341        0.86116        3.51862        0.00301        0.00396        0.00779        1.35242      121.30895        0.01793        0.01497       18.80768        0.05848        0.38907        1.34446        3.52163        0.00313        0.00372        0.00795      300.00000        1.28905
   98    1    1     2540.23988     3239.72996     1296.23099        3.51080       67.64059        0.00559        0.03975        0.66928       14.70000        2.20957        1.07803        0.65653        9.59627        0.02225        0.00385        0.01282        3.21672       54.85588        0.00366        0.02746       21.37154        0.39637        0.38266        3.20269        0.66047        0.00011        0.00132        0.01403      300.00000       16.77998
   99    1    1     2959.15425     6023.35794     2802.26664        3.00212       54.82047        0.00367        0.03705        0.09357        9.10000        5.35942        1.67700        0.05756        9.73107        0.02250        0.01048        0.03608        1.42282       33.87937        0.00140        0.01144       19.59618        0.23918        5.42023        1.41533       17.15887        0.07435        0.03427        0.00748      300.00000       74.18909
  100    1    1     6816.05262     2660.42926     1096.38696        0.59339        5.22231        0.00003        0.00943        0.27418       15.50000        1.53398        1.48045        0.25412       13.39744        0.04310        0.04546        0.02009        1.82577       15.57876        0.00030        0.00202       25.35584        0.30325        1.22042        1.77474        9.85504        0.02289        0.01199        0.05103      300.00000      135.35017
