    1    1    1     5451.45298     1582.84285      783.82344        5.82127       83.85434        0.00859        0.01675        1.06870        7.60000        0.26793        0.66637        1.06819        4.97313        0.00617        0.00119   -33197.38329        0.99775       76.03103        0.00706        0.01574        7.13574        0.11557        0.88957        0.99789        5.67126        0.00793        0.00209       -0.00014      300.00000      161.42222
    2    1    1     1385.28145     2952.26044      657.34009        3.44952      127.51236        0.01986        0.14703        1.06416       19.20000        1.52873        0.67520        1.05936       14.18558        0.04907        0.01444        0.00483        2.26429      123.85333        0.01857        0.11280       23.25518        0.80588        0.21704        2.24936       17.60554        0.07885        0.00105        0.01493      300.00000        8.68840
    3    1    1     3561.91457     3764.06739     1494.04625        5.12306       80.75047        0.00796        0.02238        0.56968       27.20000        2.46858        1.16726        0.56730       10.72020        0.02814        0.04711        0.00244        2.19340       85.74696        0.00895        0.02129       28.27884        0.98095        1.03911        2.18356       10.65182        0.02750        0.03994        0.00983      300.00000       55.26205
    4    1    1     3504.46454     2266.25288      588.63431        5.47865       72.94867        0.00650        0.01515        1.53462       21.10000        1.01773        0.20276        1.53181        4.97527        0.00621        0.00056        0.00281        0.94685       79.07173        0.00759        0.02473       17.45308        0.70731        1.09078        0.94698        3.26442        0.00263        0.00364       -0.00012      300.00000       32.21357
    5    1    1     1665.00775    87748.70614    34393.60403        4.67262      140.78502        0.02421        0.08667        0.42831       32.80000       90.20758        1.32876        0.40581        7.33179        0.01288        0.00054        0.02247       27.46319      138.55376        0.02337        0.07959       32.55110        0.15101       64.34045       27.44236       10.89243        0.03032        0.00098        0.02083      300.00000       10.10938
    6    1    1     1286.31733     1877.14597      748.11810        8.06131      200.54851        0.04912        0.02647        0.76468        7.80000        0.29124        0.97782        0.75674        8.99982        0.02047        0.10618        0.00792        0.88646      200.31996        0.04888        0.02686        7.47874        0.11957        1.09246        0.81353        8.99953        0.01890        0.04285        0.07293      300.00000        0.09326
    7    1    1     1467.39195     1753.40774      712.00022        7.94282      177.70574        0.03857        0.02257        0.44563       24.30000        0.19137        1.33370        0.40087        8.23554        0.01604        0.00694        0.04480        0.89795      177.58272        0.03846        0.02223       24.46577        0.10886        0.96955        0.84793        8.23858        0.01763        0.00013        0.05001      300.00000        0.19578
    8    1    1     2392.84677     3691.45754     1541.86038        5.30560      113.86617        0.01584        0.04042        1.26555       30.00000        2.33093        0.46877        1.26580        6.38834        0.01007        0.08122       -0.00021        3.16315      117.29231        0.01678        0.03846       29.96876        0.51193        0.39066        3.16306        6.65807        0.01092        0.08088        0.00009      300.00000       26.27328
    9    1    1     4326.64235     4078.77498     2088.74706        0.09636        1.21099        0.00000        0.01929        0.64178       16.70000        3.25247        1.09373        0.64084       13.42519        0.04429        0.03130        0.00086        0.23039       28.82139        0.00101        0.00332       27.68004        0.99657        3.80732        0.21219       12.03849        0.03485        0.00938        0.01820      300.00000      105.81200
   10    1    1     1686.13877     1581.28787      690.59640        0.07774        1.54082        0.00000        0.04797        0.32315        8.50000        0.02344        1.43356        0.30100        6.71723        0.01154        0.00659        0.02211        0.88032       14.79049        0.00027        0.05162        5.56725        0.01208        0.88472        0.85979        6.22286        0.00989        0.00738        0.02053      300.00000      167.87724
   11    1    1     1867.99852     1744.15069      581.45193        4.51257      117.31901        0.01681        0.06574        0.50018       15.30000        0.12353        1.23519        0.49937       20.14212        0.09974        0.01700        0.00073        0.89838      118.18396        0.01693        0.06916       14.79229        0.16568        0.79669        0.89705       19.66622        0.09671        0.01463        0.00134      300.00000        8.71850
   12    1    1     3147.69222     1760.45753      824.00839        7.02249       86.11708        0.00906        0.00931        0.89717       33.90000        0.06101        0.85704        0.87752        8.81975        0.01986        0.02550        0.01964        1.57867       85.92993        0.00899        0.00941       33.89297        0.06582        0.15352        1.57619        8.81957        0.01950        0.04302        0.00248      300.00000        0.36593
   13    1    1     1693.15285     1652.18703      494.80764        8.53176      143.33701        0.02509        0.00938        0.89488       10.70000        0.24143        0.84709        0.88748        5.91069        0.00882        0.01411        0.00742        0.74533      143.44511        0.02511        0.00929       10.80409        0.49373        0.75110        0.73127        5.91129        0.00843        0.00780        0.01406      300.00000        0.99818
   14    1    1     1956.90115     1576.31258      583.99612        7.69527      135.97729        0.02258        0.01555        0.59258       18.40000        0.08238        1.14428        0.59029       10.72842        0.02885        0.03587        0.00229        0.62797      136.35775        0.02269        0.01594       18.09966        0.04876        1.13961        0.62802       10.72847        0.02865        0.03846       -0.00005      300.00000        0.50024
   15    1    1     9924.26391     1539.09155      644.60322        0.95490       11.24644        0.00015        0.01679        1.34632        9.40000        0.03065        0.39016        1.34440       16.99767        0.07082        0.01360        0.00191        1.37873        6.84592        0.00006        0.01211       17.59607        0.33892        0.05984        1.37184       17.16626        0.07436        0.00447        0.00689      300.00000       70.68903
   16    1    1     4269.41402     1417.32186      636.45903        2.40807       15.49476        0.00029        0.00476        0.59678       16.20000        0.02461        1.15131        0.58326        0.88777        0.00019        0.03087        0.01357        0.64535       12.43371        0.00019        0.01252        8.73091        0.29063        0.85470        0.60221        4.18773        0.00415        0.00126        0.04314      300.00000      124.20174
   17    1    1     1813.61275     6132.39862     2956.82351        0.28148        5.43402        0.00004        0.04548        0.21804       43.60000        5.16241        1.58208        0.15248        2.69360        0.00190        0.01096        0.06559        3.26512        8.95227        0.00010        0.05504       34.38465        2.43162        1.19844        3.24580        5.83610        0.00818        0.06239        0.01931      300.00000      168.99923
   18    1    1     4757.08099     9912.24882     4526.82592        2.26024       20.62382        0.00052        0.00965        1.23265       17.10000        9.78580        0.50498        1.22958        7.23310        0.01313        0.03475        0.00307        9.53102       24.34417        0.00072        0.02056       31.69910        0.23258        1.72744        9.51020       10.31043        0.02551        0.04364        0.02082      300.00000      116.75705
   19    1    1     2225.22021     1745.38277      656.47723        5.15407      113.82584        0.01582        0.04374        0.76113       23.50000        0.23936        0.97948        0.75509       13.32184        0.04474        0.00119        0.00601        1.36859      113.57582        0.01575        0.04332       24.66495        0.13979        0.47202        1.36379       13.14378        0.04347        0.00251        0.00480      300.00000       17.51300
   20    1    1     2820.10261     2048.14787      555.21792        5.98338       96.63654        0.01141        0.02045        1.01417       26.80000        0.64063        0.73026        1.00431        6.34231        0.01019        0.00261        0.00997        0.46334       95.51155        0.01110        0.01845       27.53092        0.91488        1.00732        0.45505        6.38633        0.01031        0.00432        0.00829      300.00000        8.01216
   21    1    1     5145.12631     1783.77309      503.44274        3.72097       46.64280        0.00266        0.01653        0.93425       12.70000        0.41896        0.79998        0.93459        6.39469        0.01010        0.03181       -0.00025        0.68518       28.21418        0.00097        0.00324       20.84577        0.76760        0.71743        0.68256        6.64621        0.01108        0.02881        0.00261      300.00000       28.52815
   22    1    1     2813.72579     2625.73064      755.20191        3.26454       52.40115        0.00335        0.02811        1.34593       25.80000        1.30545        0.38917        1.34540        3.22923        0.00257        0.00245        0.00059        1.24397       54.40629        0.00361        0.01569       26.93620        1.39216        0.41241        1.24089        6.10232        0.00911        0.00007        0.00309      300.00000       53.81208
   23    1    1     1901.15387    39744.67735    17482.60188        0.76452       19.50334        0.00046        0.07902        0.89186       25.20000       42.09159        0.86339        0.87117       11.37866        0.03309        0.00128        0.02070        8.58142       17.64434        0.00038        0.03868       33.45950        0.21510       35.06690        8.57546       12.92535        0.04211        0.01609        0.00596      300.00000      155.96938
   24    1    1     1598.11926     8532.83859     3907.89371        8.26083      157.22706        0.03019        0.01405        0.57661       19.90000        8.05627        1.15742        0.57714        1.57801        0.00062        0.05766       -0.00048        3.58698      157.13395        0.03008        0.01415       19.89538        0.30031        5.94497        3.54557        1.57017        0.00064        0.01570        0.04141      300.00000        0.13348
   25    1    1     3023.18836     1687.10859      670.63283        3.72352       53.67023        0.00352        0.02186        1.51580        8.40000        0.34658        0.25199        1.48258        1.43041        0.00049        0.02735        0.03321        0.71087       46.99990        0.00269        0.01746        6.65768        0.07248        1.34199        0.65681        7.96108        0.01492        0.00718        0.05406      300.00000       37.82105
   26    1    1     9616.76731     2114.29464      959.82000        4.32620       62.65952        0.00480        0.02083        1.32212        9.50000        0.85739        0.42841        1.30616        1.61310        0.00063        0.00576        0.01596        1.16533       59.82971        0.00437        0.00817       19.96273        0.03433        1.42413        1.14308        3.17333        0.00241        0.00117        0.02225      300.00000       24.99765
   27    1    1      953.96974     1801.99706      702.54671        8.30213      261.27540        0.08337        0.03759        0.11541       27.80000        0.08738        1.61910        0.11547       12.90118        0.04105        0.02569       -0.00006        0.40758      261.40409        0.08332        0.03751       27.85394        0.10676        1.33371        0.38163       12.90124        0.03979        0.00091        0.02595      300.00000        0.09332
   28    1    1     3096.16553     1534.37786      692.76181        4.60492       96.71222        0.01142        0.04245        1.18228        3.00000        0.00148        0.55754        1.17703        3.03629        0.00225        0.00291        0.00521        0.77986      101.15945        0.01244        0.03980        8.81984        0.00411        0.95691        0.77896        1.21274        0.00036        0.00686        0.00090      300.00000      101.89394
   29    1    1     2049.03661     1496.28206      597.75547        3.40120       64.82396        0.00513        0.03923        1.21325       10.60000        0.00560        0.53068        1.20389        2.94946        0.00211        0.00364        0.00927        1.17504       74.44045        0.00676        0.05945       14.21514        0.21827        0.32821        1.17058        4.02124        0.00407        0.00785        0.00447      300.00000       39.42716
   30    1    1     1884.52504     1466.17803      633.34395        7.96430      136.54235        0.02277        0.01313        1.12367       14.20000        0.04096        0.64307        1.09149        6.41130        0.00979        0.00081        0.03214        0.86325      136.10803        0.02262        0.01266       14.69844        0.01927        0.92410        0.83288        6.41160        0.00980        0.00248        0.03037      300.00000        0.76576
   31    1    1     3000.30402     1487.21350      607.91850        4.07164       88.65728        0.00960        0.04831        1.35811       13.40000        0.03248        0.38815        1.34642        5.22223        0.00692        0.02044        0.01159        1.21052       81.33413        0.00805        0.02190       19.70185        0.04255        0.55846        1.17787        9.61323        0.02200        0.00052        0.03265      300.00000       43.50645
   32    1    1     1847.87480     3120.90772     1112.40981        5.61153      139.79858        0.02387        0.05193        0.65117       20.50000        1.85184        1.11546        0.61910        6.30609        0.00947        0.02549        0.03201        0.64428      139.36756        0.02357        0.05180       20.85468        1.68461        1.28573        0.61681        6.21229        0.00991        0.02933        0.02747      300.00000        4.82510
   33    1    1     2785.45178     1552.64994      611.55527        7.71755       97.66788        0.01165        0.00791        1.66452       13.70000        0.07074        0.08564        1.64892        3.57704        0.00308        0.01385        0.01556        0.51342       97.45551        0.01159        0.00745       14.09865        0.15606        1.16559        0.48423        3.57308        0.00328        0.00001        0.02919      300.00000        2.64933
   34    1    1     2135.55653     1624.77256      569.42297        1.39310       33.05074        0.00133        0.06741        0.99549        8.20000        0.18766        0.73869        0.99588        4.88882        0.00591        0.01635       -0.00039        0.48582       42.85768        0.00224        0.02211       27.23407        0.26053        1.22413        0.47022        8.26847        0.01740        0.00062        0.01560      300.00000      100.55852
   35    1    1     6744.77897     1683.39860      790.97620        4.04092       32.86447        0.00132        0.00676        1.64101       30.00000        0.07958        0.12727        1.60730        8.70753        0.01804        0.00189        0.03364        0.51500       64.20061        0.00501        0.02314       18.97517        0.12691        1.16612        0.49129       10.80019        0.02987        0.00983        0.02371      300.00000      135.13679
   36    1    1     3855.16771     2032.72459      831.85202        4.43627       51.76640        0.00327        0.01336        1.70424       20.70000        0.83870        0.04301        1.69156       12.48303        0.03765        0.00035        0.01264        1.14762       64.39964        0.00506        0.01168       21.84889        0.07607        1.36311        1.13744       11.90773        0.03435        0.00269        0.01017      300.00000       14.58964
   37    1    1     3487.75290     2785.22008      773.06660        3.70557       30.93964        0.00117        0.00735        1.06528       27.30000        1.46915        0.67138        1.06319        7.43042        0.01383        0.00433        0.00203        1.34974       32.73163        0.00131        0.01561       28.16223        1.39961        0.46323        1.34334        3.39819        0.00281        0.00019        0.00640      300.00000       91.32263
   38    1    1     3877.19934     2009.65151      822.87750        1.59669       18.31752        0.00041        0.01566        0.68589        9.80000        0.60244        1.05520        0.67937       12.80072        0.03986        0.03651        0.00657        1.84841       28.65776        0.00100        0.00745       19.92109        0.02036        0.51411        1.81339       12.02624        0.03729        0.00735        0.03501      300.00000       94.14538
   39    1    1     2556.63661     1408.20705      685.42311        7.45887      104.53261        0.01335        0.01064        1.27511        3.20000        0.00084        0.46261        1.27196        9.84435        0.02432        0.00180        0.00308        0.40787      105.75915        0.01362        0.01059        2.52954        0.01654        1.31332        0.40535        9.84403        0.02372        0.00299        0.00253      300.00000        0.43921
   40    1    1     4420.86194     1455.33731      600.56790        0.27298        2.64606        0.00001        0.01147        1.08236       26.90000        0.04839        0.65383        1.08074        5.00487        0.00614        0.00185        0.00159        0.19384       12.69298        0.00020        0.01258       24.77205        0.34148        1.24219        0.19338        6.58999        0.01069        0.00306        0.00046      300.00000      166.75785
   41    1    1     1871.25352    26958.71571    12436.00444        8.09342      136.73008        0.02283        0.01202        0.53273       49.50000       28.30361        1.20454        0.53003       12.92060        0.04187        0.00003        0.00268       14.45487      136.72428        0.02281        0.01205       49.49339        0.09361       15.49133       14.45331       12.92070        0.04177        0.00121        0.00156      300.00000        0.19944
   42    1    1     2468.07331     5844.75163     2526.68658        6.72713      111.81486        0.01527        0.01847        1.04408       44.20000        5.09300        0.70023        1.03434        6.93825        0.01219        0.04231        0.00972        2.92836      110.90531        0.01501        0.01853       44.16655        0.80171        3.10750        2.91822        7.02204        0.01249        0.04195        0.01013      300.00000        3.43305
   43    1    1     4056.13147     2881.15158     1289.61645        1.20358       26.41438        0.00085        0.05797        0.49002       12.30000        1.39782        1.24896        0.48561       15.34621        0.05747        0.03712        0.00446        2.45086       32.45161        0.00129        0.00379       10.06224        0.00858        0.69992        2.45086       18.43676        0.08462        0.04116       -0.00000      300.00000       76.00631
   44    1    1     2574.60357     1716.41479      732.10731        6.91544      106.07273        0.01374        0.01499        0.98941       15.00000        0.35641        0.78335        0.95122        1.40587        0.00047        0.00548        0.03821        1.61955      105.97536        0.01368        0.01636       14.19579        0.06254        0.43928        1.58797        1.28609        0.00043        0.01203        0.03157      300.00000        1.90252
   45    1    1     2962.52700     3995.32195     1577.45082        4.40613       36.11288        0.00159        0.00661        0.41824       41.40000        3.04064        1.32074        0.41383       12.40850        0.03757        0.00790        0.00435        1.41345       25.97051        0.00082        0.08505       28.46831        0.59939        2.71808        1.40336        7.74028        0.01451        0.00201        0.01008      300.00000       94.46195
   46    1    1     6051.44917     2223.32787      759.95789        6.07531       62.82831        0.00482        0.00824        0.60299       20.30000        0.96195        1.15140        0.58317        6.81099        0.01114        0.00000        0.01983        2.18543       57.42986        0.00402        0.00680       21.22360        0.24673        0.26660        2.18528        6.84067        0.01153        0.01943        0.00014      300.00000       72.86086
   47    1    1     7517.70750     2030.56515      920.90699        2.48176       26.99385        0.00089        0.01356        1.04412       22.20000        0.47599        0.72512        1.00944       14.12822        0.05146        0.00345        0.03473        2.14333        9.85670        0.00012        0.00824       31.37413        0.11688        0.03115        2.11157        3.43452        0.00304        0.01186        0.03176      300.00000       36.75829
   48    1    1     2037.51549     1850.29881      813.05160        2.43530       54.28848        0.00360        0.05709        0.76648       30.00000        0.26133        0.97436        0.76020        6.70380        0.01094        0.01020        0.00628        0.33311       35.46885        0.00153        0.02315       38.37729        0.36763        1.32740        0.33324        8.01368        0.01598        0.01520       -0.00012      300.00000      102.73544
   49    1    1     2535.98272     1773.36782      820.08153        5.68725      106.91534        0.01396        0.02920        0.46599       33.60000        0.10091        1.28292        0.45164        8.61635        0.01888        0.01647        0.01430        0.56913      109.52255        0.01462        0.03136       32.98294        0.08338        1.18184        0.56820        8.44551        0.01782        0.03019        0.00093      300.00000       16.89051
   50    1    1     2531.65338     1571.72163      724.32822        1.93080       28.67310        0.00100        0.02593        0.51657       14.70000        0.02317        1.22934        0.50523        3.52827        0.00301        0.00042        0.01137        0.27277       20.39827        0.00051        0.02455       24.21402        1.32533        0.16500        0.26746        4.38990        0.00470        0.00660        0.00530      300.00000      150.09077
   51    1    1     2652.49810     5465.12786     2195.37493        5.80986      103.26305        0.01302        0.02556        1.34540       33.70000        4.67662        0.40628        1.32828        4.38764        0.00491        0.00073        0.01716        4.37786      102.09768        0.01271        0.02385       34.62604        1.21605        0.82205        4.37682        3.52922        0.00306        0.01694        0.00104      300.00000       10.87338
   52    1    1     1648.37283     1608.19897      608.05493        1.81894       40.33762        0.00199        0.05808        1.50219       11.20000        0.01581        0.23515        1.49942       15.49337        0.06021        0.00926        0.00274        0.99409       62.69051        0.00478        0.08299       19.93352        0.06588        0.71240        0.98081        9.65466        0.02251        0.00002        0.01328      300.00000       98.06515
   53    1    1     5229.08153     1598.60930      545.51983        6.24605       54.81160        0.00367        0.00574        0.78744       20.60000        0.16619        0.94801        0.78655       16.31486        0.06647        0.00451        0.00084        1.17186       56.60707        0.00391        0.01085       22.84038        0.20566        0.53123        1.16981       14.71242        0.05304        0.00548        0.00205      300.00000       32.48287
   54    1    0      347.65168168673156.45980 60124996.83243        3.99799       71.00906        0.00616        0.03237        0.96106       10.40000   150079.81802        0.77366        0.96152        5.76153        0.00821        0.00101       -0.00040    85824.50530        0.00000        0.00000        0.00000       73.55644        0.01086    64257.10246    85824.50530        0.00000        0.00000        0.00000        0.00000      300.00000        0.00000
   55    1    1     1987.44389     1739.05618      673.82444        7.04443      134.62740        0.02214        0.02247        1.18714        3.10000        0.04109        0.57736        1.15721       27.92505        0.18596        0.00750        0.02921        0.89689      135.68843        0.02243        0.02194        4.04836        0.03481        0.86467        0.87653       27.92497        0.19924        0.00368        0.02036      300.00000        0.63762
   56    1    1     1816.65091     2145.11372      936.90801        5.36493      150.99921        0.02785        0.06890        1.34559       11.70000        0.56497        0.40620        1.32837        5.99843        0.00917        0.01435        0.01715        0.40741      143.26013        0.02506        0.06971       11.34252        0.37720        1.51907        0.40299        6.70892        0.01098        0.02760        0.00442      300.00000       22.76048
   57    1    1     2458.11591   289313.00050   112804.09720        3.51672       42.71583        0.00223        0.01579        0.75636       36.50000      285.75423        1.00117        0.73340        1.85351        0.00082        0.03061        0.02300        9.51109       72.22218        0.00637        0.04668       49.83063        1.90628      276.07680        9.45650        4.38302        0.00500        0.00886        0.05459      300.00000       62.92944
   58    1    1     1497.63920     1940.27335      685.16575        6.66527      182.57778        0.04071        0.05093        1.54508       24.20000        0.27282        0.20056        1.53400       14.75546        0.05270        0.01400        0.01105        1.35307      182.52568        0.04050        0.05062       24.43500        0.39499        0.25965        1.35336       14.75528        0.05414        0.02384       -0.00029      300.00000        2.50756
   59    1    1     1239.35382     1859.65388      695.70361        7.20188      216.44508        0.05722        0.05310        1.44306       22.30000        0.22856        0.29605        1.43851        8.33054        0.01693        0.01064        0.00450        0.87842      216.54713        0.05713        0.05331       22.23770        0.55036        0.53743        0.87519        8.33102        0.01742        0.01150        0.00323      300.00000        0.64251
   60    1    1     3972.00619     1608.36900      679.23475        7.51023       67.13470        0.00550        0.00425        0.67641       10.30000        0.07135        1.05926        0.67531       14.80720        0.05480        0.03535        0.00117        0.21924       67.59104        0.00557        0.00391       10.53829        0.74410        0.85922        0.20285       14.80709        0.05280        0.02209        0.01639      300.00000        0.61513
   61    1    1     4095.78508     5759.67053     2523.67532        1.49324       31.53243        0.00121        0.05325        0.41685       24.60000        4.84554        1.34128        0.39329        9.43986        0.02282        0.00049        0.02356        1.15352       39.28495        0.00188        0.00663       32.57650        3.16679        2.27182        1.14393       16.53691        0.06629        0.01451        0.00959      300.00000       83.06241
   62    1    1     1892.88915    48089.86521    21813.79756        4.12415       80.64765        0.00794        0.03876        0.22511       26.30000       50.78291        1.50895        0.22561        8.40627        0.01754        0.03221       -0.00045       13.35714       75.75192        0.00700        0.06930       21.20912        0.03753       39.10892       13.35522        3.45616        0.00299        0.03053        0.00192      300.00000       46.75492
   63    1    1     1480.75230     1878.78260      612.24841        8.76899      154.10499        0.02900        0.00872        1.15344       30.80000        0.47165        0.59834        1.13622        7.48229        0.01347        0.01208        0.01720        1.57667      154.04970        0.02893        0.00866       30.84044        0.19235        0.45032        1.56368        7.48421        0.01423        0.01556        0.01299      300.00000        0.22007
   64    1    1     2213.03822     1515.63317      567.76227        3.28170       48.83964        0.00291        0.02414        1.37917       10.50000        0.05307        0.38394        1.35062       12.12791        0.03778        0.03256        0.02859        1.63131       57.67988        0.00406        0.05738        9.58448        0.06093        0.14457        1.57826        4.56341        0.00542        0.00991        0.05305      300.00000       63.97411
   65    1    1     3883.55132     1761.14788      837.63721        4.55861       50.67782        0.00314        0.01196        0.27754       19.10000        0.21948        1.49133        0.24323        5.75489        0.00788        0.00002        0.03431        0.72765       48.64851        0.00288        0.02363       19.07041        1.11115        0.13135        0.69218        7.83377        0.01458        0.00011        0.03546      300.00000       13.87607
   66    1    1     1430.85366     2306.36599      674.19069        6.81587      189.04021        0.04365        0.05030        1.59262       31.00000        0.68290        0.20936        1.52521        7.48705        0.01311        0.03206        0.06741        1.92012      188.11745        0.04303        0.04978       31.33587        0.55948        0.01703        1.84206        7.48461        0.01472        0.01984        0.07806      300.00000        0.08542
   67    1    1     2316.02126     3482.63130     1524.50276        6.60795      115.71712        0.01635        0.02110        0.67158       11.80000        2.43202        1.06549        0.66907        9.04835        0.02053        0.01126        0.00256        1.67953      116.91463        0.01666        0.02090       11.72125        0.08286        2.40751        1.67611        9.04600        0.02000        0.01088        0.00342      300.00000        0.98683
   68    1    1     3418.53466    73688.59733    28721.68738        6.21642       80.30954        0.00788        0.01251        0.71415        9.40000       75.66198        1.05249        0.68208        6.87612        0.01126        0.00917        0.03205       56.60163       83.17844        0.00844        0.01173        9.25607        0.01656       20.81665       56.56362        6.87902        0.01123        0.00323        0.03801      300.00000        7.86634
   69    1    1     2357.76087     1960.22397      755.36637        5.44820      115.58035        0.01632        0.03865        1.05508       43.00000        0.54332        0.68382        1.05074        6.70223        0.01096        0.00000        0.00438        0.91216      117.01049        0.01672        0.03922       42.73203        0.09570        1.27205        0.90884        6.81088        0.01165        0.00067        0.00331      300.00000       21.97200
   70    1    1     1814.60944     1906.34847      630.37882        3.21649       72.86150        0.00648        0.05619        1.36060       24.40000        0.58128        0.37605        1.35851        3.85366        0.00364        0.00816        0.00206        0.40900       74.27416        0.00673        0.04142       28.12077        0.31950        1.60373        0.40556        4.36154        0.00478        0.00725        0.00344      300.00000       66.01425
   71    1    1     4074.30462     2600.44299     1050.89547        1.76715       34.32062        0.00144        0.04463        0.68354       38.60000        1.16330        1.05496        0.67961        7.15602        0.01251        0.04497        0.00388        0.68314       47.11496        0.00271        0.00498       47.54679        0.95404        1.34360        0.63626        7.79430        0.01576        0.00112        0.04688      300.00000       41.71843
   72    1    1     1865.53784     1597.35088      584.65780        2.71389       57.22944        0.00400        0.05031        1.17303        4.90000        0.00576        0.59302        1.14154       16.27950        0.06820        0.01483        0.03151        0.80817       41.28629        0.00208        0.07328       23.21395        0.10208        0.85889        0.79815       10.30537        0.02573        0.03893        0.01002      300.00000       85.29629
   73    1    1     3964.91894    27626.56668    11463.86771        0.52993        7.61433        0.00007        0.02514        0.14408       38.70000       28.83417        1.59043        0.14414        8.90568        0.01975        0.00066       -0.00000       12.14795       12.97521        0.00021        0.00320       44.62866        0.51562       17.92611       12.14847        9.21162        0.02103        0.00020       -0.00052      300.00000      145.67705
   74    1    1     1432.86305     3677.46638     1252.99249        2.28785       65.72288        0.00528        0.09551        1.75234       26.50000        2.39043        0.01898        1.71558       12.75650        0.03865        0.01998        0.03670        1.38351       58.08516        0.00410        0.05718       41.62192        1.38745        1.43204        1.36279        9.79314        0.02302        0.03386        0.02071      300.00000      108.65782
   75    1    1     2074.47838     1726.76507      604.20338        1.34314       20.09766        0.00049        0.02685        1.30319       11.90000        0.20794        0.43492        1.29965       12.50395        0.03821        0.00277        0.00355        1.42343       38.05348        0.00177        0.05287       17.56254        0.19560        0.32130        1.42178        8.01442        0.01607        0.00333        0.00165      300.00000      122.84775
   76    1    1     2106.06629     1842.13921      907.98338        0.61318       12.87297        0.00020        0.05363        1.16595       29.00000        0.20277        0.56931        1.16526        5.26842        0.00693        0.01771        0.00073        1.59377       46.16070        0.00259        0.03013       24.00679        0.08551        0.26091        1.58863       10.90024        0.02992        0.01366        0.00513      300.00000      119.23579
   77    1    1     2665.05493     1682.25475      681.44467        1.96863       35.95519        0.00158        0.03916        1.58753       20.90000        0.17094        0.14684        1.58772        4.68098        0.00541        0.02157       -0.00024        0.98244       46.70531        0.00266        0.01177       14.29010        0.18215        0.73131        0.98011       13.36783        0.04479        0.01791        0.00232      300.00000       81.91559
   78    1    1     4661.33133     2748.47943      890.57420        0.64579       13.57938        0.00023        0.05378        1.00270       23.40000        1.33711        0.73335        1.00122       17.37892        0.07555        0.00132        0.00137        1.97457       28.24163        0.00097        0.00227       46.37243        0.46283        0.73408        1.97437       10.18447        0.02585        0.00345        0.00020      300.00000      103.40054
   79    1    1     2451.91500     3418.47742     1622.98714        6.09065      108.36450        0.01434        0.02432        1.41912        8.00000        2.06025        0.31705        1.41751        9.22060        0.02085        0.01488        0.00165        2.50198      111.78730        0.01525        0.02531        5.22632        0.01327        1.28667        2.49298        9.21457        0.02059        0.00773        0.00900      300.00000        6.00430
   80    1    1     3592.67504    18439.07896    10074.27917        5.25983       85.47135        0.00892        0.02333        0.26905       45.90000       17.24983        1.46848        0.26608        5.40225        0.00732        0.00830        0.00299        9.83700       88.72889        0.00958        0.02145       45.76261        0.10177        9.04997        9.83039        6.59726        0.01098        0.00451        0.00661      300.00000       62.46619
   81    1    1     1449.44623     1561.90112      627.68069        7.97725      177.87640        0.03864        0.02208        1.36705        7.70000        0.02634        0.45934        1.27523       10.65722        0.02631        0.02133        0.09175        1.61414      178.30280        0.03883        0.02176        8.01838        0.01041        0.24420        1.50654       10.65826        0.02616        0.00559        0.10760      300.00000        0.29521
   82    1    1     2207.84027     2342.03879     1017.34210        8.28946      112.07222        0.01534        0.00698        0.40171       10.50000        0.96250        1.33350        0.40107       11.23487        0.03150        0.01222        0.00056        1.99287      112.48707        0.01545        0.00695       10.46558        0.33168        0.37935        1.98600       11.23500        0.03069        0.00677        0.00687      300.00000        0.63680
   83    1    1     1702.61348    56017.50585    23184.18424        4.23343      125.88666        0.01935        0.08864        0.34627       21.90000       57.27654        1.39120        0.34337       11.06768        0.02996        0.00005        0.00293       30.21506      124.19965        0.01883        0.07977       18.55100        0.22209       28.57414       30.21522       12.58504        0.03908        0.00304       -0.00016      300.00000        8.09556
   84    1    1     1641.56353     1791.91804      647.10605        3.59430       98.41469        0.01183        0.07973        1.31864       45.10000        0.10629        0.41747        1.31710       14.33666        0.05142        0.00000        0.00151        0.52025      124.81590        0.01899        0.12533       28.17329        0.04875        1.20760        0.52052       15.82897        0.06227        0.00218       -0.00027      300.00000        8.20889
   85    1    1     3234.85961     1662.00350      755.80567        4.43626       60.08138        0.00441        0.01799        0.53647        4.80000        0.00999        1.21637        0.51820       14.72744        0.05533        0.01832        0.01837        0.82609       55.29242        0.00372        0.01957        7.97153        0.09513        0.84834        0.78948       15.93638        0.06554        0.00049        0.03662      300.00000       14.00532
   86    1    1     3264.25000    47120.87541    20473.99417        5.84756       93.15732        0.01060        0.02040        0.51063       20.40000       48.83728        1.22660        0.50797        3.97240        0.00386        0.01182        0.00267        3.08799       89.65464        0.00982        0.01612       21.22592        0.61237       46.88365        3.08097        3.94434        0.00393        0.00733        0.00702      300.00000       24.47750
   87    1    1     1552.91371     4869.87258     2236.89512        3.39112      101.68725        0.01263        0.09719        1.33145       16.10000        3.63712        0.41915        1.31542       11.25547        0.03226        0.00024        0.01605        3.48454      101.78262        0.01258        0.09700       19.84426        0.07637        1.82180        3.46777       12.20252        0.03585        0.00190        0.01677      300.00000       21.97161
   88    1    1     1924.08697     5181.79052     2180.26853        6.95154      141.55484        0.02447        0.02617        0.35471       33.10000        3.98430        1.37938        0.35519       16.53128        0.06754        0.03304       -0.00036        3.20404      140.31708        0.02402        0.02581       33.30997        0.78653        1.72869        3.20433       16.53305        0.06792        0.03262       -0.00029      300.00000        0.78076
   89    1    1      905.41441     4183.89221     2082.52388        8.35256      273.34363        0.09125        0.03955        0.80890        6.70000        2.48548        0.92519        0.80938       12.86482        0.04095        0.00025       -0.00043        0.92020      273.56149        0.09123        0.03971        6.52486        0.09836        3.20103        0.92054       12.86483        0.04088        0.00016       -0.00034      300.00000        0.08875
   90    1    1     2196.19185   141426.70603    57202.34657        3.53013       92.49916        0.01045        0.07340        0.04939       31.10000      141.67291        1.72333        0.01123        2.58417        0.00172        0.00000        0.03815       17.57737       56.19103        0.00385        0.02291       23.80727        0.11743      125.68877       17.55633       15.02833        0.05419        0.06675        0.02103      300.00000       50.54045
   91    1    1     2166.68498     1618.95277      664.27210        1.17129       25.63343        0.00080        0.05769        0.67568        4.50000        0.01748        1.08973        0.64484       20.14365        0.09671        0.00324        0.03082        1.35055       23.20225        0.00066        0.01503       48.83048        0.16033        0.36367        1.34917        9.22635        0.02129        0.02983        0.00139      300.00000      156.15121
   92    1    1     1128.51232     5181.90418     2322.33247        6.40404      236.28854        0.06819        0.09808        0.25364       15.00000        3.91095        1.48038        0.25418        9.57992        0.02270        0.00609       -0.00046        3.13394      235.22844        0.06728        0.09891       14.94334        0.32740        2.18923        3.12884        9.58493        0.02240        0.00088        0.00510      300.00000        0.35969
   93    1    1     1855.91516     1673.63164      545.99369        4.31374      102.44560        0.01282        0.05606        1.28576        8.30000        0.17568        0.45461        1.27995       14.18148        0.05068        0.01404        0.00585        1.05427       89.29018        0.00973        0.05418       11.63966        0.50547        0.37191        1.03468       14.39123        0.05288        0.00121        0.01959      300.00000       27.15159
   94    1    1     3367.54178    45460.36659    19471.46815        5.47039       89.38924        0.00976        0.02285        1.08501       25.70000       47.03586        0.64957        1.08499        4.05225        0.00409        0.00265       -0.00003       10.27138       89.86273        0.00986        0.02169       24.29445        0.17284       38.32435       10.27190        5.12734        0.00652        0.00312       -0.00052      300.00000       44.54369
   95    1    1     2597.59879    19634.00672    11366.43076        4.49533       67.37639        0.00554        0.02189        0.78070       17.30000       19.11503        0.95522        0.77935        4.91824        0.00605        0.00008        0.00139       12.32631       62.68532        0.00479        0.02911       21.09119        0.12531        8.39561       12.32428        3.62311        0.00322        0.00015        0.00203      300.00000       28.42588
   96    1    1     1496.38597    36611.32463    15885.25855        6.84966      181.90257        0.04041        0.04572        0.23024       32.70000       37.64226        1.50380        0.23077        2.67749        0.00178        0.00054       -0.00048        7.74407      181.70146        0.04031        0.04550       32.75472        0.20054       31.43251        7.74402        2.65278        0.00175        0.00004        0.00005      300.00000        1.40183
   97    1    0      670.85789 28073011.67500  9813845.01507        4.15951       35.11001        0.00151        0.00720        0.64656       13.80000    24282.09041        1.08749        0.64707        7.20258        0.01285        0.00047       -0.00050     4246.44443        0.00000        0.00000        0.00000       40.11232        0.01305    20037.36943     4246.44443        0.00000        0.00000        0.00000        0.00000      300.00000        0.00000
   98    1    1     1460.18592     1756.24210      591.63645        4.81049      163.41370        0.03261        0.10832        0.81050       24.20000        0.03633        0.92452        0.81005       17.80900        0.07913        0.00999        0.00102        0.58006      165.42488        0.03329        0.11486       22.84799        0.07357        1.12003        0.57435       17.31184        0.07552        0.00410        0.00572      300.00000       14.41899
   99    1    0    10122.42732    82245.13835    33116.06839        3.88820       10.89351        0.00014        0.00081        0.61658       17.20000       83.96038        1.12922        0.60534        1.07898        0.00028        0.00065        0.01131       16.47940        0.00000        0.00000        0.00000       21.50027        0.00211       69.22659       16.47940        0.00000        0.00000        0.00000        0.00000      300.00000        0.00000
  100    1    1     2235.49510     1722.72575      584.73963        6.01471      123.85107        0.01873        0.03305        1.61828       31.00000        0.28661        0.11944        1.61512       12.00433        0.03617        0.01129        0.00325        0.60543      121.86281        0.01805        0.03445       30.93504        0.48442        0.93942        0.59713       11.91897        0.03591        0.00591        0.00830      300.00000       10.92772
