    1    1    1     2105.04776     1662.87633      542.70752        1.52188       42.65893        0.00222        0.09374        1.07028       15.40000        0.18566        0.66623        1.06833        3.26108        0.00266        0.00852   -33197.38191        0.97899       50.87431        0.00316        0.02316       20.59235        0.09337        0.84872        0.97561       17.57255        0.07547        0.00647        0.00338      300.00000       83.16195
    2    1    1     2787.22170   270217.16910   108826.42215        4.70130       71.10709        0.00618        0.02176        0.00789       17.00000      267.70437        1.72668        0.00788       16.31510        0.06627        0.01344       -0.00008        7.54400       69.87699        0.00596        0.02361       14.88347        0.24504      261.66726        7.54354       12.05000        0.03621        0.02472        0.00046      300.00000       20.25267
    3    1    1     1663.83035     1788.96740      834.11562        3.42299       72.74707        0.00646        0.04870        0.74237        3.70000        0.05769        1.00688        0.72768       14.97799        0.05411        0.00202        0.01477        0.09276       99.64918        0.01210        0.06759       19.13044        1.07386        0.65879        0.07712        7.13843        0.01297        0.00016        0.01564      300.00000       59.21022
    4    1    1      908.34289     1636.26834      696.29143        8.75358      252.32209        0.07776        0.02372        1.62699       11.90000        0.00846        0.10705        1.62751        5.97772        0.00884        0.00487       -0.00047        0.88379      252.35521        0.07761        0.02390       11.86487        0.00757        0.85522        0.88019        5.97981        0.00874        0.00086        0.00361      300.00000        0.18212
    5    1    1     1070.08336     6890.75953     3276.12142        8.90656      203.58863        0.05062        0.01319        1.65096       29.30000        5.91467        0.08572        1.64885       23.05887        0.13318        0.01957        0.00205        2.53743      203.68996        0.05064        0.01314       29.31682        0.23920        4.88592        2.52416       23.05868        0.13507        0.00650        0.01327      300.00000        0.08780
    6    1    1     2054.46472     1544.60994      633.60946        2.09989       40.94835        0.00205        0.04439        0.80401       31.70000        0.06711        0.93658        0.79798        5.75294        0.00806        0.01916        0.00608        0.89486       42.21688        0.00217        0.04067       22.83710        0.07914        0.81628        0.88210       11.92136        0.03434        0.01389        0.01276      300.00000       93.94800
    7    1    1     2549.68403     1502.77663      689.40026        1.03262       12.18385        0.00018        0.01682        0.86884        1.80000        0.01594        0.87757        0.85700        3.06777        0.00228        0.00012        0.01193        0.91796       13.24792        0.00021        0.01844        2.26623        0.01375        0.82443        0.91302        0.47686        0.00006        0.00690        0.00494      300.00000      148.88801
    8    1    1     2860.88739     1705.25689      525.10205        0.69275       10.00469        0.00012        0.02535        1.07641       10.20000        0.32284        0.67357        1.06100        9.86681        0.02347        0.01828        0.01537        0.39675        7.88570        0.00008        0.00942       23.81545        0.47024        1.24409        0.36583        8.36602        0.01668        0.00278        0.03093      300.00000      164.16977
    9    1    1     5160.08811     1606.81280      605.26392        0.90354       17.28525        0.00036        0.04433        1.73090        9.90000        0.06722        0.04783        1.68673       12.52609        0.03711        0.00462        0.04417        0.40535       23.00615        0.00065        0.00716       12.59632        0.95893        0.43993        0.40206       17.70228        0.07661        0.04376        0.00329      300.00000      113.16770
   10    1    1     1689.14211     2097.44328      819.87176        6.41645      158.89590        0.03084        0.04406        0.95815       18.00000        0.59791        0.77587        0.95870        3.87400        0.00372        0.00290       -0.00052        0.40787      157.03177        0.03009        0.04288       18.89606        1.30211        0.62512        0.40697        3.96188        0.00392        0.00145        0.00090      300.00000        0.75950
   11    1    1    11085.35879     3112.31342     1297.74837        0.23728        2.66958        0.00001        0.01545        0.68070       13.90000        2.03783        1.08504        0.64952       15.07548        0.05415        0.00831        0.03121        1.14992       36.19974        0.00160        0.09228        6.98583        0.37880        2.21269        1.14935        6.10942        0.00918        0.03707        0.00056      300.00000      149.53597
   12    1    1     5651.56946     1545.58104      651.24365        0.74304       21.75986        0.00058        0.10416        1.53709       15.50000        0.05318        0.21424        1.52032        2.39043        0.00146        0.00001        0.01675        1.08822       28.95991        0.00102        0.01203       22.09654        0.04772        0.68442        1.07359       17.64044        0.07505        0.00227        0.01463      300.00000       84.18219
   13    1    1     2460.32462     1655.30234      605.38540        3.57920       44.83046        0.00245        0.01671        0.84716       23.00000        0.24420        0.89259        0.84197       14.57175        0.05346        0.00022        0.00510        0.44326       61.94275        0.00467        0.07907       25.81011        0.19158        1.33026        0.44330        2.03571        0.00102        0.00692       -0.00004      300.00000       73.96404
   14    1    1     1346.86829     1530.76914      683.09976        6.84444      199.65341        0.04868        0.05524        0.86672        0.70000        0.06403        0.86858        0.86599        6.79002        0.01134        0.00022        0.00067        1.38870      200.33102        0.04890        0.05498        1.57634        0.01706        0.39337        1.38827        6.79041        0.01135        0.00044        0.00043      300.00000        0.21454
   15    1    1     6795.56475     1593.82983      747.76487        3.91669       46.50116        0.00264        0.01457        1.45318       24.80000        0.03352        0.28559        1.44897        4.52332        0.00499        0.01847        0.00420        0.11055       45.92073        0.00257        0.00870       27.85895        0.60875        1.06075        0.10199        5.56589        0.00752        0.01414        0.00856      300.00000       61.29738
   16    1    1     3774.07473    28236.19766    10920.28044        1.46937       20.51261        0.00051        0.02329        0.05772       23.40000       29.88262        1.67673        0.05784        5.55604        0.00768        0.00735       -0.00017        5.56522       35.48939        0.00154        0.01829       37.34012        1.60796       24.43854        5.56436        8.08235        0.01631        0.00803        0.00086      300.00000       77.21749
   17    1    1     1777.29151     4418.64167     1867.00189        0.50715       11.78840        0.00017        0.06582        0.63514       26.00000        3.42833        1.10793        0.62663        4.16106        0.00438        0.00004        0.00854        0.66159       36.37932        0.00162        0.05460       19.30772        3.21613        1.30012        0.65878        5.31257        0.00691        0.00085        0.00281      300.00000      138.43068
   18    1    1     2143.41862     6364.68656     2555.24113        8.00001      120.69601        0.01779        0.01001        0.55912       31.80000        5.96746        1.17798        0.55659        6.56086        0.01054        0.00097        0.00252        4.82318      120.46771        0.01769        0.01000       31.80323        0.14516        2.73696        4.81995        6.56150        0.01081        0.00004        0.00323      300.00000        0.06787
   19    1    1     1733.55913     1671.40106      600.27237        2.77182       86.76678        0.00919        0.11048        0.90895        6.60000        0.00689        0.85085        0.88371       11.69050        0.03269        0.00681        0.02521        0.87196       69.50597        0.00588        0.05035        3.16313        0.02534        0.87308        0.83402       20.38919        0.09866        0.00062        0.03794      300.00000       42.10681
   20    1    1     1571.36648     1856.22322      794.32476        0.46909       13.16974        0.00021        0.09605        1.30585       15.80000        0.39655        0.45256        1.28201        6.01010        0.00865        0.00312        0.02384        0.41107       38.05389        0.00176        0.06540       19.80539        0.03232        1.74631        0.38438        5.03671        0.00606        0.00005        0.02669      300.00000      126.85014
   21    1    1     1142.52867     8310.83943     3657.87528        7.78522      231.01293        0.06518        0.04236        0.85781       26.00000        7.64118        0.88472        0.84984       10.80536        0.02835        0.00057        0.00801        2.83926      231.38812        0.06521        0.04281       25.80532        4.99763        1.53831        2.83931       10.80608        0.02907        0.00789       -0.00005      300.00000        0.14722
   22    1    1     6192.44219    15105.96670     6706.22305        7.95200       45.07702        0.00248        0.00144        0.32494       27.00000       15.59727        1.41439        0.32017        3.37995        0.00287        0.01614        0.00478        8.41995       43.10552        0.00227        0.00157       27.01808        0.34404        8.57889        8.40903        3.38366        0.00290        0.00999        0.01092      300.00000        4.08408
   23    1    1     5099.20124     1554.53957      537.10112        2.61549       68.39884        0.00571        0.07781        1.18937        6.20000        0.03338        0.54567        1.18889       10.70859        0.02822        0.00000        0.00045        1.17355       69.47961        0.00589        0.01443       43.64816        0.14984        0.53557        1.17405        0.87540        0.00019        0.00071       -0.00049      300.00000      137.67085
   24    1    1     2711.32926     1506.75887      494.46625        2.86548       36.74192        0.00165        0.01843        1.22234       19.30000        0.08891        0.54567        1.18889        6.24110        0.00927        0.00778        0.03354        0.99420       34.27594        0.00143        0.02861       17.86687        0.59103        0.22544        0.99215        7.93868        0.01579        0.03755        0.00205      300.00000       87.18144
   25    1    1     2364.33629     1753.17051      700.71134        7.42321      112.07105        0.01534        0.01250        0.38126       15.50000        0.37346        1.35298        0.38159        7.47654        0.01389        0.00527       -0.00037        1.33031      112.10568        0.01532        0.01212       15.79564        0.05688        0.72110        1.33052        7.47438        0.01390        0.00506       -0.00021      300.00000        1.24669
   26    1    1     1852.99648     2131.61735      900.47351        0.54604        8.61607        0.00009        0.03032        0.08070       28.50000        0.69689        1.65334        0.08123       15.36966        0.05842        0.01911       -0.00053        0.57975       40.73897        0.00202        0.08543       14.43759        0.23901        1.58041        0.56484       13.68858        0.04767        0.00460        0.01490      300.00000      164.30907
   27    1    1     1591.52357    34148.83405    14637.76192        7.43032      167.22772        0.03415        0.02771        0.36782       18.60000       35.37072        1.37526        0.35931        5.55613        0.00781        0.01512        0.00854        6.06250      167.36147        0.03418        0.02770       18.62415        0.45459       30.58833        6.06238        5.54512        0.00766        0.02361        0.00012      300.00000        0.89010
   28    1    1     2092.76699    19933.46802     8626.64974        6.87410      130.33208        0.02075        0.02316        0.31772       43.10000       20.35170        1.41635        0.31821        3.01524        0.00225        0.00173       -0.00051       16.60913      130.38087        0.02074        0.02326       43.15540        0.33038        5.14693       16.60905        2.98051        0.00221        0.00103        0.00008      300.00000        1.74103
   29    1    1     1500.37650     1953.97963      524.89231        6.77673      179.52575        0.03936        0.04635        0.80930       17.50000        0.43635        0.92887        0.80570        5.83046        0.00831        0.01576        0.00349        1.21713      179.14821        0.03917        0.04544       18.04525        0.83022        0.13534        1.20636        5.88703        0.00839        0.00862        0.01077      300.00000        0.34448
   30    1    1     2525.00617     4201.23458     1857.33512        5.32728      110.05142        0.01479        0.03733        0.23456       24.40000        3.05376        1.54159        0.19297       12.70571        0.03823        0.01091        0.04151        2.52917      109.99349        0.01477        0.03517       25.00980        0.88399        1.38268        2.52378       12.72293        0.03944        0.04595        0.00539      300.00000       27.61109
   31    1    0      251.40028451438518.31958162390084.65169        2.48866       30.97188        0.00117        0.01774        1.29962       18.80000   405715.51737        0.44650        1.28616       10.30561        0.02565        0.04555        0.01345   246272.15896        0.00000        0.00000        0.00000       48.33035        0.00414   159445.16469   246272.15896        0.00000        0.00000        0.00000        0.00000      300.00000        0.00000
   32    1    1    11005.34974     1730.19810      579.41194        0.05275        0.42630        0.00000        0.00798        1.33656       13.20000        0.32171        0.39881        1.33576       15.05425        0.05659        0.00689       -0.00629        0.53784        6.47264        0.00005        0.01909        9.77045        0.46780        1.05396        0.53288       13.88840        0.04702        0.00280        0.00495      300.00000       51.34733
   33    1    1     2597.66749   121889.42651    48491.39102        6.11122      107.16565        0.01403        0.02353        0.81706       38.90000      124.72094        0.91700        0.81757        3.47207        0.00298        0.00248       -0.00055        9.21608      108.28809        0.01430        0.02304       38.88279        0.06058      117.17898        9.21586        3.66776        0.00335        0.00169        0.00021      300.00000       11.26762
   34    1    1     1035.86433     1610.58755      663.82404        7.28928      258.92525        0.08188        0.07222        0.93736       11.20000        0.00796        0.81109        0.92347        3.32680        0.00267        0.00711        0.01381        0.16568      259.25415        0.08192        0.07238       11.05483        0.01050        1.58560        0.14626        3.31882        0.00265        0.00157        0.01942      300.00000        0.40125
   35    1    1     4199.11324     1445.31819      703.94315        7.53850       63.87676        0.00498        0.00379        1.03914       24.30000        0.02615        0.69603        1.03853       12.08517        0.03592        0.00042        0.00060        1.37656       63.79546        0.00497        0.00380       24.33154        0.03780        0.34670        1.37630       12.08301        0.03640        0.00021        0.00026      300.00000        0.23074
   36    1    1     2079.85916     1741.11584      770.74531        0.46652        7.34462        0.00007        0.03021        1.72855       17.60000        0.09593        0.02184        1.71272       15.98438        0.06156        0.07375        0.01578        0.46405       32.71428        0.00130        0.04958       18.23141        0.17463        1.28174        0.39288       10.43822        0.02544        0.01517        0.07117      300.00000      156.00089
   37    1    1     3651.85698    17826.06249     7916.35161        5.64698       89.02600        0.00968        0.02068        0.90051       46.10000       18.81187        0.83698        0.89759        6.70667        0.01129        0.00605        0.00288        2.86025       81.03606        0.00801        0.02061       47.35326        5.10131       12.59041        2.85956        5.85670        0.00856        0.00793        0.00069      300.00000       57.66964
   38    1    1     1324.05448     1724.60272      614.99343        0.77657       25.30756        0.00078        0.12893        0.82653       10.90000        0.06799        0.94843        0.78613        8.89827        0.02047        0.00331        0.04037        1.19115        5.78821        0.00004        0.08780       31.61800        0.17878        0.47461        1.18361       11.16581        0.03029        0.03378        0.00755      300.00000      160.03529
   39    1    1     2272.19365     1707.16963      739.01510        3.00087       47.81162        0.00279        0.02821        1.55457       24.80000        0.11999        0.19748        1.53709        9.03832        0.01966        0.03550        0.01753        0.45164       31.76192        0.00123        0.03918       19.28694        0.08309        1.33218        0.44532        4.31782        0.00470        0.04619        0.00632      300.00000       91.56340
   40    1    1     3820.58547     1469.92916      582.68883        8.24618       70.03884        0.00599        0.00282        1.14032        6.80000        0.06711        0.60491        1.12965       14.63876        0.05188        0.00245        0.01076        0.46892       71.00087        0.00616        0.00318        5.87900        0.10773        1.23395        0.45940       14.63865        0.05424        0.00132        0.00951      300.00000        5.44585
   41    1    1     2714.54512     1644.50671      698.10528        5.70339      102.46853        0.01282        0.02660        1.58481       22.20000        0.09130        0.19938        1.53519        3.18499        0.00263        0.00240        0.04959        1.21940      104.77047        0.01335        0.03092       19.93036        0.09996        0.55155        1.16945        3.25574        0.00250        0.00228        0.04995      300.00000       24.56176
   42    1    1     2495.61216     1488.31313      607.35104        5.14427      100.96672        0.01245        0.03460        1.32238       23.60000        0.09530        0.41253        1.32203        7.86059        0.01521        0.00041        0.00037        0.96523      105.17236        0.01346        0.03913       21.29820        0.19418        0.66543        0.96500        7.78374        0.01510        0.00034        0.00023      300.00000       20.74806
   43    1    1     2005.98057     6132.00501     2668.74025        8.33806      123.04123        0.01849        0.00811        1.18901       31.50000        5.53389        0.55673        1.17784        6.38139        0.00985        0.04256        0.01121        1.32436      122.84272        0.01840        0.00810       31.52943        1.64553        4.29897        1.32397        6.38109        0.01002        0.05324        0.00038      300.00000        0.65778
   44    1    1     2471.45185     5744.45339     2638.70053        5.98894      111.16090        0.01509        0.02698        0.47823       31.50000        4.89227        1.29518        0.43938        9.22034        0.02016        0.00452        0.03891        4.94561      110.45600        0.01488        0.02693       31.87917        0.16965        1.51638        4.94163        9.05500        0.02002        0.03898        0.00398      300.00000       10.91772
   45    1    1     1258.87201     1794.29069      651.77934        0.82696       27.00184        0.00089        0.12932        0.47595       10.10000        0.05782        1.25884        0.47572       14.42799        0.05127        0.00164        0.00028        0.43980       25.69376        0.00080        0.11118       34.19575        0.80141        0.57248        0.43923       13.91115        0.04829        0.00178        0.00058      300.00000      160.67136
   46    1    1     1120.75920  1205727.22942  3177489.50900        0.53444       11.93770        0.00017        0.06076        1.28826        5.40000        0.02349        0.44894        1.28563       12.06858        0.03652        0.00332        0.00258     -353.46649     2882.11646        9.94493       33.10289      139.37681       11.20066      130.14029       62.14926     2918.10130        6.64740      164.29964     -415.61575      300.00000       33.21659
   47    1    1     9061.34592     6169.28579     2652.35045        5.14337       50.81037        0.00315        0.00877        0.76402       32.80000        5.73660        0.99934        0.73522        7.50871        0.01345        0.02228     -425.48596        4.99887       26.65955        0.00087        0.00139       35.75612        0.29388        2.18788        4.99932        6.29999        0.00982        0.05494       -0.00045      300.00000       90.35679
   48    1    1     1660.81385     1966.08433      754.63520        0.68216       13.63524        0.00023        0.04857        1.03540       30.00000        0.59333        0.70694        1.02762        9.73599        0.02302        0.01057        0.00782        0.43900       62.59744        0.00478        0.09058       24.04266        0.05770        1.80596        0.43168        5.73010        0.00829        0.01174        0.00732      300.00000      121.67907
   49    1    1     2037.93137     4007.35057     1801.68249        8.94944      104.98528        0.01346        0.00335        0.80831       16.90000        3.06849        0.92665        0.80791        7.47122        0.01392        0.00072        0.00040        1.77508      104.99466        0.01346        0.00343       16.81653        0.44733        2.58117        1.77442        7.47228        0.01393        0.00050        0.00065      300.00000        0.63619
   50    1    1     1255.31805    38780.64743    16805.86727        1.30552       33.68926        0.00139        0.07994        1.09861       27.10000       39.47526        0.64244        1.09212       16.99700        0.07029        0.01912        0.00656        3.31565       34.22509        0.00142        0.16372       51.31019       25.79034       11.96118        3.29696       24.34504        0.15123        0.00350        0.01870      300.00000      142.49042
   51    1    1     5820.26017    14362.21490     6276.65958        4.85447       35.32586        0.00152        0.00494        0.69568       13.50000       14.66203        1.06676        0.66780       13.92345        0.04978        0.01742        0.02790       13.36814       42.02000        0.00215        0.01055       20.22911        0.03755        3.01384       13.32369       15.71379        0.06398        0.00195        0.04444      300.00000       51.86272
   52    1    1     1499.14241  1966532.79578   638766.15472        3.68509       57.89978        0.00409        0.02606        0.07056       34.90000     1753.82644        1.66356        0.07100        5.71266        0.00810        0.00014       -0.00051      108.34846       59.98243        0.00439        0.37752       70.91381        1.25611     1645.60587      108.34862        0.92118        0.00021        0.00608       -0.00015      300.00000      111.98216
   53    1    1     1592.84163     2025.53107      569.44220        0.74198       19.26243        0.00045        0.08186        1.35101       22.40000        0.49130        0.38365        1.35091        4.67713        0.00545        0.00241        0.00019        0.59902       27.15019        0.00090        0.06381       28.96607        1.36734        0.25278        0.59842       11.12820        0.03045        0.00184        0.00060      300.00000      146.60017
   54    1    1     2799.69089     1620.88528      674.34503        5.01823       99.88555        0.01219        0.03620        0.54303       32.70000        0.18211        1.20637        0.52820        5.39966        0.00742        0.00727        0.01481        0.08541      103.65606        0.01305        0.04122       31.94906        0.18286        1.66424        0.06688        3.99156        0.00383        0.00397        0.01853      300.00000       59.22893
   55    1    1     2637.69169     4264.91846     2091.53565        4.31744       88.76573        0.00962        0.04200        1.42089       16.20000        2.75206        0.32233        1.41223       20.14195        0.10259        0.00625        0.00867        1.83338       95.21868        0.01105        0.03317       19.88241        0.17886        2.48680        1.82928       20.06501        0.10121        0.01129        0.00410      300.00000       33.74390
   56    1    1     1554.20278     1730.58710      765.65109        3.43782      100.37254        0.01230        0.09181        1.13824       10.90000        0.28468        0.60076        1.13380        7.25821        0.01325        0.00192        0.00443        0.82129      113.56973        0.01567        0.08255        4.04323        0.15006        1.04517        0.82010        9.66759        0.02295        0.00526        0.00120      300.00000       27.78486
   57    1    1     2738.25146     4623.24889     2345.87473        5.39718       97.81696        0.01169        0.02843        1.02221       12.80000        3.31191        0.71473        1.01983        2.98522        0.00218        0.00855        0.00230        4.92061      103.56303        0.01306        0.02992       10.72138        0.09685        0.02651        4.92096        2.52330        0.00158        0.01118       -0.00035      300.00000       25.16979
   58    1    1     1051.42688    70785.68143    31088.00392        8.92985      205.79216        0.05172        0.01314        1.47488       21.70000       73.21649        0.26676        1.46781       12.89882        0.04045        0.00061        0.00701       36.99988      205.89167        0.05175        0.01310       21.63390        0.02760       37.92602       36.99751       12.89829        0.04074        0.00497        0.00237      300.00000        0.04000
   59    1    1     1493.50988    11802.43510     5405.53314        1.52161       48.86453        0.00292        0.12304        0.52736       26.90000       11.48775        1.23038        0.50419        1.29212        0.00040        0.00402        0.02314        4.12314       45.43990        0.00252        0.05313       53.17804        3.44243        5.74110        4.11438        7.17742        0.01303        0.00048        0.00875      300.00000      119.18726
   60    1    1     3160.54591     9694.56667     4673.08895        3.22792       53.53231        0.00350        0.03009        1.33014       23.90000        9.57963        0.40427        1.33029        7.93298        0.01553        0.00145       -0.00014        3.05697       70.32295        0.00603        0.01815       14.39794        0.63932        7.62385        3.05710        8.68834        0.01878        0.00153       -0.00013      300.00000        4.92726
   61    1    1     2372.75865     2885.60930     1180.09345        0.62995       12.85802        0.00020        0.05068        1.13922       15.10000        1.57515        0.60873        1.12583        3.72699        0.00353        0.00018        0.01344        1.17604        9.58227        0.00011        0.01489       37.51219        1.51974        0.65219        1.16373        7.17922        0.01246        0.00226        0.01232      300.00000      177.37495
   62    1    1     2483.62257     1690.25275      677.72751        1.77742       17.99181        0.00040        0.01212        0.52852        3.50000        0.09204        1.20576        0.52881       18.49722        0.08506        0.00195       -0.00025        0.87798       12.36075        0.00019        0.08422       15.18359        0.82569        0.09529        0.87765       12.64379        0.03936        0.00312        0.00034      300.00000      139.55349
   63    1    1     3702.20871     1596.90240      508.05338        2.51144       21.12287        0.00054        0.00809        0.57230       14.70000        0.18395        1.16173        0.57283       10.22633        0.02594        0.04271       -0.00051        1.21544       15.04276        0.00028        0.01400       22.54321        0.26595        0.46821        1.19925        4.51598        0.00519        0.02618        0.01619      300.00000      122.81550
   64    1    1     1578.00218    14882.80572     6817.85560        3.18045       83.40137        0.00850        0.07549        1.31906       25.80000       15.01879        0.43223        1.30234        9.06758        0.01980        0.00007        0.01666       13.69247       41.45646        0.00209        0.06789       47.77857        0.42631        2.65133       13.68797        7.69409        0.01489        0.01893        0.00450      300.00000       87.56166
   65    1    1     1505.26488     2398.24540      917.44291        3.72999      111.53366        0.01519        0.09401        0.42623       42.00000        0.85216        1.31660        0.41797        5.07564        0.00651        0.00204        0.00831        1.47076      100.73767        0.01234        0.12078       32.18970        0.36943        0.71335        1.47127        7.78081        0.01500        0.01108       -0.00052      300.00000       19.22696
   66    1    1     2175.65511     1591.60850      639.24621        7.24862      124.63285        0.01897        0.01714        0.68797       23.50000        0.13082        1.08467        0.64990        3.79372        0.00372        0.00981        0.03806        0.57297      124.29278        0.01887        0.01663       23.76205        0.17022        1.17010        0.52570        3.79616        0.00340        0.00090        0.04727      300.00000        0.59907
   67    1    1     2235.29055     1621.06439      619.09571        3.58100       72.97088        0.00650        0.04421        0.33348        8.60000        0.16360        1.40194        0.33262        3.86220        0.00367        0.03124        0.00090        0.35207       64.02357        0.00499        0.02921       10.93862        0.13887        1.44206        0.32157        8.12221        0.01573        0.00172        0.03051      300.00000       44.90721
   68    1    1     2510.16398    17774.68630     8369.77942        1.10030       21.17272        0.00055        0.04468        0.17113       11.10000       18.37948        1.56641        0.16815        0.32995        0.00003        0.00004        0.00295       15.53091       30.60410        0.00114        0.01461       20.09348        0.02083        4.57710       15.53066        8.21708        0.01683        0.00091        0.00025      300.00000      127.27476
   69    1    1     4073.54930     5113.44891     1484.01995        5.27973       70.67482        0.00610        0.01578        1.35670       48.30000        3.94784        0.37752        1.35704        4.32400        0.00462        0.00008       -0.00028        2.07831       68.40561        0.00570        0.01607       46.61419        2.34518        1.24927        2.07881        7.47846        0.01384        0.00027       -0.00050      300.00000       53.22507
   70    1    1     3239.96815     2039.35491      896.57855        5.49932       88.07883        0.00947        0.02185        0.24840        4.90000        0.53274        1.50994        0.22462       12.39091        0.03932        0.00830        0.02375        0.84842       92.01848        0.01031        0.01993        6.67481        0.09019        1.34245        0.83574       12.39924        0.03715        0.02158        0.01268      300.00000       30.45255
   71    1    1     1964.79185   246869.57866   100718.89836        2.22950       27.75182        0.00094        0.01798        0.07457        9.30000      246.61754        1.65994        0.07462        5.86200        0.00847        0.01045        0.00003      172.60065       12.06049        0.00018        0.10562       30.46589        0.12585       75.54779      172.59309        6.22107        0.00940        0.00067        0.00755      300.00000      142.11803
   72    1    1     5670.78028     1672.20280      670.41758        2.13089       45.64349        0.00254        0.05349        0.69693       28.40000        0.06416        1.04319        0.69137       12.40707        0.03878        0.00502        0.00550        0.32298       40.19080        0.00197        0.00340       41.72399        0.44989        1.07367        0.32348       12.86509        0.04104        0.01119       -0.00050      300.00000        8.61853
   73    1    1     2068.00037     1652.21283      694.77517        3.50401       64.89861        0.00514        0.03675        0.61412       13.20000        0.15330        1.13472        0.59984       16.51013        0.06577        0.03612        0.01430        0.95695       46.43656        0.00263        0.02554       19.34354        0.12554        0.81042        0.95755       16.76280        0.06960        0.05525       -0.00060      300.00000       84.97602
   74    1    1     3032.20000     4442.19454     1817.44851        4.03310       47.46529        0.00275        0.01416        0.50842       36.40000        3.41040        1.23164        0.50293        5.52769        0.00770        0.02363        0.00542        4.35527       63.29756        0.00488        0.03440       25.15139        0.41003        0.36981        4.34710        4.28747        0.00465        0.01967        0.00818      300.00000       33.97827
   75    1    1     7035.91590     1467.22531      668.63613        0.63853        6.64215        0.00005        0.01316        0.35014        1.40000        0.00016        1.38631        0.34826       11.68332        0.03417        0.02056        0.00184        0.69600       25.99061        0.00082        0.00554        8.66346        0.29948        0.75434        0.67547       13.56784        0.04419        0.00419        0.02053      300.00000      105.17186
   76    1    1     3919.85032     1598.78773      557.81529        2.72248       20.12649        0.00049        0.00618        0.91912        9.20000        0.02799        0.84067        0.89390       22.69442        0.13203        0.00065        0.02526        1.13860        9.91473        0.00012        0.00794        6.28274        0.11365        0.53120        1.11686       22.72906        0.12389        0.01174        0.02175      300.00000      128.10679
   77    1    1     3384.95638     2663.40787      587.41774        6.67669       80.26261        0.00787        0.00978        1.36044       22.70000        1.43234        0.37574        1.35883        2.97429        0.00217        0.02747        0.00162        1.13529       79.69151        0.00775        0.01012       22.74728        1.86651        0.17354        1.12696        2.69482        0.00176        0.02083        0.00833      300.00000        0.55381
   78    1    1     3320.25542   103074.07617    42578.60031        2.65121       53.58761        0.00351        0.04639        0.65294       36.50000      104.31464        1.08281        0.65175        5.59764        0.00783        0.01043        0.00124       77.32631       41.00745        0.00205        0.00910       37.70917        4.22663       24.50691       77.32650       11.74466        0.03430        0.01325       -0.00019      300.00000       60.53585
   79    1    1     3094.71876     2380.95281      800.30243        6.43624       89.66025        0.00982        0.01388        1.01512       24.30000        1.11019        0.78172        0.95285        5.90228        0.00817        0.07332        0.06230        1.25740       90.05260        0.00988        0.01352       24.40198        0.36256        1.22775        1.25466        5.91834        0.00878        0.13231        0.00274      300.00000        6.52055
   80    1    1     2839.73082     7940.48889     3247.13443        1.60856       34.12631        0.00142        0.05355        0.28823       27.20000        7.72108        1.45838        0.27619       13.98118        0.04960        0.00947        0.01209        6.98933       58.56885        0.00418        0.01199       46.72929        0.33698        2.21630        6.96689        9.00552        0.01944        0.00351        0.02244      300.00000       53.46822
   81    1    1     1700.06322     5481.25148     2465.53554        1.57048       50.88922        0.00316        0.12508        1.00996       13.90000        4.72692        0.72407        1.01049        2.88183        0.00206        0.00004       -0.00054        5.07271       55.00178        0.00369        0.03485       33.37846        0.08324        1.34971        5.07313       13.74692        0.04694        0.00016       -0.00043      300.00000       97.43080
   82    1    1     3376.53283     2172.25023      462.26217        5.17011       75.50800        0.00696        0.01909        1.57528       25.80000        0.73655        0.16495        1.56961        9.68474        0.02284        0.00330        0.00563        1.04953       73.35419        0.00655        0.02564       20.90294        0.93590        0.47294        1.04988       10.87805        0.02940        0.00902       -0.00035      300.00000       41.74830
   83    1    1     6477.05831     1731.62640      787.13401        1.72465       21.19082        0.00055        0.01789        1.17046       17.10000        0.35730        0.56369        1.17087        7.59444        0.01433        0.00724       -0.00037        1.61145       34.73461        0.00147        0.00238       18.79482        0.02285        0.47607        1.61192        6.35547        0.00999        0.00727       -0.00047      300.00000       44.01950
   84    1    1     1785.80076     1789.67692      622.91481        7.91881      144.93020        0.02565        0.01526        1.41170       25.60000        0.28497        0.34662        1.38794        4.44621        0.00473        0.00887        0.02373        0.97697      144.93750        0.02562        0.01508       25.69247        0.25401        0.81774        0.94803        4.44066        0.00471        0.00368        0.02894      300.00000        0.68975
   85    1    1     1562.28132     2043.99952      652.50040        2.45151       91.41675        0.01021        0.15962        1.65637       33.90000        0.34953        0.08611        1.64845        6.70666        0.01092        0.00143        0.00793        1.18807       90.33679        0.00996        0.05007       50.74971        0.39837        0.57563        1.18545       13.48489        0.04560        0.00650        0.00262      300.00000       49.18766
   86    1    1     2532.22988     1518.24368      678.22135        4.03841       73.49755        0.00660        0.03386        1.20571        2.60000        0.01293        0.52837        1.20619        7.33679        0.01336        0.00059       -0.00050        1.11820       72.40069        0.00640        0.02552        1.57738        0.00032        0.62882        1.11844        9.40085        0.02198        0.00018       -0.00024      300.00000       14.83384
   87    1    1     2837.95482     2919.49687     1328.88972        5.66355       95.78793        0.01121        0.02373        1.00396       20.10000        1.61135        0.73284        1.00173        7.29948        0.01305        0.00427        0.00220        2.48580       99.49588        0.01203        0.03167       15.34215        0.23775        0.61425        2.48545        7.21005        0.01296        0.00595        0.00035      300.00000       27.79827
   88    1    1     2211.98231     1545.77354      610.68153        1.56526       30.52487        0.00114        0.04531        0.87618       22.50000        0.03886        0.88643        0.84814        0.35034        0.00003        0.00092        0.02803        0.73295       34.91918        0.00149        0.02002       30.18250        0.15969        0.90654        0.72772        4.38026        0.00483        0.02335        0.00523      300.00000      112.46553
   89    1    1     3238.95488     3082.50965     1233.79071        6.19434       88.11467        0.00948        0.01523        1.37388       27.80000        1.93759        0.42157        1.31300        1.74275        0.00079        0.03362        0.06090        2.04545       86.52289        0.00914        0.01423       28.27658        0.23779        1.46289        1.97290        1.59987        0.00067        0.02198        0.07256      300.00000       10.66302
   90    1    1     1460.05809     1706.90653      724.65225        2.88604       86.46253        0.00913        0.10049        1.24785        6.20000        0.00266        0.50415        1.23042        5.95255        0.00853        0.02047        0.01742        0.80852       88.86849        0.00958        0.10004       12.80098        0.11500        0.82542        0.79728        5.86153        0.00831        0.02640        0.01124      300.00000       49.53804
   91    1    1     3361.87351     1951.53232      893.59762        3.08123       50.56565        0.00312        0.02977        0.12889       18.90000        0.33249        1.60538        0.12918       13.48528        0.04519        0.05511       -0.00030        1.50684       66.05149        0.00532        0.01727       24.72738        0.08523        0.54116        1.45585       12.91511        0.04335        0.00079        0.05099      300.00000       17.78433
   92    1    1     1754.96594    64240.90911    25764.37380        7.19732      153.66582        0.02884        0.02683        0.48987       39.20000       66.32459        1.26087        0.47370        2.97436        0.00225        0.01277        0.01622       13.88706      152.76981        0.02848        0.02708       39.08378        2.63882       51.53326       13.88712        2.94684        0.00216        0.02916       -0.00006      300.00000        0.30370
   93    1    1     2206.74013     1492.28970      663.45045        6.16308      121.32108        0.01798        0.02935        0.91957        2.60000        0.00043        0.84591        0.88865        2.23819        0.00119        0.01507        0.03094        0.51855      122.57725        0.01835        0.02889        3.05230        0.15002        1.06787        0.51724        2.25021        0.00124        0.04459        0.00131      300.00000        4.15499
   94    1    1     3793.66998    30278.16629    14020.83476        5.81506       77.18491        0.00728        0.01424        0.09165       11.10000       31.66553        1.64830        0.08627        2.60670        0.00171        0.00691        0.00535       29.29607       78.72471        0.00756        0.01566       11.44899        0.01434        4.09381       29.29102        2.18440        0.00120        0.00700        0.00505      300.00000       32.52889
   95    1    1     1372.88414     2070.52512      882.66205        4.65655      150.75662        0.02776        0.10026        0.72032        9.90000        0.17873        1.19204        0.54253       17.84951        0.08616        0.00839        0.17774        0.95168      146.75238        0.02608        0.10413       10.35718        0.13068        1.01820        0.76585       17.48910        0.08287        0.00001        0.18583      300.00000       14.08937
   96    1    1     2093.36800     2172.23596     1080.15749        6.71950      128.48413        0.02016        0.02449        0.04391       22.90000        0.41953        1.69847        0.03609       13.79932        0.04811        0.00802        0.00788        1.78166      128.36326        0.02002        0.02463       22.91940        0.03817        0.33374        1.78224       13.79918        0.04718        0.01731       -0.00058      300.00000        0.28219
   97    1    1     1710.03320     1574.05950      612.87186        6.31694      154.13841        0.02902        0.04370        1.03377        6.10000        0.00522        0.70322        1.03134       10.75021        0.02897        0.00020        0.00239        1.39280      154.96054        0.02927        0.04377        5.61557        0.00428        0.34195        1.39328       10.74508        0.02866        0.00335       -0.00048      300.00000        0.60066
   98    1    1     2001.99054     2112.08450     1072.48242        6.81751      133.68352        0.02183        0.02513        0.19945       15.60000        0.55365        1.54146        0.19310        4.85561        0.00595        0.00428        0.00626        0.75686      133.60799        0.02176        0.02525       15.58831        0.17492        1.35796        0.75530        4.84725        0.00576        0.00922        0.00155      300.00000        1.10335
   99    1    1     2437.41053     1590.74433      707.33917        3.75419       80.58970        0.00793        0.04835        1.47787        2.70000        0.13286        0.25724        1.47732       10.58906        0.02798        0.01152        0.00061        0.17548       86.45027        0.00912        0.03979        5.67850        0.00190        1.69562        0.17289       11.34717        0.03228        0.00956        0.00259      300.00000       22.10410
  100    1    1     2093.08298     6153.75851     2564.72497        6.48913      128.86605        0.02028        0.02788        0.24798       18.20000        5.64723        1.48832        0.24624        6.08838        0.00928        0.01963        0.00181        4.66888      130.31389        0.02073        0.02766       18.02829        0.20012        2.53227        4.64923        6.08079        0.00944        0.00150        0.01965      300.00000        3.24367
