    1    1    1     2316.94631     4010.95740     1558.28324        4.27108       77.28488        0.00729        0.03269        1.54043       30.80000        2.89579        0.19507        1.53949        5.63886        0.00794        0.00117   -33197.38290        1.60184       79.58969        0.00771        0.03813       31.68989        2.18727        0.84383        1.60114        0.87585        0.00019        0.00142        0.00070      300.00000       22.02601
    2    1    1     2448.41074     2005.31606      498.47317        8.25816      101.53719        0.01259        0.00587        1.60032       31.10000        0.52963        0.13381        1.60076       18.32706        0.08331        0.02045       -0.00054        1.47927      101.48681        0.01255        0.00593       31.10021        0.57903        0.20556        1.47961       18.32678        0.08300        0.02064       -0.00035      300.00000        1.04457
    3    1    1     9383.79162     1507.92637      605.83890        4.77674       53.36494        0.00348        0.01177        0.12809       10.60000        0.05313        1.60716        0.12741        8.11955        0.01621        0.00001        0.00073        0.98190       62.11765        0.00470        0.01291       14.64771        0.05070        0.75995        0.98212        5.99210        0.00886        0.00084       -0.00022      300.00000      133.40133
    4    1    1     2815.80300    51240.89910    22796.20084        3.39003       39.95716        0.00195        0.01502        0.41965       17.10000       52.47264        1.32117        0.41340        9.24631        0.02156        0.00699        0.00628       33.91755       26.53275        0.00086        0.02689       33.22305        0.15051       20.12345       33.91000       11.84757        0.03410        0.00560        0.00755      300.00000      111.78480
    5    1    1     1312.24700     3408.98048     1325.76325        7.54736      205.00580        0.05133        0.03878        0.82722       17.00000        1.97630        0.99934        0.73522       17.29769        0.06929        0.03067        0.09203        0.94438      204.38792        0.05087        0.03880       17.26329        0.87923        1.92429        0.90780       17.29776        0.07106        0.08430        0.03658      300.00000        0.55693
    6    1    1     2930.05606     2355.69529      658.03757        7.42617       96.94400        0.01148        0.00934        1.31846       21.70000        0.92182        0.41918        1.31538       11.44316        0.03287        0.07499        0.00309        0.77176       96.71649        0.01140        0.00959       21.62055        1.21570        0.74478        0.69573       11.44364        0.03439        0.00053        0.07602      300.00000        6.78969
    7    1    1     1256.16727     1534.25581      633.27109        8.78085      181.87278        0.04040        0.01200        1.05859        6.10000        0.00215        0.67637        1.05819       11.60697        0.03315        0.00419        0.00041        0.81669      181.77384        0.04033        0.01204        6.11359        0.00282        0.91943        0.81448       11.60719        0.03300        0.00255        0.00222      300.00000        0.51596
    8    1    1     3554.09590   412584.17358   163527.02352        4.96024       50.40748        0.00310        0.00951        1.31809       20.30000      404.58800        0.44501        1.28955        4.83116        0.00557        0.01046        0.02855      213.42824       58.82202        0.00422        0.03464       16.24408        0.01052      192.85623      213.40799        8.29572        0.01758        0.02851        0.02025      300.00000       24.11283
    9    1    1     4188.11107   283965.04816   111998.98355        2.57724       39.38550        0.00189        0.02663        1.33071       27.80000      281.44074        0.40858        1.32599        9.13633        0.02100        0.00798        0.00471      257.81961       20.07902        0.00049        0.00327       27.45342        0.04118       25.33499      257.82008       10.69704        0.02839        0.00976       -0.00048      300.00000       85.91604
   10    1    1     1925.85345    18194.58795     6707.72308        8.73112      117.83392        0.01696        0.00529        1.59574       38.30000       19.42262        0.13960        1.59497        7.54927        0.01401        0.02783        0.00074       10.37177      117.77156        0.01693        0.00529       38.30879        0.74045       10.04893       10.36787        7.55243        0.01433        0.02434        0.00390      300.00000        0.82131
   11    1    1     2106.62911     1575.37209      626.04732        6.06848      124.38472        0.01890        0.03241        0.92100       10.90000        0.01055        0.81306        0.92150       11.86795        0.03491        0.11164       -0.00054        1.14436      124.44020        0.01886        0.03278       10.57196        0.00619        0.60143        1.13713       11.86904        0.03424        0.10460        0.00723      300.00000        1.15378
   12    1    1     4175.49125     2117.92347      983.18349        4.48291       74.26636        0.00674        0.02678        0.62884        2.30000        0.64116        1.10752        0.62704        8.82175        0.01948        0.01117        0.00183        2.01671       62.07717        0.00470        0.00909       13.30917        0.01726        0.36234        2.00462       11.08945        0.02973        0.00187        0.01208      300.00000       40.87491
   13    1    1     2089.81864     1565.95465      558.74379        2.50968       34.05727        0.00142        0.02107        1.46827       20.40000        0.12669        0.27370        1.46087       13.35179        0.04332        0.00045        0.00742        0.52416       29.83782        0.00109        0.09127        9.99741        0.20580        1.10611        0.52052        3.20526        0.00258        0.00391        0.00364      300.00000      116.92226
   14    1    1     1456.58599    12292.53910     5422.37689        4.17169      120.73153        0.01780        0.08449        1.07817       16.90000       11.98172        0.65781        1.07675        5.44665        0.00728        0.01696        0.00142        2.44715      107.71758        0.01416        0.12489       11.98648        0.28015       10.94632        2.41921        5.54056        0.00788        0.02369        0.02794      300.00000       26.47530
   15    1    1     1723.67366     2916.35521     1100.19340        2.29637       44.30097        0.00240        0.04306        1.13912       29.70000        1.46119        0.59516        1.13941       15.21630        0.05716        0.00004       -0.00026        2.59431       54.19388        0.00359        0.07763       25.41151        0.37629        0.23047        2.59484        7.96142        0.01568        0.00015       -0.00053      300.00000      105.58914
   16    1    1     2882.22196     2074.89384      675.37363        0.35822        4.07252        0.00002        0.01577        1.57508       20.00000        0.66908        0.19554        1.53902        7.74414        0.01547        0.00000        0.03599        1.40490       17.06119        0.00035        0.02319       21.34985        0.47810        0.52464        1.39681        6.07818        0.00897        0.03081        0.00809      300.00000      147.74840
   17    1    1     8719.84700     3476.04053     1412.30671        0.65699        5.88901        0.00004        0.00977        0.71545       21.70000        2.23361        1.12024        0.61432        3.43688        0.00313        0.00047        0.10115        1.00582        5.34165        0.00003        0.00058       26.11515        1.39644        1.66515        0.91047        5.34752        0.00661        0.00807        0.09534      300.00000      147.73649
   18    1    1     3409.92968    21449.39005     9690.45182        4.53092       42.64057        0.00222        0.00860        0.20682        8.90000       21.86070        1.54542        0.18915       15.99464        0.06154        0.00920        0.01764       11.87642       38.96821        0.00185        0.02675       16.63675        0.04925       11.66194       11.87313       15.09350        0.05569        0.02256        0.00329      300.00000       54.88006
   19    1    1     1873.32117     1533.91444      603.80903        2.48753       67.59455        0.00558        0.08460        0.96964       16.80000        0.02417        0.76604        0.96852        3.84041        0.00369        0.00173        0.00107        0.13877       65.24996        0.00520        0.03553       33.60366        0.07915        1.59472        0.13623        2.90981        0.00207        0.00000        0.00254      300.00000       65.71333
   20    1    1     2773.69301     2096.98076      775.60453        0.09343        0.99637        0.00000        0.01389        0.77778       15.90000        0.75456        0.96590        0.76866       10.21379        0.02530        0.00287        0.00906        0.85192       16.50999        0.00033        0.02566       12.81405        0.78803        0.80466        0.84716       15.77071        0.06259        0.00711        0.00476      300.00000      152.36635
   21    1    1     1779.98323     2091.59179      740.20989        3.41382       79.10046        0.00764        0.05793        1.06268       11.50000        0.54773        0.67637        1.05819       15.32691        0.05731        0.00484        0.00451        0.35441       80.73643        0.00794        0.05729       14.03829        0.45728        1.47650        0.35466       14.76966        0.05424        0.00685       -0.00025      300.00000       51.81862
   22    1    1     2040.34220     1514.67268      685.67184        2.64812       48.03217        0.00282        0.03736        1.56104       19.70000        0.03727        0.18134        1.55323       11.75292        0.03355        0.00237        0.00781        0.76692       61.75613        0.00465        0.06927       19.55233        0.04098        0.94245        0.75934       10.84699        0.02858        0.00291        0.00758      300.00000       64.50920
   23    1    1     2377.60147     1788.17218      655.80433        4.29303       78.49724        0.00753        0.03331        1.23254       18.30000        0.31128        0.50187        1.23269        5.90957        0.00862        0.00267       -0.00016        0.30445       72.61014        0.00641        0.03543       19.21859        0.80983        0.93306        0.30482        4.78920        0.00567        0.00296       -0.00036      300.00000       23.76945
   24    1    1     3793.06771     1692.43660      825.45741        2.07305       22.51278        0.00062        0.01378        1.26961       18.40000        0.01767        0.52845        1.20611        6.38830        0.01066        0.01691        0.06347        0.45689       37.42137        0.00171        0.00874       12.83720        0.01436        1.29432        0.43522        9.65112        0.02382        0.05786        0.02167      300.00000       73.86612
   25    1    1     1591.45664     1855.87093      627.85943        0.93958       27.75429        0.00094        0.10563        0.48577       16.50000        0.33887        1.25534        0.47923        8.00406        0.01616        0.00143        0.00659        0.65905       59.66067        0.00435        0.04158       35.90977        1.22746        0.23959        0.65747       10.11584        0.02510        0.00701        0.00158      300.00000      109.03279
   26    1    1     1918.28164     1756.93303      754.65991        5.92864      141.46596        0.02444        0.04510        1.05099       12.60000        0.00842        0.72204        1.01252       10.40067        0.02794        0.10051        0.03833        0.32810      140.73151        0.02411        0.04521       12.76932        0.01193        1.54143        0.18981       10.40875        0.02470        0.00396        0.13828      300.00000        8.52875
   27    1    1     3993.26790     2434.60485      749.07444        4.80499       44.65104        0.00243        0.00811        0.69819       21.90000        1.14545        1.05079        0.68378       11.71312        0.03489        0.00117        0.01449        1.83900       45.09023        0.00248        0.01588       21.78040        0.60720        0.42534        1.83869       11.85323        0.03503        0.01610        0.00032      300.00000       26.97215
   28    1    1     2488.75627     4803.72213     1806.42734        3.36269       41.23942        0.00208        0.01629        0.68354       39.20000        3.68510        1.05079        0.68378       21.03604        0.11007        0.01565       -0.00018        4.33836       59.97283        0.00438        0.03306       30.14933        0.51439        0.54499        4.32489       22.46412        0.12822        0.00013        0.01348      300.00000       74.19482
   29    1    1     1954.61905    12784.14811     6167.38305        2.55736       58.78997        0.00422        0.06032        1.20461        5.70000       12.97600        0.52944        1.20513        9.12974        0.02064        0.12312       -0.00052       14.02046       64.48363        0.00507        0.03872       26.58035        0.40882        0.40278       13.90315        9.58144        0.02444        0.01805        0.11731      300.00000       72.32358
   30    1    1     2937.10116     1607.89692      566.26268        2.19986       43.70136        0.00233        0.04587        1.45982        8.70000        0.13937        0.27840        1.45617       12.52054        0.03938        0.03288        0.00357        1.54790       42.95407        0.00225        0.01100       27.04198        0.19101        0.16482        1.54823       13.35904        0.04435        0.03673       -0.00033      300.00000       60.28512
   31    1    1     1623.74462     1768.38625      879.23750        8.06376      157.60854        0.03034        0.01632        1.43761        4.40000        0.00328        0.33326        1.40130       11.79006        0.03302        0.07008        0.03633        1.43591      157.28152        0.03019        0.01654        4.04746        0.00351        0.40382        1.33036       11.78986        0.03203        0.00191        0.10555      300.00000        0.67516
   32    1    1     1867.24076     2929.10530     1119.67279        3.03670       64.83991        0.00513        0.05055        0.73770       12.60000        1.54570        0.99934        0.73522       12.74593        0.03978        0.00006        0.00249        1.82280       64.03283        0.00497        0.05979       27.43384        0.36036        1.08826        1.82200       12.85796        0.04064        0.00144        0.00079      300.00000       66.31258
   33    1    1     2511.35149   221991.31966    90968.66073        4.42631       70.44178        0.00606        0.02487        0.35954       20.90000      220.63896        1.37755        0.35702        4.15707        0.00433        0.00135        0.00252      100.96511       62.85675        0.00482        0.02908       22.42915        0.03045      121.36321      100.95607        8.87294        0.01992        0.00009        0.00904      300.00000       38.21654
   34    1    1     1162.55648     1721.16030      660.31310        8.78730      194.20299        0.04606        0.01359        0.80942       26.90000        0.13379        0.95127        0.78330       14.78401        0.05225        0.00129        0.02614        0.25671      194.26092        0.04607        0.01351       26.92715        0.86415        0.76801        0.23628       14.78404        0.05247        0.00676        0.02043      300.00000        0.03392
   35    1    1     2877.40075     1531.91464      640.16676        1.77925       20.39347        0.00051        0.01554        0.19342        5.00000        0.15972        1.54962        0.18495        6.87062        0.01146        0.00000        0.00850        0.21890       19.63080        0.00047        0.01377        5.31069        0.16796        1.50635        0.21931        7.52302        0.01399        0.00882       -0.00040      300.00000      125.70548
   36    1    1     2879.84915    45028.24794    18633.13581        6.40486       96.85229        0.01146        0.01647        0.45537       37.10000       46.34458        1.28963        0.44493        6.05036        0.00887        0.01678        0.01045       44.07646       95.98124        0.01124        0.01631       37.52980        0.11086        3.90770       44.06091        6.05200        0.00883        0.01176        0.01555      300.00000        7.35451
   37    1    1     2117.98203     2182.67458      786.21602        7.15096      126.26064        0.01947        0.01860        0.29422       12.80000        0.93261        1.44014        0.29443        6.17195        0.00947        0.01440       -0.00027        0.86709      126.42847        0.01945        0.01834       13.02951        0.61530        1.19033        0.86185        6.18995        0.00934        0.00907        0.00524      300.00000        1.13674
   38    1    1     1550.68835     1801.94049      610.97769        1.84572       43.55434        0.00232        0.06569        1.56408       24.30000        0.18088        0.16996        1.56461        5.25081        0.00683        0.00019       -0.00057        0.87779       66.60826        0.00541        0.10121       20.59604        0.74455        0.21028        0.87835       14.25639        0.05032        0.00039       -0.00056      300.00000       90.91332
   39    1    1     1523.58966     2476.99663      854.09863        1.22258       30.22164        0.00112        0.07351        1.09374       11.60000        1.14178        0.64110        1.09347       12.52823        0.03865        0.00556        0.00024        2.06688        6.55653        0.00005        0.05948       22.50494        0.30788        0.52608        2.06570       11.04792        0.03051        0.00459        0.00118      300.00000      156.36963
   40    1    1     1648.71129     4766.25698     2045.90167        1.92276       48.66795        0.00289        0.07535        0.65221       20.30000        3.70406        1.11202        0.62255       15.21605        0.05522        0.01766        0.02972        4.75690       54.24967        0.00358        0.06601       28.83946        0.06390        0.65500        4.71183       17.42371        0.07177        0.00228        0.04507      300.00000       97.71201
   41    1    1     1816.51668     1853.37100      765.40550        5.93396      145.59236        0.02589        0.04763        0.51862        5.10000        0.38378        1.21695        0.51762       10.93679        0.02939        0.00488        0.00096        1.19848      145.35336        0.02576        0.04766        4.77276        0.01053        0.91303        1.19459       11.00584        0.03044        0.00123        0.00389      300.00000        4.12410
   42    1    1     2771.16505   476817.36452   184723.55556        4.11695       38.09382        0.00177        0.00868        0.19072       27.40000      466.97807        1.56363        0.17093       16.82690        0.06800        0.00318        0.01978      283.78281       50.74394        0.00314        0.04497       17.28824        0.04130      184.87714      283.78326       14.18218        0.04976        0.01471       -0.00045      300.00000       86.23947
   43    1    1     4097.06995     1687.83113      644.42282        7.46070       65.74197        0.00528        0.00420        1.25945       17.70000        0.31760        0.48731        1.24725        7.24402        0.01332        0.00185        0.01217        1.14088       66.23119        0.00535        0.00467       17.46366        0.14352        0.77329        1.13491        7.24521        0.01278        0.00850        0.00596      300.00000        0.64731
   44    1    1     2530.98418    26169.85851    12275.70765        4.66896       91.14621        0.01015        0.03640        0.16268       16.40000       26.78674        1.57995        0.15462        8.17262        0.01622        0.00264        0.00804       12.73336       92.75035        0.01050        0.04620       15.54010        0.20446       15.58828       12.72261        4.17261        0.00441        0.00755        0.01074      300.00000       27.69914
   45    1    1     3958.62652    14744.10228     7067.85221        5.58887       76.16488        0.00709        0.01560        1.04672       27.10000       14.45043        0.69314        1.04143        8.38228        0.01712        0.00132        0.00539        9.89797       70.98148        0.00615        0.02131       29.65557        0.09731        6.20705        9.89714        1.33276        0.00044        0.00121        0.00083      300.00000       57.88984
   46    1    1     3137.08444    15129.38905     6680.87484        6.12957       85.31721        0.00889        0.01477        1.62727       13.20000       15.64727        0.10809        1.62648        3.07114        0.00235        0.00019        0.00074       13.58686       87.93446        0.00944        0.01316       13.92417        0.04520        3.75004       13.58740        3.25338        0.00262        0.00150       -0.00054      300.00000        5.16881
   47    1    1     1648.23804     1544.26620      648.80792        2.56255       62.03273        0.00470        0.06687        0.19558        6.60000        0.00267        1.53854        0.19602       15.42373        0.05881        0.01756       -0.00045        0.62410       43.80994        0.00233        0.07969        5.80277        0.01942        1.09377        0.60891       16.42992        0.06508        0.00033        0.01519      300.00000       87.03024
   48    1    1     2159.20395     1511.07919      618.04268        5.43531      115.30568        0.01624        0.03873        1.04256        8.10000        0.07268        0.69412        1.04045       10.19435        0.02603        0.00192        0.00213        0.38031      117.77870        0.01693        0.03927        6.40912        0.14034        1.28904        0.37664       10.19149        0.02537        0.00100        0.00368      300.00000        3.45096
   49    1    1     1910.96190     2562.07511     1113.19243        1.96717       36.58654        0.00163        0.04061        0.68101       25.80000        1.09688        1.05741        0.67715       13.38303        0.04374        0.01999        0.00384        0.83719       39.57485        0.00191        0.06170       27.52301        0.45680        1.55922        0.81320       10.02117        0.02404        0.00041        0.02399      300.00000      111.64195
   50    1    1     2126.57091     1609.96331      752.86800        8.32184      116.49639        0.01658        0.00736        1.20430       12.30000        0.01098        0.54237        1.19219        3.80026        0.00366        0.03544        0.01203        0.66192      116.01383        0.01643        0.00704       12.74341        0.01492        1.08287        0.64833        3.80054        0.00367        0.03384        0.01359      300.00000        0.21777
   51    1    1     1585.82399    63819.23191    27050.44530        7.53454      170.31285        0.03543        0.02698        0.61672       32.00000       65.28423        1.11733        0.61724       18.91160        0.08870        0.01426       -0.00057        4.98661      170.18045        0.03536        0.02675       32.05355       34.53538       27.51338        4.97034       18.91151        0.08614        0.00001        0.01627      300.00000        1.26652
   52    1    1     2434.13405     7580.73593     3539.75240        8.77720       90.58605        0.01002        0.00299        1.21697       19.40000        7.21998        0.52312        1.21144        7.72820        0.01455        0.00128        0.00546        0.83949       90.60998        0.01002        0.00299       19.39453        2.96524        5.15227        0.83702        7.72731        0.01462        0.00427        0.00247      300.00000        1.87642
   53    1    1     6997.39457     1412.50992      633.11936        4.68669       17.15448        0.00036        0.00128        0.95181        7.20000        0.02386        0.78965        0.94492        9.07429        0.02002        0.00348        0.00689        1.59813       23.95811        0.00070        0.00736       10.18811        0.02440        0.14817        1.58817        6.92112        0.01161        0.00009        0.00996      300.00000       71.94070
   54    1    1     2504.49277     1581.23003      637.85596        8.50839       96.31142        0.01133        0.00432        1.61178       13.60000        0.25571        0.12522        1.60934        9.77398        0.02339        0.03656        0.00254        1.86545       96.27847        0.01131        0.00446       13.51463        0.06008        0.07410        1.85596        9.77380        0.02316        0.02976        0.00949      300.00000        0.25826
   55    1    1     2598.12566     5032.69267     2253.17510        3.59245       73.91059        0.00667        0.04502        0.82837       19.60000        3.99944        0.90610        0.82847        9.70887        0.02345        0.10013       -0.00019        1.92251       89.16327        0.00969        0.03188       20.56288        1.53451        2.38312        1.82423       10.51331        0.02554        0.00195        0.09828      300.00000        9.02114
   56    1    1     2541.96908     1873.53189      801.80934        2.19530       35.69902        0.00156        0.03074        1.20674        6.00000        0.43862        0.53240        1.20216        7.82027        0.01492        0.01002        0.00456        0.92158       21.46799        0.00056        0.01341       24.30081        0.07368        1.21103        0.91985        2.73059        0.00187        0.01288        0.00173      300.00000      131.83860
   57    1    1     1458.68489     1685.62571      622.59010        5.13755      168.42133        0.03464        0.09661        0.09038       11.50000        0.02315        1.64414        0.09042       12.97707        0.04152        0.01013        0.00002        1.40729      170.03533        0.03520        0.10168        4.92688        0.00188        0.34649        1.40383       12.95634        0.04103        0.00702        0.00346      300.00000        9.90995
   58    1    1     4081.62319     7524.31501     3498.45087        1.01528       10.11242        0.00012        0.01199        0.42954       26.00000        7.26243        1.31189        0.42267        3.43764        0.00287        0.00003        0.00684        6.34147       32.99720        0.00133        0.01428       23.72749        0.98283        1.66906        6.33824        4.95039        0.00615        0.00374        0.00323      300.00000      124.02783
   59    1    1     5915.28674     1702.76812      829.58215        5.40225       63.14987        0.00487        0.01182        0.22915        9.90000        0.00525        1.53063        0.20393       12.24965        0.03590        0.01340        0.02519        0.40151       53.56401        0.00350        0.00684       17.89434        0.02181        1.34413        0.38532       11.38787        0.03124        0.02198        0.01619      300.00000       78.99519
   60    1    1     1835.36969     1462.57445      578.79581        0.06298        1.11719        0.00000        0.03843        1.49706        7.20000        0.00288        0.23814        1.49643        5.73197        0.00820        0.00063        0.00065        0.47009       11.27748        0.00016        0.04075        8.46731        0.00727        1.25559        0.47046        6.09739        0.00924        0.00224       -0.00036      300.00000      170.29649
   61    1    1     2640.68427     2222.16685      716.09123        3.44897       70.74030        0.00611        0.04527        0.88289       21.70000        0.75053        0.91010        0.82447        0.50022        0.00006        0.02179        0.05835        0.47173       63.65826        0.00494        0.01973       21.91407        0.97448        1.10156        0.42138        7.89244        0.01469        0.02961        0.05035      300.00000       15.45739
   62    1    1     1571.06591   110479.72863    45837.75782        6.81207      174.90443        0.03736        0.04315        1.26423       15.30000      111.32514        0.47423        1.26033        4.83472        0.00571        0.00428        0.00392       91.75185      174.67811        0.03723        0.04354       15.47425        0.56040       20.75163       91.74740        4.81909        0.00567        0.00375        0.00445      300.00000        3.03677
   63    1    1     2194.69148     2698.62147     1321.79910        1.42099       22.01757        0.00059        0.02873        0.68300       17.30000        1.25306        1.05366        0.68090        5.07062        0.00644        0.00917        0.00209        0.69253       21.92525        0.00059        0.02293       18.39091        0.55139        1.74726        0.69081        6.38831        0.01021        0.00975        0.00172      300.00000      137.63874
   64    1    1     1605.53180     2521.89949      771.20786        7.82953      166.27165        0.03377        0.02132        1.07490       25.00000        1.10028        0.67904        1.05552        9.30335        0.02210        0.00478        0.01939        0.73899      166.21906        0.03363        0.02140       25.02108        1.29564        0.81124        0.72802        9.30325        0.02095        0.01433        0.01097      300.00000        1.42122
   65    1    1     1716.50927     1553.69147      596.63835        0.54421       11.24991        0.00015        0.05204        1.71944       17.80000        0.08912        0.01702        1.71754        4.16746        0.00426        0.00823        0.00183        1.05119       19.10891        0.00044        0.05457        9.60630        0.06274        0.71013        1.04370        6.00860        0.00912        0.00209        0.00749      300.00000      166.28447
   66    1    1     6922.85776     1685.58651      862.45580        5.17844       81.07303        0.00803        0.02191        1.40128        5.10000        0.03977        0.33326        1.40130       10.83710        0.02924        0.01449       -0.00001        1.66594       62.90424        0.00483        0.00846       18.36487        0.05343        0.08204        1.65540       10.87022        0.02861        0.00469        0.01054      300.00000      128.19978
   67    1    1     1954.34189     2691.05505     1181.54294        2.28984       62.42688        0.00476        0.08602        0.48275       19.70000        1.10623        1.28186        0.45270       11.86445        0.03356        0.00274        0.03003        1.56961       83.65316        0.00849        0.03860       29.85075        0.27215        1.05362        1.56746       10.19139        0.02545        0.03001        0.00215      300.00000       47.02715
   68    1    1      986.25099     9987.43439     4400.45146        8.87581      222.77710        0.06061        0.01633        0.65881       18.20000       10.06647        1.08782        0.64674        7.00079        0.01244        0.00216        0.01200        7.39771      222.82229        0.06048        0.01648       18.20228        0.34510        4.06952        7.38641        7.00192        0.01186        0.00349        0.01130      300.00000        0.37072
   69    1    1     1344.11655     2333.68010      945.32513        4.02678      153.74844        0.02887        0.14918        0.52991       29.50000        0.56608        1.21253        0.52204       10.56367        0.02820        0.01454        0.00797        0.44126      153.81027        0.02868        0.14389       27.86444        1.15295        0.70641        0.43674       12.31101        0.03698        0.01912        0.00452      300.00000       16.42112
   70    1    1     2313.77268     1789.56624      621.28653        7.28077      119.31141        0.01739        0.01541        1.54040       16.30000        0.21090        0.26535        1.46922       16.17521        0.06858        0.00731        0.07124        0.78625      118.44970        0.01707        0.01622       15.96425        0.71012        0.46375        0.77103       16.17490        0.06308        0.06886        0.01521      300.00000        2.12604
   71    1    1     1934.22679     6189.97927     2602.04865        0.68741       12.14470        0.00018        0.03794        0.76411       37.80000        5.70916        0.99934        0.73522        2.22366        0.00118        0.01203        0.02896        5.65626       22.68947        0.00063        0.05440       29.72693        0.71392        1.07926        5.61509        8.23645        0.01755        0.00192        0.04117      300.00000      147.28424
   72    1    1     3278.81435     2533.99693     1192.23290        7.22893       83.35086        0.00849        0.00775        0.16010       25.00000        1.00671        1.63519        0.09937       11.11592        0.03225        0.01279        0.06068        0.40628       83.27839        0.00847        0.00779       25.00674        1.23001        1.10606        0.40524       11.11859        0.03036        0.07432        0.00104      300.00000        1.60513
   73    1    1      972.77772     1525.95197      615.62262        8.90152      225.10422        0.06189        0.01622        0.99756       30.50000        0.04880        0.74269        0.99187        9.78946        0.02334        0.00207        0.00558        0.28222      225.12722        0.06189        0.01622       30.50032        0.05473        1.45061        0.27803        9.78834        0.02409        0.00282        0.00418      300.00000        0.09453
   74    1    1     1315.42812     1881.86158      868.93569        4.94420      177.31555        0.03840        0.11869        1.40179        3.10000        0.00985        0.33326        1.40130        7.07666        0.01249        0.00367        0.00054        0.19188      185.95195        0.04219        0.12598        5.47576        0.14426        1.41124        0.18995        1.08675        0.00030        0.00232        0.00192      300.00000        7.55822
   75    1    1     1106.90634     2567.14123     1115.84771        8.31160      224.33493        0.06146        0.02751        0.01130        3.40000        1.20956        1.72337        0.01120        3.74532        0.00346        0.05356        0.00005        1.17506      224.28313        0.06117        0.02775        3.55385        0.01110        1.76739        1.16569        3.74532        0.00340        0.04436        0.00937      300.00000        0.56432
   76    1    1     1946.60623     5930.36795     2378.38368        7.06118      141.37183        0.02441        0.02455        1.02368       39.10000        5.11464        0.73048        1.00408        6.31483        0.00958        0.00132        0.01963        3.39640      141.81537        0.02450        0.02480       39.02446        0.87587        2.58769        3.38537        6.30493        0.01008        0.00933        0.01104      300.00000        2.73654
   77    1    1     1785.74546     1648.96947      628.73137        8.25279      139.43895        0.02375        0.01112        0.92306        1.10000        0.05307        0.81348        0.92109       23.75145        0.13827        0.01029        0.00194        1.08253      139.36711        0.02368        0.01120        0.89555        0.01319        0.69592        1.07851       23.75126        0.13774        0.00878        0.00402      300.00000        0.95543
   78    1    1     2100.86137     2768.88572     1290.84708        5.52385      134.13575        0.02197        0.05004        0.27470       18.10000        1.22725        1.47011        0.26445       11.54928        0.03231        0.02855        0.01026        0.50468      139.63008        0.02373        0.05452       16.47056        0.74633        1.74295        0.46961       10.95540        0.02853        0.00420        0.03507      300.00000       31.41798
   79    1    1     2566.42664     1627.96586      627.01849        7.98913       99.04000        0.01198        0.00679        1.12775       16.20000        0.15884        0.60964        1.12493       16.25599        0.06629        0.00197        0.00285        1.07871       98.79545        0.01192        0.00669       16.30700        0.25039        0.56718        1.07603       16.25642        0.06628        0.00210        0.00268      300.00000        1.55827
   80    1    1     3363.41782     1523.76764      511.60648        0.48425        4.61233        0.00003        0.01105        1.02565       11.10000        0.11358        0.71808        1.01649       10.59567        0.02841        0.00033        0.00907        1.05182       16.90627        0.00035        0.01893       17.53012        0.21621        0.59475        1.04319        7.84540        0.01493        0.00013        0.00863      300.00000      153.33209
   81    1    1     1691.50349     1959.97128      780.68581        7.23404      162.20735        0.03213        0.02927        1.59907       16.90000        0.36339        0.13785        1.59672       10.72020        0.02814        0.04711        0.00231        1.45119      161.31893        0.03170        0.02929       17.13605        0.39161        0.30567        1.40111       10.71914        0.02709        0.00040        0.05008      300.00000        1.92616
   82    1    1     3661.70483     4908.95222     2138.14203        1.51080       15.60599        0.00030        0.01273        0.20329       26.30000        3.88899        1.59628        0.13829       10.56567        0.02614        0.00606        0.06497        2.49336       22.55890        0.00062        0.00838       38.05322        0.33477        2.88782        2.42655        5.68584        0.00756        0.00129        0.06680      300.00000      120.78293
   83    1    1     1209.68436     2551.66738     1173.03148        7.75449      217.17699        0.05761        0.03819        0.29537       12.80000        1.01169        1.43879        0.29577        7.49124        0.01393        0.00274       -0.00050        1.29371      217.13613        0.05754        0.03808       12.94683        0.20533        1.24757        1.29355        7.49527        0.01384        0.00225        0.00016      300.00000        0.53101
   84    1    1     1574.45750     2257.10721      873.71798        0.58968       12.54638        0.00019        0.05510        0.35235       35.10000        0.80768        1.38179        0.35277       19.36504        0.09274        0.00227       -0.00043        0.93825       40.89126        0.00204        0.09098       39.70424        0.08929        1.55819        0.93724        7.19346        0.01271        0.00066        0.00101      300.00000      141.77723
   85    1    1     1901.14175     1622.29749      666.97423        1.99999       51.90435        0.00329        0.07897        0.73287        7.40000        0.17360        1.00137        0.73320       10.47086        0.02708        0.00428       -0.00030        1.48632       20.76646        0.00053        0.04451       20.46628        0.10026        0.34628        1.48673       13.23810        0.04353        0.00002       -0.00041      300.00000      143.83829
   86    1    1     1544.71815     1745.13767      517.18751        2.64129       65.99657        0.00532        0.07093        1.10964       12.90000        0.30576        0.62441        1.11016       10.59421        0.02784        0.00252       -0.00053        0.89400       46.67347        0.00266        0.05673       24.85459        0.59834        0.56854        0.89362        9.99530        0.02492        0.00122        0.00038      300.00000      104.25171
   87    1    1     1448.16600    13245.88238     7187.64913        8.30622      170.41253        0.03547        0.01594        0.55004       32.40000       12.31313        1.20014        0.53443        5.39031        0.00700        0.00721        0.01548        2.83586      170.65588        0.03555        0.01589       32.40113        0.98752       10.22944        2.83075        5.38962        0.00731        0.01736        0.00510      300.00000        0.77141
   88    1    1     1983.94897     4942.66918     2383.00363        2.46239       44.79710        0.00245        0.03797        0.53868       33.10000        3.86955        1.20014        0.53443        6.41152        0.01034        0.04267        0.00427        5.14692       51.62116        0.00324        0.05476       24.26101        0.22561        0.20308        5.14571        9.92133        0.02416        0.04401        0.00121      300.00000       87.72654
   89    1    1     1589.79741     2414.06350      751.84527        7.02165      170.29345        0.03542        0.03642        1.45657       26.00000        0.92595        0.27846        1.45611       16.74790        0.06997        0.02448        0.00043        1.86035      169.78670        0.03519        0.03750       25.66382        0.32412        0.47650        1.85898       16.75301        0.07019        0.02340        0.00137      300.00000        0.46885
   90    1    1     4638.36090     1659.34704      502.87351        4.36405       26.48345        0.00086        0.00364        1.09189       13.70000        0.30702        0.64220        1.09236       11.81679        0.03457        0.00518       -0.00053        1.22939       51.30483        0.00321        0.01459       23.03899        0.23382        0.59510        1.22967        4.14215        0.00426        0.00500       -0.00028      300.00000       51.86796
   91    1    1     2916.11103     3816.09011     1131.41284        1.47640       21.88194        0.00058        0.02624        1.19980       24.20000        2.83225        0.57832        1.15625        5.47535        0.00709        0.00086        0.04356        2.18872       26.21238        0.00084        0.02643       25.30251        0.80162        1.58244        2.18913        2.25232        0.00125        0.04385       -0.00040      300.00000      136.14212
   92    1    1     1953.74557     1511.42799      593.72225        2.90194       53.80332        0.00354        0.03845        1.22788        8.10000        0.00382        0.51505        1.21952        7.65759        0.01482        0.00503        0.00838        1.25905       68.47692        0.00571        0.04290        7.35031        0.00257        0.48016        1.25376        6.14729        0.00952        0.00868        0.00529      300.00000       74.30661
   93    1    1     2333.52521     1646.45388      789.73973        7.99456      113.28926        0.01568        0.00885        1.41487        3.50000        0.01951        0.32900        1.40557       13.02613        0.04294        0.00205        0.00932        0.29557      113.70598        0.01576        0.00882        3.41575        0.89026        0.57859        0.28518       13.02608        0.04109        0.00279        0.01039      300.00000        2.22723
   94    1    1     2233.73997     1842.25837      606.06038        3.41927       65.11229        0.00518        0.03911        0.87636       21.80000        0.43229        0.85859        0.87598        9.45285        0.02200        0.00919        0.00032        1.75504       57.18403        0.00399        0.04478       22.85932        0.19819        0.23044        1.74716        6.16168        0.00959        0.00068        0.00788      300.00000       41.78839
   95    1    1     2705.37764     3301.93531     1234.86102        3.84426       95.84358        0.01122        0.06470        0.68112       21.40000        2.03752        1.05642        0.67814        9.89019        0.02392        0.05087        0.00295        1.30861       73.30319        0.00655        0.01673       43.66873        1.93771        0.64548        1.25819        5.32500        0.00668        0.00401        0.05041      300.00000       19.38467
   96    1    1     2563.85333     1551.64180      627.72829        4.17309       80.35557        0.00789        0.03740        0.89605       13.50000        0.04090        0.83799        0.89658        5.00482        0.00620        0.00391       -0.00046        0.81081       72.06808        0.00632        0.02040       18.54865        0.44944        0.52563        0.80865        8.13342        0.01621        0.00153        0.00216      300.00000       21.96161
   97    1    1     1677.93883     2410.22022      874.43753        7.60035      160.75123        0.03156        0.02308        0.58429       20.20000        1.08844        1.15104        0.58353        7.95174        0.01554        0.00868        0.00082        1.65938      161.11557        0.03168        0.02385       19.73077        0.80369        0.35919        1.65916        7.95051        0.01575        0.00909        0.00022      300.00000        1.39173
   98    1    1     4326.48736    13165.26734     5812.67726        0.84510       16.62628        0.00034        0.04693        0.54315       18.60000       13.17205        1.19162        0.54294       15.27721        0.05817        0.01971        0.00025        4.11579       31.70455        0.00123        0.00281       36.36901        0.54549       10.34624        4.11243        5.53946        0.00770        0.01272        0.00336      300.00000      106.20868
   99    1    1     2069.91610    73771.25932    30014.58691        5.98275      134.59288        0.02212        0.03969        0.75367       18.90000       75.70550        1.03950        0.69506        5.58253        0.00732        0.00030        0.05867        5.88763      134.60146        0.02212        0.04076       20.28511        0.02873       71.57158        5.83904        5.32757        0.00670        0.01055        0.04859      300.00000       14.52380
  100    1    0     8136.79944   206005.17109    82236.66078        7.18494       37.52871        0.00172        0.00161        0.68309       20.50000      206.36098        1.05454        0.68003        6.42704        0.01010        0.00353        0.00307      180.79996        0.00000        0.00000        0.00000       48.00414        0.01599       27.29977      180.79996        0.00000        0.00000        0.00000        0.00000      300.00000        0.00000
