    1    1    1     3615.46673   327345.05240   131411.20322        6.93502       78.09551        0.00745        0.00804        0.37637       51.30000      323.38178        1.35985        0.37471        0.31446        0.00002        0.03552   -33197.38220       31.59386       77.60258        0.00735        0.00815       51.15921        0.08810      293.46567       31.56258        0.32761        0.00003        0.00603        0.03128      300.00000        5.65149
    2    1    1     2407.07912    20820.07051     9367.71808        6.85148      111.67839        0.01523        0.01722        1.02442       47.20000       22.02543        0.71753        1.01704        8.40568        0.01784        0.01045        0.00743       17.56532      112.00459        0.01531        0.01719       47.17716        0.62218        5.57280       17.56510        8.43275        0.01772        0.01762        0.00022      300.00000        0.47175
    3    1    1     1627.37561     1789.81191      833.18233        8.18481      153.91182        0.02893        0.01426        0.33340        3.30000        0.05061        1.40568        0.32888       18.23182        0.08110        0.00370        0.00449        0.47590      153.97929        0.02888        0.01429        3.40917        0.05308        1.26026        0.47189       18.23134        0.08354        0.00175        0.00400      300.00000        1.18408
    4    1    1     2144.59230     1850.91195      473.94979        8.39074      112.68989        0.01551        0.00652        1.52492       14.00000        0.41000        0.21019        1.52438        3.68556        0.00339        0.07086        0.00053        1.39370      112.61911        0.01548        0.00651       14.03896        0.48229        0.30971        1.35262        3.68582        0.00351        0.03018        0.04108      300.00000        1.54472
    5    1    1      695.27853  1778082.17875   591827.36622        0.56711       16.24042        0.00032        0.09984        0.64662        3.30000     1604.83057        1.08750        0.64707       16.03825        0.06387        0.00801       -0.00040      710.54106      153.49432        0.02869        8.79214      165.22946        0.55602      886.57060      710.22992       29.27607        0.18698        0.06940        0.31115      300.00000      164.79729
    6    1    1     2382.86388     3325.81757     1218.22575        4.63861       94.37569        0.01088        0.03968        1.04643       15.10000        2.10972        0.68938        1.04518       18.38300        0.08449        0.00685        0.00126        1.83453       83.18153        0.00844        0.03727       19.34791        0.49356        1.52621        1.83000       18.32902        0.08452        0.00290        0.00453      300.00000        5.32140
    7    1    1      873.92144     1633.77569      632.27507        8.46615      279.84763        0.09565        0.03780        1.62455       11.00000        0.03851        0.10942        1.62515        9.12633        0.02063        0.07023       -0.00057        1.02380      279.69890        0.09501        0.03853       10.82480        0.07651        0.68698        1.00939        9.12613        0.02009        0.05586        0.01441      300.00000        0.10354
    8    1    1     2889.27762     1546.97394      606.14208        1.14651        9.44020        0.00011        0.00817        0.60643       32.90000        0.07680        1.13217        0.60239        5.72555        0.00824        0.01716        0.00404        1.07906       53.79354        0.00352        0.06601       14.47528        0.23392        0.44559        1.07483        3.72204        0.00348        0.01750        0.00424      300.00000      116.02579
    9    1    1     2086.67684     2176.88807      635.13129        8.43637      115.41399        0.01627        0.00659        1.50260       20.20000        0.73274        0.26098        1.47359        9.57074        0.02186        0.01863        0.02900        1.10176      115.08866        0.01617        0.00659       20.23432        1.00500        0.40812        1.05426        9.57060        0.02163        0.00040        0.04750      300.00000        1.24448
   10    1    1     2877.17813     1702.34314      785.58293        3.37455       58.90890        0.00424        0.03298        1.24164       11.10000        0.14891        0.49242        1.24215        8.76924        0.01908        0.00032       -0.00046        0.77171       67.24949        0.00551        0.01631       25.24096        0.27852        0.85740        0.77194        6.33840        0.00999        0.00017       -0.00023      300.00000       26.02417
   11    1    1     1383.89434     1705.83706      642.63841        3.59026      101.04310        0.01247        0.08427        0.30244       15.50000        0.20755        1.44084        0.29372        6.70226        0.01090        0.03021        0.00872        1.41345      114.18808        0.01591        0.09331        7.95966        0.12624        0.39808        1.40805        5.68184        0.00787        0.03382        0.00539      300.00000       51.56498
   12    1    1     1446.64590     4780.30926     2338.64461        1.82314       58.22956        0.00414        0.12045        1.28088       15.50000        3.32942        0.47191        1.26266        6.95149        0.01162        0.00039        0.01819        1.51336       56.40925        0.00387        0.07287       19.84992        2.14057        1.44636        1.49899       12.42317        0.03723        0.00454        0.01437      300.00000       89.39201
   13    1    1     1988.70479     1764.32129      826.91635        3.54929       86.27599        0.00909        0.06307        0.89551       20.20000        0.04418        0.83857        0.89599       11.30846        0.03173        0.01987       -0.00049        0.72177       92.28644        0.01039        0.05112       32.60681        0.19045        0.91129        0.70875        6.57473        0.01044        0.00657        0.01301      300.00000       14.78149
   14    1    1     2245.71239     6022.75487     2661.10014        5.17087      120.42403        0.01771        0.04853        1.28518       37.20000        5.13282        0.45532        1.27925       14.46090        0.05271        0.00006        0.00597        5.20102      119.98079        0.01750        0.05299       36.43361        0.49546        1.17590        5.19461       14.05157        0.04804        0.00141        0.00641      300.00000       33.89964
   15    1    1     2051.49752     1678.42660      796.62914        3.51810       66.22427        0.00536        0.03792        1.70051        8.70000        0.09120        0.03664        1.69792        4.77572        0.00572        0.01927        0.00262        0.50165       57.57938        0.00402        0.05787       14.94527        0.56522        0.74719        0.49739        2.69126        0.00177        0.01889        0.00425      300.00000       58.30532
   16    1    1     2545.13484     2778.19553      572.21821        4.66802       98.99835        0.01197        0.04296        1.22752       24.60000        1.39667        0.53010        1.20447       15.16448        0.05510        0.00572        0.02298        1.92341       96.68872        0.01141        0.04420       28.55037        1.11960        0.10326        1.91996       13.49240        0.04572        0.02244        0.00344      300.00000       50.12523
   17    1    1     4012.26832     1413.36732      603.73404        6.16917       71.51572        0.00625        0.01017        0.67508       15.40000        0.01977        1.05903        0.67553        8.42617        0.01757        0.00783       -0.00056        1.60160       79.12224        0.00765        0.01685        8.71935        0.03132        0.11728        1.59763        8.42956        0.01786        0.00313        0.00397      300.00000       31.50106
   18    1    1     3084.19349     4793.72369     1835.29645        2.21865       35.98646        0.00158        0.03055        1.38966       23.70000        3.87446        0.35375        1.38082        1.21363        0.00037        0.00302        0.00886        2.27741       30.52635        0.00114        0.00985       35.86267        0.78694        2.53884        2.27323       10.90037        0.02900        0.01022        0.00418      300.00000       94.26396
   19    1    1     2681.32239     1721.54919      775.68460        2.68892       29.32414        0.00105        0.01348        0.73317       12.20000        0.05929        1.00328        0.73129       19.65526        0.09673        0.00157        0.00182        0.90898       37.36145        0.00170        0.03586       33.88127        0.08587        0.85925        0.90522        8.14962        0.01669        0.00023        0.00376      300.00000      106.64953
   20    1    1     1602.35445     1577.66690      618.95333        7.67419      166.65184        0.03392        0.02368        0.79200       13.40000        0.03041        0.94584        0.78873       10.75019        0.02825        0.00001        0.00337        0.25425      166.95835        0.03389        0.02437       12.86022        0.06612        1.44476        0.25337       10.75032        0.02840        0.00232        0.00087      300.00000        0.52004
   21    1    1     1598.71008     3551.72388     1355.18509        3.58379       92.05508        0.01035        0.07023        0.85893       16.40000        2.35469        0.93350        0.80107       11.45276        0.03419        0.01600        0.05781        2.47189       69.57316        0.00589        0.05832       18.36515        0.33530        1.36467        2.39299       13.36547        0.04158        0.00024        0.07891      300.00000       67.34211
   22    1    1     2748.52152     4620.56537     2376.23057        6.64205      105.25166        0.01353        0.01714        0.33049        6.20000        3.19464        1.41036        0.32421        4.72389        0.00563        0.02731        0.00630        4.81384      104.49989        0.01330        0.01740        6.49207        0.01849        0.11002        4.80086        4.63946        0.00547        0.02056        0.01297      300.00000       11.63459
   23    1    1     4487.53976     4284.91045     1712.89272        4.33222       36.43159        0.00162        0.00702        1.28111       18.80000        3.42109        0.46375        1.27082       10.65621        0.02751        0.00069        0.01024        3.12188       30.41296        0.00113        0.00864       17.40137        0.22267        1.79863        3.12147       12.90463        0.04153        0.00831        0.00042      300.00000       44.03472
   24    1    1     1387.67050     1574.94786      645.87322        1.66272       43.12333        0.00227        0.07988        0.29165       13.80000        0.08105        1.49002        0.24455        8.89026        0.02051        0.00299        0.04713        0.89045       70.53235        0.00606        0.07285       24.35014        0.06642        0.90293        0.86874        2.21781        0.00126        0.02840        0.02171      300.00000      111.78964
   25    1    1     1309.84153    30269.78780    13931.50475        7.31778      206.61636        0.05214        0.04523        0.54715       29.20000       31.47673        1.19062        0.54394        9.57834        0.02303        0.05591        0.00313        2.97801      206.30695        0.05198        0.04424       29.56989       16.23483       14.03868        2.93902        9.57845        0.02371        0.01940        0.03898      300.00000        0.78862
   26    1    1     1675.20423     1683.35857      622.18171        4.61299      113.45901        0.01572        0.05816        1.22057        3.50000        0.17241        0.54126        1.19330       12.45683        0.03983        0.05637        0.02722        1.89662      125.74239        0.01931        0.09216        1.90993        0.00971        0.07352        1.82183        3.76227        0.00372        0.00930        0.07480      300.00000       14.09322
   27    1    1     1330.05366     4037.29606     1718.46477        7.22381      201.75932        0.04972        0.04556        0.99178       20.90000        2.83927        0.75876        0.97581        9.36662        0.02114        0.00458        0.01601        1.40820      201.44029        0.04950        0.04553       20.98147        1.10745        2.05967        1.40691        9.37447        0.02157        0.01887        0.00129      300.00000        0.56884
   28    1    1     6691.55614     3023.29348     1371.26290        4.93007       68.94555        0.00581        0.01808        0.03345        6.50000        1.87596        1.70081        0.03375        3.83642        0.00364        0.00005       -0.00035        2.40729       69.13523        0.00583        0.01393        7.27952        0.00211        1.19984        2.40776        5.93634        0.00873        0.00007       -0.00047      300.00000      111.71073
   29    1    1     4400.48465     1490.25349      600.56668        6.58510       70.00641        0.00599        0.00782        0.69788        2.40000        0.03162        1.03696        0.69761       11.58319        0.03303        0.01163        0.00036        0.89157       70.70167        0.00610        0.00699        4.43480        0.00666        0.87172        0.88851       11.58352        0.03367        0.00822        0.00306      300.00000       23.93070
   30    1    1     2709.04637     1648.03033      623.08090        4.27993       62.97215        0.00484        0.02160        0.70475       11.10000        0.15209        1.03696        0.69761       13.95102        0.04913        0.01012        0.00711        1.33498       64.22991        0.00503        0.04102       22.59237        0.08500        0.49767        1.31825        7.75698        0.01533        0.00046        0.01673      300.00000       21.07032
   31    1    1     2128.39755     3599.12124     1044.86878        6.16401      126.72788        0.01961        0.03201        1.27395       51.30000        2.21718        0.46732        1.26725       12.52533        0.03958        0.00000        0.00660        0.98672      126.19510        0.01938        0.03374       51.19764        2.07329        0.89085        0.98713       12.36740        0.03799        0.00767       -0.00041      300.00000        4.70786
   32    1    1     4240.39414     8325.47475     3853.54334        6.78028       61.57318        0.00463        0.00544        0.53024       26.50000        7.92947        1.20453        0.53003       13.26260        0.04333        0.05596        0.00015        7.91106       63.41581        0.00491        0.00519       26.52567        0.41569        1.36548        7.88291       13.26225        0.04199        0.02927        0.02816      300.00000        2.99323
   33    1    1     2072.58588     1634.47034      647.93236        2.94101       49.03763        0.00294        0.03102        0.41285       23.90000        0.18866        1.32196        0.41261        5.43627        0.00737        0.03273        0.00023        0.65021       37.95005        0.00175        0.05912       10.49559        0.60031        0.66469        0.62008        8.97254        0.01920        0.00225        0.03012      300.00000       87.54597
   34    1    1     1812.33585     1504.40621      582.34462        1.09253       24.67751        0.00074        0.06157        1.17739        0.90000        0.00029        0.57949        1.15507        5.97426        0.00913        0.02978        0.02226        1.13127       36.12983        0.00159        0.04317        4.75041        0.20896        0.40911        1.09799       14.14592        0.04762        0.01667        0.03328      300.00000      125.23476
   35    1    1     2136.76344     2061.66806      908.99052        2.64357       45.90208        0.00257        0.03425        0.20226        1.90000        0.61265        1.53624        0.19832       12.37797        0.03741        0.00131        0.00396        0.76147       37.60523        0.00172        0.02966        4.47118        0.00991        1.57766        0.76201       12.90608        0.04123        0.00502       -0.00054      300.00000       97.40457
   36    1    1     1759.90293     2203.28651      905.53928        3.65692       78.16541        0.00746        0.04834        0.39243       16.00000        0.72328        1.34246        0.39210       14.55327        0.05280        0.01449        0.00027        2.00164       95.28008        0.01100        0.06800       21.15572        0.03168        0.44967        1.98561        8.69768        0.01926        0.00000        0.01603      300.00000       51.44609
   37    1    1     2200.44026     1612.88526      690.78440        5.21764      116.91130        0.01669        0.04463        1.26752       14.10000        0.04268        0.46895        1.26561        8.30438        0.01727        0.00619        0.00194        0.32961      116.68792        0.01655        0.05020        5.84848        0.38157        1.05705        0.33011        9.01203        0.02013        0.00883       -0.00051      300.00000       20.70184
   38    1    1     1800.67904  2949782.68425   946821.32297        2.29520       36.38823        0.00162        0.02908        0.99526       13.40000     2571.33991        0.75584        0.97872        3.13238        0.00250        0.01807        0.01656       81.78652       58.11526        0.00412        0.04501       34.52438        0.05873     2491.21656       81.77271        4.04712        0.00416        0.03033        0.01382      300.00000      109.97879
   39    1    1     2375.88489    16650.21408     6414.62152        6.98619      113.80144        0.01582        0.01659        1.36487       21.40000       17.78598        0.37753        1.35703        6.55954        0.01045        0.01746        0.00791        8.25974      112.67221        0.01549        0.01654       21.56476        2.29605        8.98803        8.23674        6.55976        0.01101        0.00185        0.02300      300.00000        0.66839
   40    1    1     6195.09486     1467.88544      604.48878        3.55060       60.55675        0.00448        0.03105        0.72852        2.40000        0.01604        1.01085        0.72372        7.22330        0.01272        0.00685        0.00488        0.26837       52.54103        0.00337        0.01465       13.75949        0.26795        1.22460        0.26583        9.48520        0.02202        0.00955        0.00255      300.00000      149.42914
   41    1    1     1755.50350     7166.14194     3379.24827        3.37833       90.92566        0.01010        0.07837        1.00622        7.40000        6.42805        0.74218        0.99238       13.59554        0.04462        0.00352        0.01382        1.04977       87.94663        0.00943        0.07033       13.75790        0.84745        6.24872        1.04966       16.48622        0.06772        0.01964        0.00011      300.00000       27.41345
   42    1    1     1303.16061     1995.43729      808.78972        0.14551        4.12612        0.00002        0.09818        0.47997       10.80000        0.46637        1.25596        0.47861        7.49204        0.01404        0.03920        0.00132        0.19846       34.30936        0.00144        0.08937       19.13490        0.66291        1.37337        0.17936        5.26695        0.00708        0.02112        0.01910      300.00000      156.05134
   43    1    1     2353.50435     1545.60461      556.68940        5.97968      113.35637        0.01569        0.02820        1.63630       21.90000        0.10787        0.11043        1.62414        7.37011        0.01313        0.00000        0.01224        1.10233      112.74265        0.01549        0.02801       21.96087        0.39301        0.34827        1.10125        7.45421        0.01365        0.01087        0.00107      300.00000        5.95454
   44    1    1     3808.76987     2045.31171      480.30147        5.34766       44.98591        0.00247        0.00617        1.30861       22.90000        0.66598        0.42764        1.30693       10.61623        0.02764        0.00824        0.00165        1.32751       39.76991        0.00192        0.04359       17.85721        0.79676        0.26494        1.32782        2.53612        0.00159        0.01045       -0.00031      300.00000       33.03783
   45    1    1     1992.03501     7557.57594     3389.62405        1.30251       22.60970        0.00062        0.03618        0.28411       23.50000        7.10919        1.45167        0.28289        2.27169        0.00129        0.00879        0.00125        3.85541       68.65831        0.00576        0.04741       33.75645        0.45153        4.49626        3.85252       10.69601        0.02870        0.00679        0.00289      300.00000       99.63132
   46    1    1     2268.05477     1509.75343      672.46481        1.75345       36.25636        0.00161        0.05061        0.46161        8.50000        0.00506        1.28659        0.44798       14.65118        0.05182        0.01786        0.01361        1.46165       39.05678        0.00186        0.02654       25.34693        0.08038        0.22656        1.46188       14.07661        0.04927        0.02892       -0.00023      300.00000       96.12475
   47    1    1     1714.28760     5399.60316     2479.33813        8.03026      149.30672        0.02723        0.01499        1.00789       12.60000        4.42110        0.72790        1.00667       11.41456        0.03257        0.02069        0.00123        1.91202      149.70860        0.02734        0.01488       12.65047        0.06804        4.17540        1.91227       11.41411        0.03216        0.02255       -0.00025      300.00000        0.58588
   48    1    1     4278.43292     1794.94720      543.97668        5.59700       58.14094        0.00413        0.00905        1.42507       36.20000        0.34693        0.31145        1.42312        1.28269        0.00041        0.00341        0.00200        1.08703       53.78080        0.00353        0.01849       29.06904        0.56897        0.40622        1.08235        7.87807        0.01514        0.00108        0.00467      300.00000       21.62066
   49    1    1    10691.57298     1486.86258      571.86938        7.12692       24.75402        0.00075        0.00073        0.37581        5.80000        0.13750        1.35893        0.37563        7.36777        0.01352        0.00706        0.00006        0.82184       30.07692        0.00110        0.00067        5.47541        0.34688        0.70990        0.81510        7.36774        0.01370        0.00022        0.00674      300.00000       10.85167
   50    1    1     2192.17414     1736.63954      685.90975        8.11491      116.26888        0.01651        0.00856        0.30875       11.00000        0.31944        1.43201        0.30255       11.89386        0.03567        0.00118        0.00610        0.74261      115.85036        0.01636        0.00845       11.24451        0.16267        1.14879        0.74282       11.89371        0.03518        0.00806       -0.00022      300.00000        0.54859
   51    1    1     6496.89333     1904.06978      760.96938        3.43810       31.44104        0.00121        0.00901        0.82701       21.30000        0.32145        0.90751        0.82705       16.00149        0.06374        0.03474       -0.00002        0.48033       54.89278        0.00368        0.00971       42.94293        0.80690        0.82553        0.47890        4.49246        0.00495        0.03358        0.00143      300.00000       47.30234
   52    1    1     1727.35093     1785.77156      523.88131        7.28234      153.96502        0.02895        0.02564        1.40596       13.30000        0.28997        0.36223        1.37233        2.73174        0.00178        0.10467        0.03361        0.61595      154.49287        0.02914        0.02572       13.11817        0.45375        0.98280        0.58774        2.72505        0.00177        0.11007        0.02821      300.00000        1.18915
   53    1    1     1966.06796     2223.64898      748.44325        3.97566      101.90031        0.01268        0.06755        1.07730       13.80000        0.78003        0.65696        1.07760       13.27903        0.04383        0.03241       -0.00030        1.61040      104.00772        0.01316        0.06919       14.07605        0.19941        0.71301        1.60672       12.31721        0.03812        0.02749        0.00368      300.00000       19.83248
   54    1    1     1909.77608     2688.84226      879.91817        1.90751       44.07722        0.00237        0.06284        0.61202       19.70000        1.43585        1.12781        0.60675        5.67793        0.00786        0.03077        0.00532        1.74063       34.55242        0.00145        0.04218       21.58837        0.32744        1.12843        1.71707       10.57550        0.02678        0.01260        0.02356      300.00000      104.38587
   55    1    1      855.92429     1974.42290      755.57440        8.33484      292.23315        0.10430        0.04584        1.05660       13.70000        0.34400        0.67874        1.05582        3.15246        0.00248        0.00688        0.00082        0.97140      292.01831        0.10368        0.04627       13.82337        0.35720        0.75037        0.97117        3.15156        0.00245        0.00748        0.00023      300.00000        0.30558
   56    1    1     3658.62258     2136.38685      871.48773        4.98003       73.09361        0.00653        0.01979        1.06047       12.10000        0.71819        0.68158        1.05298       13.37704        0.04348        0.01051        0.00745        1.39190       74.76992        0.00680        0.02158       13.38089        0.12873        0.93544        1.39222       12.44400        0.03823        0.01788       -0.00032      300.00000       48.58406
   57    1    1     4783.35180     1727.40218      815.64444        0.52798        4.01370        0.00002        0.00704        0.73600       17.20000        0.23488        1.00101        0.73356        6.78536        0.01154        0.03988        0.00239        0.64977       11.59453        0.00016        0.00639       15.36299        0.27453        1.05112        0.63537        9.19237        0.02149        0.02691        0.01441      300.00000      144.25080
   58    1    1     3947.87386     1427.81715      583.14512        6.15344       76.69925        0.00718        0.01179        0.80198       23.60000        0.06251        0.93923        0.79534        2.91515        0.00214        0.00055        0.00669        0.44665       77.46182        0.00733        0.01119       23.82285        0.10911        1.24648        0.44201        2.80285        0.00198        0.00266        0.00464      300.00000       25.56273
   59    1    1     1442.81677     2485.85856      937.23534        8.95123      148.47460        0.02692        0.00668        0.33767       14.50000        1.10541        1.43013        0.30443       15.65393        0.05831        0.00015        0.03334        1.46058      148.29363        0.02685        0.00676       14.45405        0.42591        0.95788        1.45612       15.65376        0.06163        0.02568        0.00446      300.00000        0.42990
   60    1    1     2554.00596     1661.43122      727.02323        4.82611      103.12778        0.01299        0.04278        1.53165       17.10000        0.10907        0.20577        1.52879        6.94579        0.01180        0.01030        0.00290        1.24916       84.04679        0.00859        0.03025       22.26666        0.15075        0.45713        1.24721        8.38833        0.01725        0.01123        0.00195      300.00000       19.78853
   61    1    1     1859.31613     1753.71474      631.60361        1.62372       48.20028        0.00284        0.10479        1.49656       16.00000        0.07825        0.24825        1.48632        8.99989        0.01962        0.10477        0.01030        1.47194       39.61759        0.00191        0.03199       22.57721        0.02601        0.36684        1.44336       17.87186        0.07623        0.08015        0.02857      300.00000      112.01299
   62    1    1     3010.14382     1570.85767      540.60962        2.83412       51.90597        0.00329        0.03768        1.30828        7.30000        0.14476        0.44232        1.29225        7.42797        0.01405        0.00322        0.01600        1.02020       59.93980        0.00437        0.02559       16.68574        0.46888        0.41754        1.00504        7.30860        0.01288        0.00415        0.01516      300.00000        2.80987
   63    1    1     2307.24486     1766.26058      654.84732        4.38066      103.82179        0.01316        0.05544        1.57495       34.80000        0.11263        0.16680        1.56777       15.52732        0.06087        0.00804        0.00716        0.99551      102.23168        0.01266        0.05008       41.10871        0.14587        0.74263        0.98325       12.94131        0.04048        0.00465        0.01227      300.00000       31.88587
   64    1    1     2873.73294     3393.46493     1460.97048        1.14531       26.44971        0.00085        0.06428        0.79628       20.40000        2.19361        0.95803        0.77654        9.76022        0.02433        0.01402        0.01977        2.95452       13.74845        0.00023        0.00717       24.05173        0.18012        0.84303        2.95424       11.31534        0.03153        0.03480        0.00028      300.00000      134.42174
   65    1    1     1511.46303     3044.79320     1209.49812        2.68424       61.22251        0.00458        0.05896        1.60195       31.30000        1.95106        0.13960        1.59497        7.48362        0.01413        0.02139        0.00697        2.01076       81.98140        0.00817        0.08719       21.46207        0.11514        1.53895        2.00641        5.68181        0.00812        0.02334        0.00435      300.00000       85.32533
   66    1    1     1627.28266    97079.50983    41647.71932        1.47055       26.93207        0.00089        0.04008        0.34465       31.50000       99.52814        1.40503        0.32953        8.43475        0.01715        0.00016        0.01516       22.96256       34.78145        0.00147        0.08577       22.71987        1.24205       77.01553       22.95822        8.83514        0.01905        0.00965        0.00434      300.00000      136.62485
   67    1    1     1873.18541     2253.23283      875.46116        3.33720       98.19578        0.01178        0.09397        0.78086        6.70000        0.73252        0.97400        0.76056        2.33871        0.00140        0.02859        0.02030        1.44274       73.45824        0.00658        0.02650        9.35943        0.08375        0.95544        1.42870       17.08955        0.07424        0.03384        0.01404      300.00000       52.33874
   68    1    1     2559.87058     1500.59691      636.05145        6.72410      105.19850        0.01352        0.01638        0.61576       14.70000        0.03427        1.12207        0.61250        8.60339        0.01809        0.00015        0.00329        1.11562      105.19123        0.01349        0.01661       14.55721        0.03802        0.61462        1.11599        8.60877        0.01830        0.00358       -0.00038      300.00000        0.75398
   69    1    1     3235.92888     5776.44587     2456.44028        7.64969       82.48192        0.00831        0.00589        0.75399       33.30000        4.84436        0.98014        0.75443       17.12064        0.07276        0.00027       -0.00052        3.39094       82.81395        0.00837        0.00585       33.28913        1.72771        1.46019        3.39104       17.12051        0.07230        0.00038       -0.00010      300.00000        1.14508
   70    1    1     3236.58506     2221.87982     1015.08058        4.96449       63.05649        0.00486        0.01485        0.63837       27.10000        0.69510        1.09559        0.63897       10.99222        0.02993        0.02375       -0.00053        1.93828       69.10767        0.00581        0.04112       17.55849        0.21962        0.26087        1.92585       10.19721        0.02639        0.01036        0.01243      300.00000        4.86681
   71    1    1     2213.93910     4024.98655     1954.38447        8.13034      113.77414        0.01581        0.00811        0.36372       21.90000        2.77903        1.37439        0.36017       10.22932        0.02557        0.00987        0.00355        1.85822      114.24263        0.01592        0.00811       21.88610        0.42874        2.23482        1.85000       10.23005        0.02541        0.00528        0.00822      300.00000        0.88445
   72    1    1     2106.67327    25610.84159    10610.54756        4.65660      102.31096        0.01278        0.04617        0.00739        7.60000       26.32856        1.72878        0.00579        4.05423        0.00411        0.04438        0.00149       18.41245      104.67900        0.01338        0.04579       10.38843        0.02373        9.65999       18.38010        1.82011        0.00079        0.01607        0.03235      300.00000        1.45017
   73    1    1     1992.48829     1726.12757      615.64970        0.79021       16.25214        0.00032        0.05134        0.80116       19.70000        0.20370        0.93965        0.79492        8.39519        0.01777        0.03878        0.00622        1.29329       26.77811        0.00087        0.04270       36.34996        0.41430        0.26077        1.28685        1.70456        0.00071        0.04008        0.00644      300.00000      146.38945
   74    1    1     1801.48562     7891.19182     3501.34294        5.47237      144.06019        0.02535        0.05929        0.55692       33.90000        7.23836        1.18049        0.55408        7.46658        0.01399        0.00369        0.00289        4.02472      141.74057        0.02443        0.05673       34.42994        0.45425        4.49901        4.02142        7.89155        0.01563        0.00330        0.00329      300.00000        8.14787
   75    1    1     1725.72366     3916.86948     1633.46916        1.99677       39.35420        0.00189        0.04555        0.99140       34.10000        2.74186        0.74732        0.98725       14.60157        0.05361        0.00188        0.00424        2.83003       34.59945        0.00146        0.07486       21.26494        0.03227        1.59472        2.82922       13.10986        0.04292        0.00726        0.00081      300.00000      115.28290
   76    1    1     5287.00222     1536.56255      583.64117        5.83980       76.60557        0.00717        0.01385        0.67530       11.60000        0.09954        1.06441        0.67015        4.57826        0.00511        0.00931        0.00514        0.77555       58.50657        0.00417        0.00730       16.95635        0.09784        0.98208        0.76242        5.07486        0.00654        0.00120        0.01313      300.00000       95.37576
   77    1    1     2026.82770    42296.12630    18713.26727        8.89537      106.32752        0.01381        0.00364        0.73274       29.60000       44.05614        1.00264        0.73192       11.53117        0.03268        0.07446        0.00079       22.54007      106.52834        0.01386        0.00361       29.58819        0.69181       22.61214       22.48681       11.53101        0.03459        0.02009        0.05326      300.00000        0.85765
   78    1    1     2261.50607     2673.84984     1147.49834        2.49561       37.65471        0.00173        0.02607        0.76420       20.60000        1.45679        1.05548        0.67908       10.61867        0.02618        0.00010        0.08509        1.55842       30.50553        0.00114        0.03359        9.65113        0.04906        1.60659        1.52202       12.29665        0.03592        0.04583        0.03640      300.00000      108.15093
   79    1    1     2325.54186     1594.25652      615.38320        2.06327       29.17465        0.00104        0.02338        1.37803       36.40000        0.07860        0.37084        1.36372        4.53019        0.00495        0.01624        0.01430        0.10723       43.61139        0.00232        0.04575       31.04620        0.08120        1.60332        0.10712        2.97195        0.00220        0.03105        0.00011      300.00000      108.48428
   80    1    1     2723.60121     1870.87344      600.97218        3.57365       67.97083        0.00564        0.03854        1.65831       13.90000        0.56564        0.08222        1.65235        8.25551        0.01718        0.00292        0.00589        0.85169       39.33934        0.00189        0.01524       25.83470        0.24305        1.23421        0.85212        7.77397        0.01493        0.00944       -0.00043      300.00000       50.63335
   81    1    1     1884.11164     1754.53762      815.81010        5.07958      134.81040        0.02220        0.06383        0.62506       18.10000        0.09005        1.10913        0.62543        2.13569        0.00113        0.01600       -0.00050        0.25593      128.55771        0.02002        0.05805       22.32651        0.09062        1.49160        0.25147        0.73688        0.00013        0.01105        0.00446      300.00000       11.65916
   82    1    1     1686.86369    38547.68966    15364.05673        7.82993      155.17699        0.02941        0.01856        0.35144       21.20000       40.06640        1.44571        0.28886        4.62302        0.00558        0.02283        0.06249        0.63748      155.75882        0.02962        0.01862       21.09021       10.29932       30.89313        0.60830        4.62465        0.00550        0.05628        0.02918      300.00000        0.16380
   83    1    1     3195.00853     3880.33048     1594.37027        1.52484       22.82442        0.00064        0.02673        0.28264       22.20000        2.79905        1.45146        0.28311        3.79309        0.00357        0.00392       -0.00050        3.10865       21.11479        0.00054        0.02347       20.05659        0.73886        0.68131        3.10509        7.81945        0.01494        0.00023        0.00356      300.00000      120.17338
   84    1    1     3400.01713     1811.50884      371.06645        1.91222       21.93304        0.00059        0.01548        1.59216       18.30000        0.41923        0.15434        1.58022       10.47714        0.02785        0.01008        0.01197        1.12270       46.20558        0.00260        0.01265       20.14706        0.83418        0.22376        1.10180        9.51094        0.02312        0.00073        0.02091      300.00000       63.97601
   85    1    1     5074.62634     1938.60215      622.81182        0.88555       13.43561        0.00022        0.02789        0.82981       39.90000        0.52181        0.93809        0.79648        8.56117        0.01744        0.00003        0.03329        0.75356       24.63816        0.00074        0.00214       31.69020        0.80225        0.70093        0.72294       17.04434        0.07472        0.00097        0.03061      300.00000      104.90589
   86    1    1     2915.15523     1701.46490      654.52924        2.80583       35.80333        0.00157        0.01832        0.85794       15.30000        0.13478        0.92535        0.80921       13.26262        0.04150        0.00918        0.04876        0.64246       31.33101        0.00120        0.02277       17.04958        0.44484        0.78163        0.63397       13.75983        0.04787        0.04789        0.00849      300.00000       83.19059
   87    1    1     2045.56384     1650.14010      640.03353        5.24839      122.36267        0.01829        0.04810        1.11001        7.40000        0.02467        0.65453        1.08003       14.07703        0.04725        0.09744        0.02992        0.34972      118.00267        0.01697        0.06372        3.69440        0.16058        1.28209        0.31458       12.10099        0.03481        0.09241        0.03514      300.00000       19.34152
   88    1    0     1075.21553  8036159.17810  2677771.48511        0.07495        0.94011        0.00000        0.01921        0.24648       14.40000     6905.31774        1.49037        0.24420       14.18950        0.04931        0.01356        0.00235      623.82628        0.00000        0.00000        0.00000       14.95796        0.00559     6283.17147      623.82628        0.00000        0.00000        0.00000        0.00000      300.00000        0.00000
   89    1    1     1832.89032     3362.22910     1626.59194        6.13880      143.85833        0.02528        0.04180        1.26136       13.50000        1.86367        0.47338        1.26118       14.12476        0.04914        0.04792       -0.00347        2.11356      143.44749        0.02512        0.04176       13.62133        0.17299        1.32185        2.10354       14.12431        0.05052        0.03675        0.01002      300.00000        0.97502
   90    1    1     1996.05050     1790.14108      783.66019        2.84818       40.55073        0.00201        0.02275        1.53587       20.00000        0.07456        0.19816        1.53640       21.03667        0.10953        0.06651       -0.00047        0.22083       88.05649        0.00942        0.06972       35.77828        0.55113        1.11193        0.18747        7.32161        0.01276        0.03359        0.03336      300.00000       78.30596
   91    1    1     3125.61604     2328.10051      730.93151        4.56441       65.01031        0.00516        0.01961        0.83965       24.40000        1.04773        0.94101        0.79355        5.81946        0.00800        0.02894        0.04620        1.17886       44.17500        0.00237        0.01531       18.74774        1.21172        0.45615        1.10059       10.50327        0.02569        0.00001        0.07828      300.00000       33.13037
   92    1    1     4044.01040    45102.80477    19808.25209        1.95423       12.79300        0.00020        0.00503        0.59091       18.90000       47.00711        1.18206        0.55250        8.65257        0.01776        0.01428        0.03832       21.02570       40.36784        0.00198        0.34682       50.04569        1.44931       25.93691       20.98389       15.26705        0.05520        0.00142        0.04180      300.00000      119.76615
   93    1    1     2808.35447     1833.35848      915.88682        5.04206      104.11227        0.01324        0.03884        0.00789        2.20000        0.05891        1.72878        0.00578       14.78193        0.05354        0.01472        0.00218        1.45029      107.12218        0.01396        0.03737        4.39150        0.00107        0.34318        1.45002       14.76486        0.05369        0.01636        0.00027      300.00000       56.66708
   94    1    1     1995.57427     1752.88112      603.30549        2.14818       65.78374        0.00529        0.10925        0.56366        4.10000        0.13584        1.17197        0.56259       14.41214        0.05101        0.00705        0.00117        0.36561       89.67669        0.00981        0.03131       23.65969        0.29737        1.23651        0.36069       19.88501        0.09641        0.00705        0.00492      300.00000       34.13114
   95    1    1     6940.84173     2840.44282     1131.08106        5.65908       54.24964        0.00359        0.00763        1.19820       13.80000        1.66321        0.53694        1.19763        6.06733        0.00906        0.02947        0.00048        2.77798       47.67578        0.00277        0.00781       18.67550        0.28294        0.34903        2.77338        4.42887        0.00494        0.02263        0.00461      300.00000      113.14322
   96    1    1     7259.72903     2595.21452      915.13371        6.50589       32.66811        0.00130        0.00178        1.53220       30.70000        1.26026        0.22028        1.51429       14.38658        0.04978        0.01930        0.01788        0.60571       51.43259        0.00323        0.08317       12.12030        1.54744        0.83765        0.57519        4.65828        0.00558        0.00210        0.03052      300.00000        9.16671
   97    1    1     7017.79050     3158.00643     1272.24390        4.18785       28.14863        0.00097        0.00455        1.26124       28.70000        1.82601        0.48175        1.25282       10.74415        0.02918        0.00034        0.00842        0.86649       37.94721        0.00175        0.03400       25.51901        1.69608        0.98775        0.85690        8.60913        0.01797        0.00001        0.00959      300.00000      108.91754
   98    1    1     2956.99788    66381.77501    26507.47297        5.29649      100.09616        0.01224        0.03138        0.03210       43.90000       67.93892        1.70280        0.03176       16.70584        0.06870        0.08834        0.00036       29.91595       98.93753        0.01194        0.03131       43.45435        0.60545       39.22745       29.84039       17.06677        0.07647        0.00598        0.07556      300.00000       51.55498
   99    1    1     2301.43494     2529.39313      899.21627        6.44862      119.76267        0.01752        0.02461        0.73486       26.30000        1.09853        1.00854        0.72603       16.43287        0.06551        0.00001        0.00887        2.16812      118.51644        0.01713        0.02337       26.87216        0.34187        0.32426        2.16852       16.43527        0.06706        0.00777       -0.00040      300.00000        4.62530
  100    1    1     1219.36415     2060.51291      868.24148        7.11430      221.99887        0.06019        0.05873        0.61320       16.30000        0.46262        1.12222        0.61235        3.31723        0.00275        0.00020        0.00087        0.29574      222.32412        0.06001        0.05847       16.56939        0.87750        1.02465        0.29551        3.34447        0.00279        0.00076        0.00024      300.00000        0.34623
