    1    1    1     2976.95643     1575.14433      675.71050        7.72007       85.89277        0.00901        0.00611        0.93240        2.10000        0.21826        0.80923        0.92533        5.47928        0.00758        0.03252   -33197.37680        1.09118       85.48874        0.00891        0.00618        2.06786        0.01852        0.85468        1.07963        5.47650        0.00761        0.02804        0.01155      300.00000        4.12951
    2    1    1     1632.79612     1677.30164      802.61353        8.38639      151.88480        0.02817        0.01189        0.57811        7.40000        0.05008        1.16391        0.57066       10.71637        0.02900        0.02762        0.00752        1.73384      151.76271        0.02811        0.01190        7.47378        0.02875        0.05565        1.70031       10.71635        0.02959        0.00094        0.03354      300.00000        0.51883
    3    1    1     2029.53549     1547.29537      655.89583        0.74842       11.18738        0.00015        0.02714        0.74204       16.00000        0.01268        0.99990        0.73467       12.57065        0.03840        0.05045        0.00735        0.96979       16.72609        0.00034        0.06983       13.00601        0.16784        0.60788        0.95996        5.19627        0.00654        0.04854        0.00983      300.00000      159.08511
    4    1    1     1668.01545     3687.03137     1540.10677        2.99717       74.18628        0.00672        0.06810        1.09302       13.60000        2.35055        0.67196        1.06261       12.45658        0.03699        0.01980        0.03039        0.98370       60.71516        0.00447        0.08191       34.69669        0.63869        2.50723        0.94714        8.65831        0.01935        0.01179        0.03656      300.00000       64.15312
    5    1    1     1452.31466     1746.43523      739.67312        7.31380      184.63578        0.04164        0.03620        0.55102       30.80000        0.06785        1.18693        0.54763       13.79873        0.04781        0.01927        0.00342        0.15441      185.07416        0.04181        0.03728       30.38798        0.09951        1.54667        0.15492       13.80025        0.04722        0.02382       -0.00051      300.00000        0.17822
    6    1    1     1763.98275     2989.24665     1390.05324        1.39131       34.29326        0.00144        0.07276        0.26994       26.00000        1.39673        1.47556        0.25901       13.61440        0.04486        0.00424        0.01094        0.27590       32.44445        0.00127        0.04488       40.67529        1.63567        1.26039        0.26844       12.69676        0.04071        0.00670        0.00746      300.00000      128.17404
    7    1    1     4518.96630     1612.15728      564.09818        0.24741        2.50224        0.00001        0.01248        1.34625       10.60000        0.17532        0.43746        1.29710        7.19025        0.01220        0.00657        0.04913        0.24684       23.13668        0.00065        0.00289       14.42346        0.56604        1.14081        0.20711        8.11903        0.01704        0.01601        0.03973      300.00000      120.62987
    8    1    1     3164.46612     1522.02679      601.85274        3.52368       52.73754        0.00340        0.02396        1.33708        3.60000        0.00353        0.42170        1.31287       11.34616        0.03298        0.01308        0.02420        0.87516       57.37558        0.00401        0.01153       13.48382        0.05836        0.84931        0.83911       12.03456        0.03736        0.00000        0.03605      300.00000       36.43769
    9    1    1     1943.53238     1477.17916      597.43100        2.78084       56.35917        0.00388        0.04629        1.40283        4.50000        0.00891        0.33113        1.40343        5.23546        0.00679        0.02609       -0.00049        0.54436       60.79190        0.00450        0.04101       12.09367        0.01228        1.21884        0.52165        3.50301        0.00294        0.00199        0.02271      300.00000       79.15799
   10    1    1     6125.97367     5940.57885     2400.47680        1.31328        6.79557        0.00006        0.00321        0.79242       38.10000        5.25894        0.94219        0.79238        5.30907        0.00695        0.00136        0.00006        3.57429       20.20999        0.00050        0.03274       47.59707        2.56008        0.83387        3.57175        3.47468        0.00296        0.00069        0.00255      300.00000      132.16299
   11    1    1     3101.68271     1589.23142      557.68310        2.93558       31.14623        0.00118        0.01256        0.89428        9.20000        0.06344        0.84938        0.88518       20.03905        0.10160        0.00092        0.00917        0.42633       15.53496        0.00029        0.02427       18.24686        0.16477        1.22033        0.41547       18.72632        0.08489        0.00248        0.01086      300.00000       98.60420
   12    1    1     2129.14898     6151.54862     2980.17003        6.14793      124.27113        0.01886        0.03104        1.44524       17.20000        5.56906        0.32448        1.41008        7.00788        0.01266        0.00769        0.03520        5.91362      124.17927        0.01882        0.03070       17.48079        0.53146        0.85861        5.91397        7.00053        0.01218        0.04364       -0.00036      300.00000        2.38611
   13    1    1     5736.51803     1705.35037      769.38453        1.44960        7.25747        0.00006        0.00300        0.35189       17.80000        0.23096        1.38588        0.34869        7.90500        0.01528        0.00316        0.00312        1.72135       12.00725        0.00018        0.00334       17.75943        0.10645        0.12484        1.72135       10.53827        0.02737        0.00669        0.00001      300.00000      155.05975
   14    1    1     1962.41301    10062.70959     3738.34554        1.88701       25.92770        0.00082        0.02224        0.43283       35.30000       10.41389        1.30587        0.42869       21.81353        0.11616        0.02458        0.00411        4.69456       37.17475        0.00168        0.10089       32.56724        0.08698        7.29662        4.69412       21.20577        0.11215        0.02352        0.00043      300.00000      126.75519
   15    1    1     1188.59755     9807.22097     4269.51948        8.72334      193.94434        0.04594        0.01443        0.29291       28.30000        9.72659        1.49024        0.24432        5.73751        0.00777        0.02076        0.04861        5.33390      193.93927        0.04592        0.01460       28.22643        1.19803        4.94848        5.31442        5.73886        0.00841        0.04930        0.01948      300.00000        0.08124
   16    1    1     1308.40282     1801.36684      787.14148        2.69010       83.25407        0.00847        0.10851        1.51508       18.80000        0.06181        0.21907        1.51549       11.49307        0.03281        0.00311       -0.00034        1.05314       85.06664        0.00877        0.09494       20.78275        0.07843        0.67033        1.05299       12.82485        0.04098        0.00229        0.00015      300.00000       77.85012
   17    1    1     1920.74915     2367.12059     1016.22534        7.92405      135.92438        0.02256        0.01337        0.72632       16.80000        1.05464        1.01012        0.72444        3.19799        0.00251        0.00926        0.00191        2.28001      135.58301        0.02245        0.01364       16.71432        0.11580        0.39845        2.27482        3.19644        0.00249        0.00594        0.00519      300.00000        0.05371
   18    1    1     1166.42577     3216.74686     1397.44501        7.93415      223.32213        0.06091        0.03585        0.72876       26.40000        1.67505        1.01012        0.72444       17.51246        0.07713        0.00148        0.00436        0.47434      223.58838        0.06085        0.03665       26.08300        1.06379        1.87158        0.47338       17.51212        0.07536        0.00674        0.00095      300.00000        0.17182
   19    1    1     3929.22315     2445.31020     1050.77953        1.86390       21.16096        0.00055        0.01519        0.50512       10.00000        1.10955        1.23103        0.50353       11.97035        0.03585        0.00138        0.00159        1.95569       27.36738        0.00091        0.01333       13.55826        0.08769        0.81749        1.95276        9.68699        0.02295        0.00061        0.00293      300.00000       60.33304
   20    1    1     2440.85653     3645.21500     1591.59224        8.55905       97.32407        0.01157        0.00422        0.69916       21.70000        2.56611        1.03656        0.69801        6.04529        0.00913        0.00273        0.00109        1.69888       97.59356        0.01163        0.00426       21.70335        0.23066        2.37126        1.69876        6.04520        0.00900        0.00379        0.00012      300.00000        0.36325
   21    1    1     2828.60395     1433.77017      591.41245        6.30994       98.94102        0.01196        0.01807        0.92490        5.60000        0.00460        0.80914        0.92542        6.35793        0.01001        0.00553       -0.00058        0.86668       97.44672        0.01158        0.01744        7.19270        0.07546        0.80163        0.86311        6.33551        0.01008        0.00134        0.00356      300.00000        6.88327
   22    1    1     1188.97456     1771.53370      551.90077        8.02092      219.85741        0.05904        0.03273        0.76937       19.40000        0.23452        0.99650        0.73806       10.53316        0.02643        0.00691        0.03136        0.26967      219.88650        0.05881        0.03301       19.36695        0.43026        1.26946        0.26931       10.53356        0.02731        0.03699        0.00036      300.00000        0.87261
   23    1    1     1699.43991     2482.11256      731.37478        0.01376        0.27646        0.00000        0.04932        0.92174       10.10000        1.15887        0.82021        0.91435       13.83438        0.04651        0.03475        0.00739        2.01666       43.96774        0.00236        0.06829       24.79388        0.55878        0.28127        1.98815       18.93615        0.08559        0.01847        0.02851      300.00000      142.98600
   24    1    1     3170.14057     2577.22343      904.29133        4.95195       50.78598        0.00315        0.00970        1.55705       34.00000        1.38928        0.17783        1.55674       10.75023        0.02882        0.00244        0.00035        0.84779       63.34801        0.00487        0.06281       27.60399        0.53993        1.70927        0.84551        3.69907        0.00343        0.00016        0.00228      300.00000       48.10238
   25    1    1     1646.26150    13882.78330     7342.65476        2.06838       42.14137        0.00217        0.04853        1.40627       28.20000       12.43385        0.33333        1.40123       13.92852        0.04729        0.02097        0.00504        6.18979       70.66397        0.00609        0.07113       25.11166        0.31610        7.63103        6.18927       16.46416        0.06764        0.01067        0.00052      300.00000      103.92750
   26    1    1     3357.86972     7147.21183     3199.54912        0.82885       18.91297        0.00044        0.06315        0.75063       28.20000        6.52721        1.01073        0.72383        2.65356        0.00168        0.01993        0.02674        5.09116       24.01302        0.00070        0.00517       28.53984        1.00184        2.23503        5.04284       12.03772        0.03762        0.00225        0.04832      300.00000      116.82031
   27    1    1     3258.22832    15767.06848     6515.00550        7.98563       82.09325        0.00823        0.00468        0.55679       25.00000       16.82948        1.18117        0.55339        6.83325        0.01173        0.00639        0.00341        7.67759       82.46215        0.00830        0.00465       24.97498        3.35211        7.54391        7.66807        6.83192        0.01182        0.00011        0.00952      300.00000        3.24895
   28    1    1     1235.90164     1640.17417      627.92949        7.35024      216.71116        0.05736        0.04881        0.68022       10.40000        0.06868        1.05389        0.68067       13.02681        0.04197        0.03863       -0.00056        0.32853      216.32069        0.05705        0.04883       10.67143        0.01354        1.47671        0.31328       13.02680        0.04091        0.02400        0.01525      300.00000        0.59292
   29    1    1    14639.70449     3049.51976      933.81506        0.42239        2.21733        0.00001        0.00336        0.71767       18.90000        1.92029        1.02346        0.71111        7.97697        0.01548        0.02976        0.00665        1.42638       22.11593        0.00060        0.02071       27.60421        1.80623        0.41855        1.42634        3.40598        0.00286        0.03469        0.00003      300.00000      162.30693
   30    1    1     1731.74033     1966.31213      896.52189        2.01273       49.75813        0.00302        0.07162        0.57080       11.60000        0.38770        1.16324        0.57133       10.77028        0.02874        0.01269       -0.00059        1.93122       24.39404        0.00072        0.02711       37.84732        0.13898        0.13354        1.92139        4.44482        0.00479        0.00146        0.00983      300.00000      140.52642
   31    1    1     2150.11359   158329.60655    62576.00489        8.81450      104.31160        0.01329        0.00382        1.13129       33.50000      159.19875        0.60986        1.12470        8.46587        0.01744        0.01715        0.00659       59.50839      104.32833        0.01329        0.00379       33.50361        0.02997      101.41266       59.49063        8.47273        0.01727        0.00619        0.01776      300.00000        0.02899
   32    1    1     1872.33009     9688.57802     4251.98239        2.29143       46.84155        0.00268        0.04836        0.79033       14.50000        9.46568        0.94406        0.79050       10.43548        0.02709        0.00025       -0.00009        0.79335       13.96097        0.00024        0.04666       36.75404        1.46759        8.96828        0.79382        3.06633        0.00232        0.00001       -0.00047      300.00000      129.75440
   33    1    1     3083.91453     1753.58637      788.49391        5.63092       90.17926        0.00993        0.02139        0.21038       12.60000        0.07872        1.52482        0.20974       16.89807        0.07126        0.00015        0.00056        0.27255       85.51375        0.00892        0.01784       15.79704        0.03862        1.50864        0.27065       16.89820        0.06999        0.00012        0.00190      300.00000       14.54994
   34    1    1    13923.82668     1597.37948      622.38167        6.76188       42.89679        0.00225        0.00267        1.19716       12.10000        0.14173        0.53933        1.19524        5.59706        0.00768        0.04153        0.00192        0.63582       38.95243        0.00185        0.00286       13.93998        0.92376        0.35407        0.59891        4.56809        0.00496        0.00905        0.03691      300.00000       81.09053
   35    1    1     1950.92988     4944.20153     2080.96163        0.18546        4.36856        0.00002        0.06774        1.37908       14.50000        4.29312        0.37311        1.36145        4.09343        0.00403        0.04107        0.01756        1.15638       19.22066        0.00045        0.02855       28.79241        0.17765        4.73694        1.15456        1.51132        0.00057        0.05764        0.00182      300.00000      157.62118
   36    1    1     3841.75095     2980.04594     1396.34980        5.61899       84.40016        0.00870        0.01886        0.27691       15.20000        1.63571        1.49966        0.23491        6.03878        0.00863        0.00047        0.04204        1.22035       79.96781        0.00779        0.01386       19.74236        0.32799        1.87194        1.17861        5.19378        0.00639        0.00062        0.04175      300.00000       41.37750
   37    1    1     1978.00900     2244.42705      424.57553        4.36775      113.42151        0.01571        0.06665        1.26734       21.10000        0.78847        0.46678        1.26778       12.93487        0.04153        0.00020       -0.00049        1.00674      131.12946        0.02088        0.06649       17.09830        0.95679        0.55096        1.00733       13.39983        0.04446        0.00035       -0.00059      300.00000       28.83212
   38    1    1     1322.16048     2150.04024      598.64165        4.80208      159.84951        0.03121        0.10412        0.70682       14.60000        0.69528        1.03129        0.70328        4.74756        0.00566        0.04928        0.00348        1.64040      147.78286        0.02666        0.09824       12.52076        0.62418        0.21038        1.59258        8.74577        0.01985        0.00395        0.04781      300.00000       19.01117
   39    1    1     2264.51329     1562.95643      744.95131        0.35607        4.90802        0.00003        0.02317        1.24998        6.90000        0.00443        0.51380        1.22076        5.18061        0.00690        0.01376        0.02921        0.17529        8.44533        0.00009        0.02242        9.63387        0.02094        1.56193        0.15736        4.54387        0.00497        0.02643        0.01794      300.00000      167.50736
   40    1    1     4675.34247     1504.70387      633.44572        4.99287       74.69603        0.00681        0.02052        0.47942       12.70000        0.04150        1.25522        0.47935        5.51080        0.00748        0.02440        0.00003        1.10712       62.76195        0.00480        0.02068       17.33500        0.01474        0.66787        1.10161        2.44008        0.00145        0.01870        0.00551      300.00000      132.29604
   41    1    1     2783.71933     3145.40793     1127.33726        1.54083       19.80249        0.00048        0.01969        1.44703       21.00000        1.95672        0.31419        1.42037        9.78783        0.02458        0.00081        0.02661        3.05335       37.09284        0.00168        0.02299       26.72401        0.43430        0.24383        3.03049        2.04974        0.00101        0.00637        0.02286      300.00000      107.56055
   42    1    1     3073.00935     2622.76972     1115.89856        4.39976       66.88306        0.00546        0.02276        0.78286        3.60000        1.33460        0.95375        0.78081       12.58017        0.03878        0.02023        0.00208        0.92397       84.38609        0.00870        0.02740        4.83331        0.04333        2.12731        0.90145       10.73594        0.02763        0.00011        0.02252      300.00000       23.66487
   43    1    1     3295.25675    31463.78857    13978.97125        4.67968       59.88249        0.00438        0.01562        0.38937       22.00000       32.33109        1.35036        0.38421        7.18646        0.01300        0.00053        0.00524       16.62043       77.00816        0.00723        0.02441       31.36132       11.59750        5.82218       16.61941       10.44917        0.02682        0.00578        0.00103      300.00000       15.51938
   44    1    1     2624.69869     1500.37274      517.18746        3.35733       70.67588        0.00610        0.04802        0.35642       11.20000        0.04012        1.39436        0.34021        8.71098        0.01828        0.00975        0.01624        0.76975       40.17024        0.00196        0.01646       33.52055        0.44719        0.61445        0.75955        2.44803        0.00152        0.02172        0.01020      300.00000       39.80755
   45    1    1     1793.46065    40214.78879    16166.19936        5.18432      142.27431        0.02472        0.06726        0.05139       29.10000       41.43229        1.68885        0.04572        7.69531        0.01442        0.00041        0.00566       22.84698      144.77225        0.02559        0.06535       29.33086        0.17702       20.14548       22.84527        7.75184        0.01504        0.00389        0.00171      300.00000       16.41637
   46    1    1     1855.47500    38883.33225    15659.44627        5.71002      148.32289        0.02687        0.05554        0.14940       15.70000       40.03947        1.59855        0.13601       13.31946        0.04507        0.00128        0.01335       30.12481      145.78884        0.02591        0.05302       18.35410        0.77174       10.88489       30.12085       13.35065        0.04480        0.01104        0.00396      300.00000       14.04228
   47    1    1     1615.31661    31209.14510    14356.50276        6.94300      170.67504        0.03558        0.03823        0.31165       25.80000       32.60049        1.42865        0.30591       15.91407        0.06168        0.00611        0.00577       30.00737      170.11043        0.03530        0.03736       26.28440        1.42404        2.90482       30.00741       15.91312        0.06243        0.01108       -0.00004      300.00000        2.86593
   48    1    1     2393.77883     6984.99333     2980.47228        0.84987       17.83690        0.00039        0.05341        0.57455       33.50000        6.34515        1.20338        0.53118       10.69346        0.02706        0.01099        0.04331        2.47462       43.36748        0.00230        0.01596       45.53396        1.55226        4.12490        2.43744       11.34121        0.03320        0.01171        0.03718      300.00000      109.45704
   49    1    1     1920.66172     1882.65408      805.23106        2.74529       68.09253        0.00566        0.06947        1.47251        6.80000        0.08366        0.26245        1.47212       16.70584        0.06870        0.08834        0.00037        0.37449       50.68479        0.00312        0.04287       32.15745        0.05409        1.47554        0.36026       11.52024        0.03202        0.06867        0.01423      300.00000       63.89041
   50    1    1     5536.43721   170713.56247    66883.27767        6.35886       62.43923        0.00476        0.00701        0.84823       42.00000      171.56242        0.89198        0.84259       12.20416        0.03628        0.00001        0.00561       27.26756       62.81448        0.00482        0.00702       41.75119        0.31102      145.71872       27.26671       12.24460        0.03685        0.00475        0.00085      300.00000       47.70325
   51    1    1     1212.64680     1902.66999      883.22833        4.11224      141.71212        0.02453        0.12051        0.93433       25.10000        0.13168        0.85598        0.87859        6.35675        0.01052        0.00507        0.05578        1.48417      117.76687        0.01675        0.15494       14.62445        0.08169        0.33869        1.42279        5.04634        0.00597        0.00041        0.06139      300.00000       37.70247
   52    1    1     2023.00424     1867.66075      710.56471        0.12261        2.16936        0.00001        0.03823        0.94094       14.00000        0.45527        0.82965        0.90491       14.89851        0.05726        0.00353        0.03601        1.43100       29.62348        0.00107        0.03929       16.68372        0.06306        0.74086        1.38956       14.02661        0.04660        0.00300        0.04144      300.00000      149.06105
   53    1    1     1412.59305     3517.27100      973.19354        1.62609       49.79208        0.00303        0.11149        0.93411       26.80000        2.23965        0.80168        0.93288        4.77530        0.00560        0.00029        0.00123        2.89709       67.32903        0.00552        0.08452       31.42009        0.98225        0.11314        2.89762        6.85077        0.01163        0.00172       -0.00053      300.00000       92.78380
   54    1    1     2379.87455     1561.07048      635.02571        6.41554      114.20399        0.01593        0.02277        0.51395       26.80000        0.08127        1.25068        0.48389        6.87582        0.01127        0.05625        0.03012        0.82467      114.03511        0.01583        0.02281       26.85042        0.15078        0.88326        0.78190        6.84705        0.01214        0.04262        0.04277      300.00000        3.02596
   55    1    1     1585.36992     1725.87110      767.23720        6.63749      168.13828        0.03453        0.04384        0.48711       10.60000        0.01541        1.25884        0.47572       14.39397        0.05254        0.00293        0.01135        0.45321      167.92386        0.03443        0.04403       10.47227        0.75648        0.54654        0.44682       14.39424        0.05225        0.00826        0.00639      300.00000        0.76980
   56    1    1     1052.28884     1813.36969      607.48646        8.91716      209.10069        0.05340        0.01376        0.94519        7.80000        0.34913        0.78965        0.94492       13.69226        0.04674        0.01339        0.00037        0.28498      209.11953        0.05320        0.01398        7.76564        0.36537        1.44580        0.27249       13.69237        0.04531        0.00261        0.01249      300.00000        0.41893
   57    1    1     2194.51909     1559.23516      637.90932        6.75325      122.98289        0.01847        0.02203        1.07713       11.70000        0.08385        0.69544        1.03913       14.82053        0.05212        0.00304        0.03797        0.93551      123.13237        0.01846        0.02180       11.92525        0.01284        0.88016        0.92567       14.82198        0.05563        0.02769        0.00984      300.00000        0.49198
   58    1    1     4445.76575    37545.96277    14329.62958        5.56732       72.01965        0.00633        0.01410        0.20315       28.20000       38.97590        1.53338        0.20118       23.75145        0.13827        0.01029        0.00191        4.32490       72.56506        0.00642        0.01304       27.35338        0.60479       35.79656        4.31123       23.65470        0.13508        0.00060        0.01366      300.00000       56.60456
   59    1    1     3142.71751    13842.81475     6169.97113        4.20402       80.10289        0.00784        0.03650        0.44514        8.70000       13.96412        1.28952        0.44504       11.30918        0.03152        0.02142        0.00010        5.51570       76.67012        0.00717        0.01646       10.29385        0.09898       10.08980        5.50527       15.17313        0.05576        0.01222        0.01043      300.00000       15.74008
   60    1    1     3966.99285     1562.16507      619.15396        3.64685       55.26320        0.00373        0.02432        1.27181       17.90000        0.10443        0.46886        1.26570        9.27786        0.02095        0.01613        0.00618        1.01181       70.46478        0.00604        0.01344       23.55552        0.13904        0.70865        1.00541        8.07524        0.01587        0.01539        0.00640      300.00000       34.52047
   61    1    1     3073.60100    11837.22713     5276.26452        3.65220       39.53997        0.00191        0.01241        0.20681       23.70000       11.95443        1.55544        0.17913        5.23926        0.00656        0.00204        0.02772        5.10873       53.06034        0.00344        0.02281       19.00044        0.67318        7.90158        5.08295       10.44003        0.02606        0.00378        0.02577      300.00000       63.14737
   62    1    1     7476.73096     1607.54200      629.83335        4.37447       65.41404        0.00523        0.02208        1.39463       14.90000        0.14142        0.34016        1.39441        2.89252        0.00209        0.00693        0.00021        0.21828       59.30076        0.00427        0.01587       17.36780        0.85052        0.81207        0.21580        5.40109        0.00714        0.00439        0.00248      300.00000       86.30650
   63    1    1     1380.12944     1836.52341      822.02535        0.15475        4.44000        0.00002        0.10052        1.46884       30.90000        0.10172        0.26851        1.46605       11.26644        0.03184        0.00851        0.00282        0.23266       32.47079        0.00128        0.09629       21.69081        0.04357        1.54892        0.23291       13.34854        0.04399        0.01325       -0.00025      300.00000      159.07262
   64    1    1     3711.27793    75898.87796    31058.03945        4.27743       33.91433        0.00140        0.00627        0.91297       26.90000       77.96667        0.82129        0.91327        6.75029        0.01133        0.00772       -0.00024        6.00284       48.87647        0.00291        0.02227       24.18454        0.42067       73.25456        6.00014        9.82087        0.02419        0.00029        0.00270      300.00000       63.48345
   65    1    1     2650.35474    45884.39258    19760.81173        2.26986       36.16465        0.00160        0.02941        0.54798        8.50000       47.43864        1.18603        0.54853        5.62694        0.00784        0.00012       -0.00053       20.19011       44.04890        0.00237        0.01444        5.93889        0.00222       28.98833       20.19050        7.52795        0.01408        0.00001       -0.00039      300.00000       84.06266
   66    1    1     2594.79756    14893.52516     6413.98762        4.27197       46.78877        0.00267        0.01198        1.43206        5.60000       15.38601        0.35277        1.38180        6.61145        0.01136        0.00812        0.05021        1.03534       67.18504        0.00551        0.12630       12.57637        0.40039       15.57509        0.98738       13.63301        0.04824        0.01409        0.04797      300.00000       61.25963
   67    1    1     2388.16194     1649.66637      603.74396        4.52396       97.39025        0.01158        0.04502        1.33860        7.10000        0.17896        0.39567        1.33889       13.61714        0.04609        0.00339       -0.00029        1.09609       80.12492        0.00781        0.04256       27.37540        0.07607        0.77786        1.09638        7.94535        0.01569        0.00323       -0.00029      300.00000       22.75236
   68    1    1     3067.06927     1702.17316      719.35474        4.40536       63.85344        0.00498        0.02068        0.75632       20.80000        0.22467        0.97769        0.75687        5.90452        0.00864        0.00100       -0.00054        0.61674       84.60511        0.00873        0.03095       12.78747        0.50418        0.82278        0.61621        6.56719        0.01061        0.00000        0.00053      300.00000       23.16237
   69    1    1      896.42670  1455318.38382   486366.57505        1.23290       30.42356        0.00113        0.07324        1.24750       30.70000     1321.79984        0.48775        1.24681        6.00663        0.00887        0.00471        0.00063      591.06835       39.19483        0.00187        0.69720       83.17399        0.26056      731.56566      590.97922        8.40865        0.01639        0.01333        0.08912      300.00000      163.55456
   70    1    1     1158.34033     3184.60417     1045.22048        7.47945      230.63402        0.06496        0.05116        1.08153       28.80000        1.68546        0.65545        1.07912       10.85117        0.02883        0.00076        0.00248        1.17959      230.45909        0.06467        0.05130       28.83462        1.59394        0.64618        1.18001       10.85306        0.02924        0.00324       -0.00043      300.00000        0.42345
   71    1    1     4264.37240     4913.60545     2458.78720        6.61112       65.51068        0.00524        0.00675        1.24286       16.60000        3.74014        0.49381        1.24076        1.30778        0.00042        0.02836        0.00211        2.26962       65.71257        0.00527        0.00671       16.67261        0.23638        2.96881        2.26963        1.18726        0.00035        0.03044       -0.00001      300.00000        6.46045
   72    1    1     2980.61298    11522.34901     4897.10218        5.78906       88.66006        0.00960        0.01905        0.08211       16.30000       11.68685        1.65454        0.08002       14.34631        0.05043        0.02456        0.00206        9.08023       93.87547        0.01076        0.02102       13.76655        0.05220        4.30473        9.06056       14.39676        0.04978        0.00841        0.01967      300.00000       13.40247
   73    1    1     3614.36950     3130.10500     1568.47634        1.10582       22.22111        0.00060        0.04871        0.38540       13.20000        1.57838        1.36023        0.37434        9.62437        0.02242        0.05850        0.01097        0.53899       26.22122        0.00084        0.04245       26.24913        1.29471        1.49144        0.50865       13.73117        0.04849        0.03734        0.03034      300.00000      138.36669
   74    1    1     8432.45251     1438.43222      635.01997        4.68073       39.68438        0.00192        0.00686        0.65776        7.90000        0.00402        1.08097        0.65360        8.00400        0.01611        0.00388        0.00419        1.21952       26.32600        0.00085        0.00225       13.94701        0.01069        0.51820        1.21769        7.48690        0.01374        0.00626        0.00184      300.00000       70.51473
   75    1    1     1929.07542     2082.59101      733.50641        0.08042        1.86495        0.00000        0.06568        1.02904       31.80000        0.71065        0.71585        1.01871        6.87346        0.01197        0.01143        0.01027        0.61461       25.69815        0.00080        0.03249       21.88734        0.57461        1.25210        0.59736       16.02686        0.06547        0.00454        0.01725      300.00000      153.34160
   76    1    1     1692.21651    14232.50541     6342.49662        4.05099      125.51179        0.01924        0.09800        0.73774       23.70000       13.83299        1.00314        0.73142       17.11069        0.07125        0.01246        0.00627        6.86885      125.51482        0.01920        0.07860       22.39911        0.10617        8.62828        6.86103       17.13509        0.07131        0.00244        0.00782      300.00000       13.33309
   77    1    1     1832.19652     1855.04167      454.70102        8.02711      138.97999        0.02359        0.01302        0.82903       15.00000        0.38607        0.90689        0.82767       15.63054        0.05996        0.00971        0.00136        0.69415      138.64631        0.02347        0.01302       15.05522        0.57741        0.85500        0.68831       15.63051        0.06157        0.00365        0.00584      300.00000        1.37484
   78    1    0     1137.84744  8382718.41099  2691652.87450        4.32857      123.88853        0.01875        0.08130        1.16408       16.90000     7197.89190        0.57253        1.16192       13.75293        0.04634        0.00115        0.00219      503.50361        0.00000        0.00000        0.00000      103.27771        0.03220     6696.24385      503.50361        0.00000        0.00000        0.00000        0.00000      300.00000        0.00000
   79    1    1     2666.15266     2033.25449      665.59019        2.63769       71.20067        0.00619        0.08280        1.54745       21.10000        0.47871        0.18744        1.54713        3.67801        0.00333        0.00048        0.00056        1.50046       39.25008        0.00188        0.00981       27.23979        0.59481        0.13580        1.49943       16.07053        0.06344        0.00020        0.00104      300.00000       71.69820
   80    1    1     1598.30203     2349.72362      698.88929        3.17199       90.52651        0.01001        0.08947        1.06459       19.10000        0.78041        0.67041        1.06415       20.28057        0.10120        0.02434        0.00051        1.43929       89.54511        0.00978        0.08897       24.02449        0.37709        0.70729        1.43917       19.59615        0.09463        0.02338        0.00012      300.00000       31.51188
   81    1    1     6603.15987     2953.24725      858.66289        5.60378       26.57676        0.00086        0.00188        1.15276       32.40000        1.67081        0.58456        1.15000       12.09196        0.03578        0.01883        0.00272        1.12056       43.96714        0.00235        0.01999       31.77126        1.23892        1.05867        1.09956        9.87235        0.02339        0.00162        0.02101      300.00000        6.80566
   82    1    1     2164.12582     2123.11229      640.39476        7.40816      124.52734        0.01894        0.01557        0.96082       25.40000        0.62552        0.79814        0.93643       11.35224        0.03302        0.01273        0.02449        1.75335      124.46262        0.01891        0.01518       25.55657        0.44417        0.17553        1.74078       11.35207        0.03114        0.02645        0.01257      300.00000        0.85253
   83    1    1     1819.41879     1900.73213      760.71115        6.96479      148.15399        0.02681        0.02846        0.12572       14.90000        0.44418        1.62831        0.10626        5.69197        0.00827        0.00056        0.01940        0.30695      147.42494        0.02648        0.02864       15.04404        0.09723        1.79225        0.28948        5.67594        0.00775        0.00300        0.01747      300.00000        0.43691
   84    1    1     1905.86851     2770.36556      778.39294        7.45930      139.92876        0.02391        0.01906        0.61089       26.40000        1.40919        1.12877        0.60580        3.14494        0.00241        0.07229        0.00508        0.99993      140.16050        0.02397        0.01885       26.44632        1.07181        1.14496        0.92712        3.14814        0.00231        0.00470        0.07281      300.00000        0.36177
   85    1    1     1709.11244     1665.10137      777.81737        7.01985      159.82380        0.03120        0.03211        1.47509       13.90000        0.01101        0.25931        1.47525        6.70665        0.01119        0.00923       -0.00014        1.58892      160.47019        0.03137        0.03172       14.03521        0.01197        0.15190        1.58192        6.71015        0.01136        0.00190        0.00701      300.00000        1.85722
   86    1    1     1689.99345     1757.19893      777.14323        8.85042      130.86528        0.02092        0.00579        0.56368       23.90000        0.27926        1.17713        0.55744        4.29818        0.00466        0.00134        0.00621        1.68478      130.84636        0.02090        0.00584       23.91678        0.03344        0.29737        1.68306        4.28549        0.00450        0.00594        0.00172      300.00000        0.35646
   87    1    1     1660.47416     1818.35596      617.22515        6.50038      162.16351        0.03212        0.04389        1.45681       42.40000        0.13533        0.28144        1.45313       17.65858        0.07619        0.00170        0.00358        0.45596      161.97376        0.03187        0.04429       42.36615        1.15324        0.26187        0.45466       17.65654        0.07654        0.00370        0.00131      300.00000        1.28970
   88    1    1     3479.42713     7355.71486     3318.62747        0.61975       10.14034        0.00013        0.03257        0.51149       17.00000        6.62047        1.25143        0.48314       14.12814        0.04765        0.01353        0.02848        4.42680       32.18657        0.00127        0.00609       35.48651        0.32871        3.66495        4.38351       14.21955        0.04784        0.00161        0.04330      300.00000      102.79670
   89    1    1     5384.29291     1591.91542      520.23556        5.35286       57.80299        0.00408        0.01016        1.17691       33.40000        0.19906        0.55733        1.17724        3.09134        0.00238        0.00273       -0.00027        1.51967       71.47947        0.00622        0.05616        9.05991        0.12256        0.23804        1.51991        5.30333        0.00694        0.00307       -0.00024      300.00000       96.69835
   90    1    1     2195.78433     1594.83335      795.46836        8.69192      104.33482        0.01330        0.00430        1.55244        7.00000        0.00233        0.19923        1.53533        7.23655        0.01260        0.00654        0.01720        1.42197      104.28273        0.01327        0.00445        6.72457        0.00233        0.32830        1.40606        7.23591        0.01261        0.00781        0.01592      300.00000        1.17130
   91    1    1     1393.18146     3929.89296     1726.60398        7.93275      185.60297        0.04207        0.02479        0.13731       21.50000        2.84889        1.61109        0.12347        5.61935        0.00803        0.00307        0.01386        2.77250      185.52946        0.04194        0.02477       21.56634        1.35740        0.46918        2.75701        5.61950        0.00761        0.00183        0.01550      300.00000        0.79002
   92    1    1     1553.63047     4984.87478     2055.96822        7.96894      167.29198        0.03418        0.01964        1.52525       29.80000        3.90026        0.21719        1.51738        2.88032        0.00210        0.05209        0.00789        3.93811      167.68920        0.03427        0.01932       29.87697        0.49996        1.20277        3.93234        2.90192        0.00205        0.05421        0.00578      300.00000        0.29947
   93    1    1     4120.76234     1440.82525      610.41163        2.50923       23.35100        0.00067        0.00991        0.73553       15.80000        0.02297        1.00042        0.73414        7.49131        0.01377        0.00106        0.00134        0.19687        7.93235        0.00008        0.00758       17.53696        0.25966        1.30336        0.19427        8.27748        0.01677        0.00001        0.00261      300.00000      123.32620
   94    1    1     2114.20030    26942.00232    11892.80220        6.17831      127.89191        0.01998        0.03236        1.02678       28.10000       27.69879        0.70742        1.02715       21.36096        0.11275        0.01976       -0.00037        6.07550      127.65687        0.01989        0.03294       28.10753        3.94481       19.43281        6.05511       21.36642        0.10960        0.00225        0.02038      300.00000        5.19120
   95    1    1     3217.82492   104249.42267    43083.53652        1.04685        7.58373        0.00007        0.00634        0.40071       26.80000      105.53460        1.39120        0.34337        4.09337        0.00437        0.00099        0.05739       58.54005       17.96527        0.00039        0.03226       28.10533        1.76469       46.95225       58.51976        2.52444        0.00163        0.04703        0.02029      300.00000      148.05445
   96    1    1     1806.51599     5904.18784     2569.47926        1.17030       21.24286        0.00055        0.03969        0.15939       18.90000        5.32190        1.61550        0.11906        2.95284        0.00207        0.00035        0.04034        0.98841       33.44422        0.00137        0.07115       14.26410        0.40451        5.65880        0.95076        6.88617        0.01224        0.00296        0.03765      300.00000      132.30091
   97    1    0      454.12466 67442295.63103 23862487.55937        4.16711       63.26886        0.00489        0.02327        1.28675        7.00000    59129.99040        0.44797        1.28616        6.56123        0.01059        0.00327        0.00068     5720.36152        0.00000        0.00000        0.00000       56.50329        0.00759    53411.42945     5720.36152        0.00000        0.00000        0.00000        0.00000      300.00000        0.00000
   98    1    1     1624.46840    22198.75408     9267.50681        6.89015      165.22582        0.03334        0.03689        0.30561       23.10000       22.97369        1.43865        0.29591       17.68787        0.07583        0.01183        0.01004       13.64911      165.19613        0.03330        0.03721       22.90717        0.74620       10.31374       13.64795       17.68764        0.07818        0.01815        0.00116      300.00000        0.56772
   99    1    1     1735.87521     2043.56608      520.46940        3.78704       93.61048        0.01070        0.06392        1.22648       13.00000        0.58076        0.51019        1.22437       13.76356        0.04746        0.00483        0.00226        1.06601      101.89250        0.01263        0.06189       14.98306        0.76325        0.49232        1.06230       13.27594        0.04306        0.00518        0.00371      300.00000       33.19700
  100    1    1     1228.36032     4119.68771     1374.51026        7.56384      216.49150        0.05724        0.04281        1.31259       34.20000        2.75919        0.43135        1.30322       11.28112        0.03086        0.00660        0.00939        1.01138      216.47333        0.05694        0.04309       34.20990        2.04196        1.45201        0.99982       11.27988        0.03227        0.00299        0.01156      300.00000        0.65257
