    1    1    1     1617.32138     1843.88149      624.98041        0.24626        7.25377        0.00006        0.10591        0.96723       16.80000        0.39067        0.76978        0.96479        3.83955        0.00361        0.00022   -33197.38146        1.06653       12.17611        0.00018        0.04737       19.95495        0.12149        0.96156        1.06676       12.33109        0.03781        0.00254       -0.00022      300.00000      166.81311
    2    1    1     2894.77801    54224.06157    22517.47508        2.00982       18.26827        0.00041        0.00968        1.45292       23.40000       55.90768        0.28233        1.45224       11.84325        0.03449        0.01942        0.00070       33.29296       14.60293        0.00026        0.04063       19.06083        1.29635       22.93579       33.28079       23.07748        0.12875        0.01218        0.01217      300.00000      133.15761
    3    1    1     1755.64123     1822.90077      699.84347        6.34206      152.66528        0.02847        0.04231        1.38656       14.90000        0.08899        0.34808        1.38649       20.49692        0.10352        0.03022        0.00012        1.56839      154.64828        0.02916        0.04378       13.39506        0.07078        0.18532        1.56525       20.49711        0.10273        0.02797        0.00315      300.00000        3.21175
    4    1    1     3695.66248     1915.39672      748.91869        1.51492       24.72780        0.00075        0.03179        0.83088       24.30000        0.30339        0.90321        0.83135       21.34540        0.11264        0.01649       -0.00042        0.96332       41.65366        0.00211        0.00803       26.42679        0.13692        0.94353        0.96136       22.94745        0.12907        0.01618        0.00196      300.00000       65.47411
    5    1    1     1479.08830     1825.50854      754.81414        0.95651       37.46343        0.00171        0.18564        1.10084        2.30000        0.00258        0.63624        1.09833        6.01550        0.00886        0.00096        0.00248        1.32524       55.47034        0.00375        0.03189       30.70845        0.04970        0.41744        1.32517       20.76230        0.10735        0.00147        0.00007      300.00000      118.87429
    6    1    1     1718.88845     1884.74799      634.66102        3.83465      100.57628        0.01235        0.07166        1.51496       16.00000        0.29439        0.23497        1.49959       10.53461        0.02824        0.00427        0.01540        1.58153      107.46745        0.01406        0.06511       19.50993        0.28399        0.17795        1.57245       10.41628        0.02632        0.01190        0.00908      300.00000       23.84278
    7    1    1     3407.12911     4206.92656     2080.98997        2.42744       34.24318        0.00143        0.02287        0.36884        4.10000        3.22503        1.36535        0.36921        5.14726        0.00658        0.00559       -0.00034        2.23049       51.00494        0.00317        0.00889       15.47329        0.03202        2.71163        2.22632        5.80497        0.00847        0.00102        0.00417      300.00000       53.34201
    8    1    1     2719.19166   302190.99049   119741.91277        5.38943      100.17647        0.01226        0.02994        0.37202       10.90000      299.41868        1.36535        0.36921       13.89253        0.04723        0.00018        0.00281       21.25975      100.93270        0.01244        0.03026       13.56378        0.07382      279.82165       21.25900       13.41789        0.04426        0.00359        0.00075      300.00000       26.70228
    9    1    1     1704.71428     2358.07275      598.77386        8.75558      134.73359        0.02217        0.00675        1.32791       15.50000        1.12368        0.41319        1.32137       10.36417        0.02613        0.02623        0.00656        1.28359      134.51082        0.02204        0.00691       15.45064        0.38171        1.22356        1.25290       10.36393        0.02560        0.00266        0.03069      300.00000        0.13648
   10    1    1     1364.30284     1871.37868      645.68241        4.91607      175.33569        0.03755        0.11781        0.93918       39.90000        0.22363        0.79952        0.93505       11.88281        0.03550        0.00328        0.00413        0.21360      183.19939        0.04051        0.13446       35.19301        0.46623        1.26653        0.20744       11.59188        0.03271        0.00241        0.00616      300.00000       14.33904
   11    1    1      962.57836  1226970.80234   425883.22287        1.05095       28.62727        0.00100        0.08962        0.34607        6.80000     1132.67892        1.38939        0.34518        9.76898        0.02384        0.00375        0.00093      261.06277       54.66067        0.00365        0.38797       55.31267        5.88948      867.13093      261.05274       12.78841        0.04142        0.01612        0.01003      300.00000      159.71713
   12    1    1     3867.08393     2323.40162      776.35522        0.50355        5.44866        0.00004        0.01426        1.13612       21.80000        0.89784        0.63015        1.10441        6.40885        0.01057        0.06513        0.03166        0.84704       18.40980        0.00041        0.01698       21.29426        1.46927        0.31265        0.84596        6.15119        0.00929        0.09847        0.00107      300.00000      153.25397
   13    1    1     2597.24320     2245.88395      909.97956        6.59580      102.87674        0.01293        0.01679        0.68133       18.40000        0.90735        1.07458        0.65998        4.90122        0.00576        0.01746        0.02133        1.96589      102.82571        0.01288        0.01672       18.45632        0.40408        0.29264        1.94530        4.91628        0.00580        0.01819        0.02059      300.00000        0.78223
   14    1    1     1945.11337     1549.67990      620.62966        7.81271      134.33012        0.02204        0.01407        0.45837       15.20000        0.10301        1.29002        0.44454        5.11520        0.00665        0.00092        0.01388        1.02440      134.34794        0.02200        0.01448       14.94870        0.04738        0.76939        1.02041        5.10824        0.00637        0.01105        0.00398      300.00000        0.82207
   15    1    1     1434.42518     2156.54008      769.69193        7.02534      187.55636        0.04296        0.04409        1.08000       20.50000        0.71611        0.65605        1.07852        7.42752        0.01380        0.00494        0.00151        1.93778      187.29231        0.04271        0.04365       20.82745        0.19717        0.32304        1.93117        7.42339        0.01340        0.00020        0.00661      300.00000        0.46612
   16    1    1     1641.41206     1606.63716      612.00741        4.64370      139.42330        0.02374        0.08636        1.08327        2.30000        0.00992        0.66513        1.06944       11.41358        0.03144        0.00423        0.01381        1.08794      140.99106        0.02417        0.08850        3.52441        0.00890        0.66227        1.07326       10.86499        0.02847        0.00384        0.01468      300.00000       13.02017
   17    1    1     1987.63053     2660.12257      759.56489        2.96913       53.91305        0.00355        0.03672        1.33378       30.80000        1.32246        0.40646        1.32810       10.15621        0.02599        0.00090        0.00570        1.99125       54.05616        0.00355        0.04946       24.88868        0.57501        0.46829        1.99165       11.90380        0.03501        0.00728       -0.00040      300.00000       80.18843
   18    1    1     5393.52464     1873.46159      902.60813        4.85458       42.96919        0.00226        0.00731        0.40426       12.10000        0.36692        1.32976        0.40480       10.75258        0.02867        0.00424       -0.00055        0.53378       52.05386        0.00331        0.00747        8.58012        1.29050        0.29230        0.53345        7.04991        0.01239        0.00368        0.00033      300.00000       56.96536
   19    1    1     1723.50787     1572.87462      669.66382        2.11792       54.81410        0.00367        0.07814        1.37851        8.70000        0.00658        0.37448        1.36008       16.52123        0.06964        0.00815        0.01851        0.79390       43.07916        0.00226        0.05221       15.45182        0.01233        0.96020        0.76291       20.02684        0.09558        0.00268        0.03099      300.00000       94.10106
   20    1    1     2170.31762     1700.70712      677.73587        1.90120       28.04932        0.00096        0.02562        1.11111        2.30000        0.24331        0.63155        1.10301       16.67289        0.06749        0.00459        0.00820        1.28557       19.41553        0.00046        0.02514        5.77436        0.02646        0.66910        1.28030       17.08621        0.07114        0.00677        0.00527      300.00000      144.95997
   21    1    1     7056.60459     1408.74045      690.61861        4.59459       40.83770        0.00204        0.00761        0.39404        8.90000        0.00661        1.34404        0.39052        7.74422        0.01466        0.03337        0.00346        0.80122       51.06736        0.00318        0.00888       16.31820        0.03277        0.94538        0.76941        5.67030        0.00766        0.00327        0.03181      300.00000      134.64483
   22    1    1     1840.18099     2156.35296      904.96891        7.92319      139.60440        0.02380        0.01411        0.91757       12.00000        0.47144        0.81665        0.91791       23.62598        0.13788        0.00251       -0.00033        0.44865      139.99710        0.02392        0.01431       11.70186        0.08244        1.67449        0.44872       23.62576        0.13769        0.00248       -0.00008      300.00000        1.32860
   23    1    1     1648.42196     2680.20232      926.96441        1.97378       51.46996        0.00324        0.07981        1.18565       29.10000        1.15930        0.55028        1.18429       12.23288        0.03673        0.00007        0.00144        1.89587       44.01354        0.00235        0.06152       23.19818        0.57677        0.41566        1.89642       15.70625        0.06117        0.00174       -0.00055      300.00000      101.51485
   24    1    1     3006.64243    21150.00099     9685.80477        5.01799       85.39695        0.00891        0.02647        0.74780       27.70000       21.80882        1.00616        0.72841        3.77794        0.00343        0.00919        0.01935       11.27273       84.65622        0.00875        0.02628       23.77798        0.29617       11.98935       11.25881        2.82426        0.00203        0.01552        0.01392      300.00000       45.56609
   25    1    1     2038.43714     1554.22760      627.68658        0.38573       10.85040        0.00014        0.09650        0.74425       11.10000        0.07258        0.99115        0.74342        4.91881        0.00604        0.00191        0.00080        1.22391       27.01684        0.00089        0.02287       34.57000        0.21643        0.41946        1.22301       10.48479        0.02746        0.00154        0.00090      300.00000      139.67541
   26    1    1     2893.95334     8816.49321     3721.27102        4.67544       71.47970        0.00624        0.02231        0.56329       34.30000        8.65051        1.19033        0.54423        5.13762        0.00634        0.00357        0.01897        5.36727       72.12619        0.00634        0.02582       29.86042        0.61697        4.38624        5.36540        8.49020        0.01767        0.02228        0.00187      300.00000       27.08150
   27    1    1     2117.56217    25512.89124    10992.37370        2.30604       51.90232        0.00329        0.05858        1.23013       23.50000       26.01046        0.51491        1.21965        6.11777        0.00948        0.02775        0.01047       20.77193       82.01118        0.00821        0.02776       43.18730        0.29420        6.70042       20.77244        7.34894        0.01339        0.03872       -0.00052      300.00000       52.55131
   28    1    1     1766.76099     2345.73887      748.98037        6.74877      151.81936        0.02815        0.03366        1.53310       29.20000        0.90755        0.20788        1.52669       14.78190        0.05511        0.00891        0.00638        1.33548      151.47192        0.02787        0.03341       29.38610        0.21875        1.10535        1.31857       14.78500        0.05262        0.00087        0.01691      300.00000        0.75700
   29    1    1     1866.50173     3779.38475     1782.35265        8.45207      132.32618        0.02139        0.00855        1.31793       12.00000        2.74811        0.42179        1.31278        4.47116        0.00487        0.04091        0.00513        1.91629      132.36564        0.02139        0.00854       12.01451        0.17365        2.43366        1.87539        4.46636        0.00516        0.00486        0.04090      300.00000        1.14830
   30    1    0     1758.68731  3007658.48854   944706.91299        8.99416      105.77198        0.01366        0.00323        1.32635       18.30000     2615.57190        0.41041        1.32415       16.98520        0.07068        0.04219        0.00214     1067.47973        0.00000        0.00000        0.00000       97.68547        0.01275     1549.98189     1067.47973        0.00000        0.00000        0.00000        0.00000      300.00000        0.00000
   31    1    1     3482.69654     1671.72840      811.16318        5.14421       74.37682        0.00676        0.01877        1.69194       17.90000        0.04771        0.06323        1.67133        6.82226        0.01117        0.00462        0.02070        1.02221       55.69393        0.00378        0.01825       13.20136        0.02215        0.73498        1.02180        8.55204        0.01824        0.02461        0.00041      300.00000       22.30188
   32    1    1     2074.65414     1963.48570      770.59070        2.76370       59.80894        0.00437        0.05283        1.24102       31.60000        0.34251        0.53646        1.19811       12.15790        0.03827        0.00336        0.04294        0.60909       79.87703        0.00775        0.02968       28.12426        0.69468        0.78768        0.58250       16.63872        0.07103        0.01890        0.02660      300.00000       55.45591
   33    1    1     4150.29979     3590.00056     1585.51206        6.30613       67.80217        0.00561        0.00850        0.58950       47.00000        2.25966        1.16551        0.56906       10.65199        0.02899        0.00001        0.02045        0.78149       66.32593        0.00537        0.00874       47.12133        2.44164        0.77694        0.77627       10.52352        0.02788        0.01572        0.00522      300.00000        7.98961
   34    1    1     5016.90905     1808.63869      764.49866        8.50264       49.45672        0.00299        0.00114        0.60661        8.60000        0.40707        1.14120        0.59337        5.38332        0.00700        0.11314        0.01333        1.24911       49.76347        0.00302        0.00130        8.32036        0.03457        0.95375        1.15307        5.38318        0.00766        0.02974        0.09604      300.00000        1.46170
   35    1    1     1338.59839   601627.49547   222722.74444        4.38566      109.29788        0.01459        0.06127        0.16453       13.70000      581.84225        1.59022        0.14435        9.77151        0.02293        0.02570        0.02015       34.59168      130.82609        0.02090        0.26512       42.16108        0.31133      548.52901       34.54173        3.70505        0.00357        0.00000        0.04996      300.00000       48.41894
   36    1    1     2410.32602    14430.22629     6607.89671        0.80053       10.81330        0.00014        0.02214        0.42610       16.60000       14.57259        1.34137        0.39319        6.09428        0.00884        0.00519        0.03279        4.75992       27.32433        0.00091        0.03754       13.87143        0.04712       11.50277        4.72714       10.86178        0.02808        0.00005        0.03278      300.00000      139.41175
   37    1    1     2695.34439     5879.84352     2556.87611        2.59559       32.17368        0.00126        0.01750        0.59022       13.20000        5.27170        1.14401        0.59055        5.79175        0.00834        0.00793       -0.00026        4.14415       26.78953        0.00088        0.01663       13.31989        1.86305        1.00536        4.13889        5.15749        0.00648        0.00442        0.00525      300.00000      114.11152
   38    1    1     3289.17499     1619.93108      523.97330        2.91560       36.27823        0.00161        0.01730        0.87682       19.20000        0.23160        0.87508        0.85949       10.07772        0.02589        0.00003        0.01729        0.95659       12.52490        0.00019        0.00817       24.22029        0.19906        0.82590        0.95132       10.17467        0.02607        0.01233        0.00527      300.00000      116.95590
   39    1    1     4244.18382     2009.25109      505.68306        0.78640       12.80099        0.00020        0.03216        0.99153       26.60000        0.60932        0.79829        0.93627        8.86983        0.02049        0.01136        0.05522        1.58006       29.55341        0.00106        0.01383       32.22479        0.39637        0.43902        1.51843       10.26291        0.02750        0.00550        0.06163      300.00000       68.69379
   40    1    1     4109.58154     1420.82635      687.75312        1.34529       21.56981        0.00057        0.03083        1.58354        6.60000        0.00295        0.15074        1.58383        7.04065        0.01224        0.02037       -0.00027        1.16516       44.45920        0.00241        0.02838       15.80389        0.01263        0.58493        1.15300        2.71106        0.00187        0.00587        0.01216      300.00000       98.41698
   41    1    1     1949.62954     2075.28770      790.56983        4.36100       98.30365        0.01180        0.05026        1.11838       29.60000        0.49269        0.63162        1.10295       10.50772        0.02661        0.00442        0.01538        0.81950       78.23408        0.00746        0.06582       29.54268        0.64987        0.76417        0.81791        6.63036        0.01100        0.01795        0.00159      300.00000       22.31473
   42    1    1     1441.50102     1573.64051      622.62517        6.56060      187.40099        0.04289        0.05676        0.39357        3.70000        0.00246        1.34131        0.39325        5.80763        0.00841        0.00048        0.00036        1.40746      187.12807        0.04256        0.05721        3.49823        0.00090        0.32930        1.40676        5.78538        0.00836        0.00010        0.00070      300.00000        1.56282
   43    1    1     2022.54799     1773.85139      794.38265        3.94057      104.72130        0.01339        0.07286        1.42192       25.70000        0.09333        0.31870        1.41587        7.53945        0.01384        0.01703        0.00604        1.23495       92.68811        0.01046        0.05296       33.38408        0.09320        0.54972        1.21513        5.27419        0.00668        0.00310        0.01983      300.00000       26.04012
   44    1    1      966.20477     2613.88925      256.25346        8.95371      222.93675        0.06070        0.01502        1.43712       37.70000        1.17026        0.29763        1.43694        5.89181        0.00865        0.00075        0.00020        1.66409      222.88572        0.06045        0.01525       37.69827        1.16680        0.07441        1.66360        5.89235        0.00854        0.00059        0.00049      300.00000        0.15114
   45    1    1     1334.06456     2657.38056      849.80574        3.08353      101.18588        0.01250        0.11901        1.01448       19.30000        1.22555        0.72349        1.01107        4.92852        0.00610        0.01376        0.00335        0.67920       83.87971        0.00859        0.07562       35.29770        1.06167        1.27330        0.67012        5.65646        0.00776        0.00875        0.00908      300.00000       70.86148
   46    1    1     1661.13921    49121.88828    20650.35382        0.74034       12.09415        0.00018        0.03241        1.04984       62.20000       50.19861        0.70878        1.02579        2.02705        0.00098        0.01073        0.02402       29.47944       22.34992        0.00061        0.09619       60.40499        0.38161       22.00331       29.45602       10.90270        0.02847        0.01190        0.02341      300.00000      156.59046
   47    1    1     3035.44149     1668.33650      625.38078        7.04958       86.67139        0.00917        0.00929        0.22971        6.40000        0.34066        1.50720        0.22737        9.93161        0.02472        0.01041        0.00223        1.40484       87.85134        0.00942        0.00882        6.89632        0.36727        0.31535        1.39294        9.93227        0.02385        0.00161        0.01190      300.00000        2.38058
   48    1    1     1032.91668     1604.58963      621.71899        8.46001      234.52999        0.06718        0.02668        0.73436       13.60000        0.03104        1.00056        0.73400       10.77376        0.02894        0.00770        0.00025        0.50037      234.68731        0.06718        0.02656       13.75658        0.08204        1.18313        0.50065       10.77393        0.02865        0.00852       -0.00028      300.00000        0.26153
   49    1    1     1628.50717     2027.99676      944.49659        6.32862      162.76738        0.03236        0.04843        0.57608       17.10000        0.31685        1.16006        0.57451       13.98626        0.04799        0.09972        0.00153        0.29614      162.69445        0.03223        0.04858       17.09185        0.97287        0.78886        0.28968       13.98503        0.04933        0.09348        0.00646      300.00000        0.20046
   50    1    1     2872.99271     2085.48460     1035.78526        0.98850        9.08139        0.00010        0.01021        0.37663       22.80000        0.46451        1.35895        0.37562       13.20005        0.04280        0.01609        0.00103        1.50227       25.04366        0.00076        0.03907       34.00664        0.24412        0.47486        1.48584        5.63884        0.00766        0.00054        0.01643      300.00000      140.98514
   51    1    1     1498.82359     5835.04695     2664.66424        8.54727      160.26127        0.03137        0.01157        1.71002       29.40000        5.02172        0.02606        1.70850        1.87435        0.00086        0.00247        0.00150        0.58817      160.03559        0.03123        0.01165       29.40799        2.72070        3.45096        0.58465        1.87907        0.00086        0.00051        0.00352      300.00000        0.12114
   52    1    1     2262.77044    35231.77928    15837.43034        0.32390        4.17791        0.00002        0.02030        1.18983       23.50000       37.12329        0.54782        1.18674        9.76003        0.02391        0.01737        0.00316        8.38827        8.26497        0.00008        0.04363       33.08814        0.22618       30.23031        8.36225       11.88772        0.03379        0.00023        0.02602      300.00000      170.88170
   53    1    1     1709.46838     1627.15062      699.11728        3.98568       93.04164        0.01057        0.05598        1.44708        8.60000        0.21858        0.28699        1.44758       10.07721        0.02514        0.02701       -0.00050        0.59759       93.30672        0.01063        0.05266       18.53331        0.26520        1.12062        0.58255        7.68566        0.01424        0.01042        0.01504      300.00000       48.54770
   54    1    1     2207.02487     1442.77011      664.94028        6.64586      127.14870        0.01974        0.02496        1.05209       15.60000        0.01403        0.70161        1.03295        8.16073        0.01700        0.00225        0.01905        1.00199      126.83820        0.01958        0.02408       16.32396        0.02910        0.71900        1.00167        8.13026        0.01628        0.02167        0.00032      300.00000        5.86768
   55    1    1     2092.97229   191987.66074    74385.95812        7.19375      129.73546        0.02056        0.01917        0.36926       16.10000      192.20915        1.40282        0.33175       22.78627        0.12325        0.00896        0.03747      129.53678      130.43757        0.02077        0.01955       16.16745        0.01947       64.43357      129.49010       22.78623        0.12264        0.00041        0.04668      300.00000        1.16793
   56    1    1     4049.62331     2920.38619     1399.58666        2.59161       25.28909        0.00078        0.01085        0.63745       19.40000        1.42188        1.09811        0.63646        9.49043        0.02250        0.00936        0.00103        0.94061       53.05745        0.00339        0.08019       21.14925        1.17179        0.99079        0.94087        3.57128        0.00317        0.01099       -0.00026      300.00000       27.43157
   57    1    1     1420.90648     2303.02156     1083.25766        0.78491       20.40125        0.00051        0.08200        0.27930       17.30000        0.68935        1.45966        0.27490        7.66656        0.01434        0.00900        0.00437        0.16756       13.96969        0.00024        0.10000        6.41342        0.05687        2.19365        0.16547        4.50509        0.00497        0.01087        0.00209      300.00000      151.66881
   58    1    1     6158.22136     1435.54253      647.83611        0.73867       10.79472        0.00014        0.02594        1.44334        1.00000        0.00010        0.29579        1.43877        8.29206        0.01730        0.03397        0.00447        1.12581       15.22741        0.00028        0.00167       17.41980        0.03003        0.61926        1.09867       10.21292        0.02492        0.01461        0.02713      300.00000      140.02900
   59    1    1     1783.53978     2506.02554     1232.01480        7.72268      150.62952        0.02771        0.01875        1.04622        8.50000        0.86785        0.70482        1.02975       14.87616        0.05329        0.00773        0.01650        1.27964      149.93604        0.02736        0.01889        8.72245        0.00382        1.32734        1.27147       14.87594        0.05593        0.01340        0.00817      300.00000        1.13045
   60    1    1     1973.56265     1998.99534      838.31153        6.82431      136.46285        0.02274        0.02609        0.57644       14.70000        0.53046        1.19058        0.54398        1.18182        0.00033        0.01408        0.03242        1.04691      135.36786        0.02233        0.02563       15.23599        0.34311        0.88171        1.04103        1.28293        0.00041        0.04061        0.00588      300.00000        0.66141
   61    1    1     3993.97993     1673.75533      817.55736        5.65882       79.56577        0.00773        0.01641        0.27644       10.00000        0.04056        1.46932        0.26524        6.98217        0.01180        0.01393        0.01118        0.34248       81.49542        0.00808        0.01761        8.99217        0.02371        1.43019        0.32004        6.89582        0.01140        0.00272        0.02244      300.00000       55.19837
   62    1    1     1650.42867     1703.42402      797.98290        2.62048       61.00711        0.00455        0.06165        0.56159        1.40000        0.00587        1.19951        0.53505        6.05037        0.00875        0.00075        0.02654        1.62923       51.85386        0.00327        0.05343        7.02309        0.00409        0.13527        1.60253        8.21025        0.01730        0.00009        0.02670      300.00000       93.85390
   63    1    1     3244.60094     3009.74482     1303.69932        0.57570        7.18936        0.00006        0.01898        0.71518       30.40000        1.68708        1.02224        0.71233        2.83468        0.00202        0.01062        0.00279        2.02968       17.53639        0.00038        0.00689       28.72866        0.42945        0.96909        2.01795        8.73432        0.01935        0.00134        0.01172      300.00000      142.78069
   64    1    1     1679.85239     5438.90612     2230.97723        4.55656      141.71712        0.02453        0.09361        1.14740       30.70000        4.24578        0.59919        1.13538       16.82694        0.07184        0.00716        0.01196        2.12637      138.99335        0.02341        0.09235       32.38696        0.81575        3.04006        2.12562       16.99870        0.07103        0.02052        0.00075      300.00000       22.00237
   65    1    1     2309.54194     5323.44858     2327.99793        6.18905      117.69352        0.01692        0.02725        0.40984       22.70000        4.71587        1.32815        0.40642       17.97279        0.07895        0.06525        0.00338        5.47753      117.42183        0.01681        0.02843       22.29773        0.25167        0.75038        5.44743       17.96668        0.07697        0.04042        0.03010      300.00000        6.55447
   66    1    1     1226.75014     1612.30424      620.14533        7.71395      214.63059        0.05626        0.03829        0.42662       14.80000        0.01723        1.33263        0.40194        8.53413        0.01866        0.00007        0.02470        0.29136      215.03371        0.05640        0.03866       14.39303        0.09537        1.38522        0.27060        8.53951        0.01750        0.00525        0.02075      300.00000        0.51689
   67    1    1     2180.31464    34167.97112    15419.30760        6.55871      128.01298        0.02001        0.02651        1.11349       10.50000       35.78913        0.65050        1.08406        8.36836        0.01670        0.01311        0.02951        5.10968      127.47985        0.01982        0.02587       11.22643        0.04360       32.38097        5.09993        8.35534        0.01767        0.03182        0.00975      300.00000        6.38513
   68    1    1     2424.98639     1502.52974      604.52217        0.61458        7.18653        0.00006        0.01664        1.31526       13.60000        0.01731        0.41887        1.31569       10.09547        0.02522        0.07867       -0.00045        1.05762       27.79442        0.00094        0.02330       21.12024        0.02604        0.74669        0.99308        4.18157        0.00457        0.01287        0.06453      300.00000      147.21733
   69    1    1     2675.30956     1487.48515      597.38069        4.04918       82.54763        0.00832        0.04244        1.30478        5.50000        0.01915        0.44053        1.29404        5.60652        0.00797        0.03791        0.01079        0.51817       79.19134        0.00764        0.02840       16.02889        0.02445        1.23310        0.51255        4.38794        0.00485        0.04448        0.00561      300.00000       25.00719
   70    1    1     1759.61686     1698.73283      595.66029        7.51407      154.42698        0.02913        0.02246        1.19339       11.30000        0.23928        0.60071        1.13385        5.72614        0.00770        0.00006        0.05957        1.22923      153.93971        0.02890        0.02200       11.92542        0.09939        0.70395        1.17127        5.72471        0.00770        0.00158        0.05796      300.00000        1.68139
   71    1    1     1948.46614     1609.79240      752.04217        7.10583      142.59683        0.02483        0.02435        0.66111        0.60000        0.00194        1.11627        0.61830        3.79373        0.00373        0.00499        0.04279        0.85499      142.51744        0.02478        0.02436        0.96227        0.00127        0.90799        0.82727        3.80159        0.00345        0.02037        0.02772      300.00000        3.99779
   72    1    1     2932.56656     1890.00336      880.06953        2.62042       61.82704        0.00467        0.06332        1.38537       14.50000        0.32755        0.35663        1.37794        6.75344        0.01152        0.00142        0.00742        0.26063       46.80983        0.00268        0.01111       27.79702        0.76245        1.10636        0.25566        3.51042        0.00310        0.00416        0.00497      300.00000       49.11504
   73    1    1     2288.90006     1770.56194      502.96081        8.38608      104.91961        0.01344        0.00567        0.94399       16.80000        0.40631        0.79829        0.93627        9.78779        0.02420        0.02016        0.00772        0.72493      105.06054        0.01345        0.00577       16.73913        0.62863        0.80253        0.70961        9.78730        0.02309        0.01369        0.01531      300.00000        2.14567
   74    1    1     5268.71206     1429.87509      603.73513        4.51320       51.51549        0.00324        0.01267        0.43722       10.20000        0.01234        1.31302        0.42154        8.36782        0.01687        0.00066        0.01572        0.69387       56.90680        0.00395        0.02361        6.00267        0.27140        0.77567        0.68371        9.33911        0.02113        0.00641        0.01016      300.00000       60.95996
   75    1    1     2789.89208     1586.35975      750.97207        6.90875       98.54315        0.01186        0.01299        1.33983       12.40000        0.01137        0.39482        1.33974       12.12935        0.03626        0.00005        0.00006        0.09663       99.10919        0.01199        0.01208       12.96598        0.04116        1.60894        0.09655       12.12839        0.03626        0.00009        0.00008      300.00000        2.62353
   76    1    1     1834.51000     1758.71520      589.94056        8.40259      134.45097        0.02208        0.00919        0.98913       23.00000        0.29508        0.75138        0.98318       13.70766        0.04736        0.00557        0.00595        0.71104      134.43977        0.02207        0.00931       22.98115        0.16794        1.15233        0.70934       13.70724        0.04608        0.01103        0.00170      300.00000        0.19272
   77    1    1    14994.89119     1498.74685      661.28749        0.89904        3.22301        0.00001        0.00156        0.69251        5.10000        0.00133        1.10100        0.63356        6.60093        0.01136        0.00454        0.05889        1.16316       10.42921        0.00013        0.00045        6.20473        0.00593        0.61422        1.11524        6.91753        0.01129        0.01714        0.04792      300.00000      136.63532
   78    1    1     2152.85931    51288.63147    23908.68655        8.34459      116.08294        0.01646        0.00718        0.20619       23.90000       53.97044        1.57256        0.16201       16.51015        0.07062        0.00136        0.04414       28.93017      115.96682        0.01642        0.00727       23.94985        0.04145       26.77745       28.88608       16.51023        0.06447        0.00755        0.04408      300.00000        0.55711
   79    1    1     2092.75079     1685.06630      796.47408        2.89471       71.66376        0.00627        0.06858        0.60814        5.40000        0.05950        1.13951        0.59505        5.96071        0.00902        0.00104        0.01301        0.65954       40.62154        0.00202        0.02405       21.88592        0.14979        1.01367        0.65768       11.35833        0.03163        0.01139        0.00187      300.00000       83.15466
   80    1    1     1186.95397     7323.07188     3217.28211        7.56948      224.52632        0.06157        0.04589        0.86909       27.00000        6.34401        0.90349        0.83108        6.50184        0.01003        0.01768        0.03803        2.69402      224.68119        0.06151        0.04612       26.94089        0.29679        5.12989        2.65168        6.50532        0.01095        0.01247        0.04234      300.00000        0.14222
   81    1    1     1627.28490     3132.49166     1125.78005        7.00766      165.56785        0.03348        0.03470        1.20944       14.70000        2.02720        0.52705        1.20751        6.81883        0.01140        0.01304        0.00194        2.00884      165.29292        0.03331        0.03488       14.60692        0.23508        1.51760        2.00897        6.84352        0.01165        0.01495       -0.00013      300.00000        0.36931
   82    1    1     5893.61260     2030.34439      483.01571        1.22986       17.64097        0.00038        0.02475        0.78240       17.80000        0.63425        0.95204        0.78252        7.67710        0.01466        0.04617       -0.00012        1.43866       22.84319        0.00064        0.00275       26.75856        0.51965        0.46288        1.41004        7.15114        0.01221        0.01787        0.02862      300.00000       43.69884
   83    1    1     3337.13111     2024.24709      922.06298        3.33787       51.03383        0.00318        0.02537        0.36777       10.10000        0.60207        1.38134        0.35322        4.83237        0.00563        0.01726        0.01452        1.05211       59.50528        0.00432        0.01338       13.00562        0.34204        0.94920        1.04630        7.95765        0.01596        0.02562        0.00581      300.00000       14.09060
   84    1    1      971.68385     3635.68793     1608.47783        8.13405      263.12282        0.08456        0.04324        0.14569       39.40000        1.87654        1.59034        0.14423       23.05264        0.13041        0.00150        0.00139        1.22481      262.92817        0.08410        0.04306       39.56859        0.24522        2.14229        1.22429       23.05272        0.13260        0.00021        0.00052      300.00000        0.01462
   85    1    1     2855.26350     4007.18333     1323.92025        6.77584       96.59509        0.01140        0.01343        1.20573       42.70000        2.85211        0.53594        1.19863        6.88997        0.01154        0.00018        0.00712        1.77345       97.61069        0.01162        0.01318       42.66113        1.60696        1.20744        1.77210        6.94242        0.01205        0.00560        0.00135      300.00000        4.47029
   86    1    1     4208.08935     1542.41277      607.26965        0.91255       16.48224        0.00033        0.03951        1.16259        7.10000        0.07696        0.57503        1.15953        7.91269        0.01571        0.01210        0.00298        1.00616       30.11867        0.00111        0.00391       15.27959        0.06530        0.75652        1.00558       11.81041        0.03481        0.01444        0.00058      300.00000       79.35943
   87    1    1     1632.59526     1740.57689      538.14041        2.20599       49.76386        0.00302        0.05913        0.42912       34.80000        0.31258        1.30543        0.42914        1.53127        0.00058        0.00127       -0.00003        0.29207       24.90198        0.00075        0.06516       31.58416        0.41124        1.32945        0.29092        7.11311        0.01243        0.00004        0.00115      300.00000      123.97147
   88    1    1     3008.85068    34504.84832    14775.87206        8.24071       81.44185        0.00810        0.00383        0.12565       18.40000       35.77958        1.61065        0.12391       13.77609        0.04750        0.00005        0.00175        0.38301       81.60032        0.00813        0.00391       18.34626        5.95429       31.17722        0.38258       13.77479        0.04670        0.00219        0.00043      300.00000        2.44664
   89    1    1     1640.25622    46818.30544    19736.93653        2.05379       33.10447        0.00134        0.03039        0.54627       37.30000       48.48352        1.19507        0.53950       10.26195        0.02657        0.07863        0.00680       15.14138       30.63838        0.00114        0.12458       38.11054        0.13088       34.79116       15.08011       27.08520        0.17206        0.00058        0.06126      300.00000      139.31061
   90    1    1     1200.24070     2080.65044      767.76619        6.01017      220.39626        0.05933        0.10491        0.47983       22.10000        0.27490        1.26204        0.47252       17.24643        0.07511        0.06233        0.00739        1.16898      220.68845        0.05891        0.10477       22.23453        0.21300        0.69179        1.10493       17.27848        0.06993        0.01108        0.06405      300.00000        2.87064
   91    1    1     1510.96557    52103.42561    23424.25068        1.64440       26.55284        0.00086        0.03098        0.23422       28.90000       52.58672        1.49987        0.23470        6.86514        0.01170        0.00054       -0.00051        8.10092       64.15328        0.00501        0.34537       36.33249        0.26415       45.63066        8.09986        8.47773        0.01765        0.00116        0.00106      300.00000      125.83286
   92    1    1     1220.66463     7887.36941     3492.76675        7.46830      218.68707        0.05841        0.04631        1.27051       25.50000        7.57933        0.48298        1.25158        4.68096        0.00527        0.00876        0.01892        3.93136      218.98532        0.05837        0.04663       25.40186        0.08849        5.31724        3.90790        4.65236        0.00518        0.00427        0.02346      300.00000        0.47488
   93    1    1     1854.62477     8128.96575     4014.13239        0.36344        9.23355        0.00010        0.07873        0.98117       12.70000        7.57723        0.75293        0.98164        2.13569        0.00113        0.01600       -0.00040        3.33940       34.46488        0.00145        0.02919       22.91310        0.15945        5.85334        3.33965        6.83162        0.01161        0.01282       -0.00025      300.00000      136.85033
   94    1    1     2289.97724     6483.59384     3141.84086        0.44051        6.71919        0.00006        0.02836        0.36379       26.20000        5.82903        1.37906        0.35551       10.84232        0.02972        0.00003        0.00826        5.67032        9.68064        0.00011        0.02339       24.51018        0.37043        1.52759        5.66623       11.63464        0.03305        0.00514        0.00409      300.00000      165.97283
   95    1    1     2590.54951     1838.15738      856.33404        6.73057      104.19571        0.01326        0.01601        0.84816       20.40000        0.17455        0.88809        0.84648       13.84019        0.04794        0.00068        0.00168        1.10794      104.44136        0.01331        0.01750       19.67196        0.13940        0.65976        1.10841       13.83961        0.04738        0.00339       -0.00047      300.00000        1.32759
   96    1    1     4295.44357     2253.94875      659.22811        3.14074       44.47916        0.00242        0.02208        1.13223       26.50000        0.96087        0.63269        1.10188        9.84506        0.02311        0.00098        0.03044        1.90416       50.32953        0.00309        0.01175       25.08292        0.53832        0.27790        1.87349       12.60152        0.03785        0.00131        0.03067      300.00000       20.70145
   97    1    1     2697.44565     3874.98233     1592.41522        6.85673      102.29169        0.01278        0.01440        0.16884       31.70000        2.71023        1.56520        0.16937       14.99572        0.05572        0.02099       -0.00053        4.13175      102.30786        0.01277        0.01477       31.62841        0.18537        0.14300        4.11617       14.99395        0.05723        0.00329        0.01558      300.00000        3.52912
   98    1    1     1069.45021     4045.76125     1632.00983        7.32011      251.53498        0.07727        0.06694        1.27526       16.90000        2.97141        0.46490        1.26967        4.34475        0.00460        0.04918        0.00549        3.13223      251.53407        0.07709        0.06720       16.83449        0.28701        1.29388        3.12498        4.35116        0.00460        0.04754        0.00725      300.00000        0.14391
   99    1    1     3099.97029     1433.14890      650.06881        1.51997       27.60135        0.00093        0.03934        0.71770       12.20000        0.00728        1.04749        0.68708        0.71631        0.00012        0.00171        0.03065        0.98287       12.20377        0.00018        0.00675       30.37822        0.11193        0.67520        0.97721        6.25732        0.00954        0.02811        0.00566      300.00000      134.01274
  100    1    1     1556.20382     4165.66721     1803.28826        6.37468      171.72395        0.03602        0.05261        1.58449       19.40000        3.00686        0.15799        1.57658       11.60503        0.03271        0.01066        0.00795        1.43800      173.56844        0.03665        0.05483       17.82184        1.45652        1.86086        1.42116       11.60293        0.03241        0.00206        0.01684      300.00000        2.36642
