    1    1    1     3269.77849     1774.46162      624.17435        5.31845       97.99091        0.01173        0.02973        1.04413       26.80000        0.35020        0.69314        1.04142        5.72830        0.00803        0.01042   -33197.38118        1.51698       97.23527        0.01154        0.03131       28.51268        0.16098        0.41217        1.51673        2.65303        0.00173        0.01267        0.00026      300.00000       78.29112
    2    1    1     4066.85060     5913.76223     2827.75785        2.85569       50.26050        0.00309        0.03475        0.10212       13.40000        5.14909        1.63816        0.09641        1.03262        0.00026        0.00290        0.00571        4.08929       51.86573        0.00328        0.02538       26.25187        0.45050        2.33800        4.08710        8.36512        0.01753        0.00639        0.00218      300.00000       26.27124
    3    1    1     2361.26673     2152.92026     1037.36997        4.43998       95.01938        0.01103        0.04491        0.41654       14.70000        0.52659        1.31891        0.41565        7.35492        0.01351        0.02759        0.00095        0.33528       92.72468        0.01047        0.05666       16.14798        0.72141        1.21298        0.31531        7.45584        0.01335        0.00893        0.01997      300.00000       29.61829
    4    1    1     2011.56243     1827.74585      496.84917        1.88242       32.11537        0.00126        0.03429        1.35957       15.60000        0.34666        0.39151        1.34305       14.18958        0.04848        0.00016        0.01659        1.48085       24.95974        0.00076        0.05835       11.63014        0.26573        0.36069        1.46639        8.01307        0.01549        0.00007        0.01445      300.00000      129.08184
    5    1    1     1915.37489     1536.25281      579.25491        0.05344        1.05048        0.00000        0.04719        1.42509        7.50000        0.03464        0.36477        1.36980        8.95550        0.02088        0.00743        0.05526        1.15395       26.88902        0.00088        0.05368        9.78217        0.39809        0.28061        1.10146        6.60376        0.01134        0.00147        0.05249      300.00000      167.71083
    6    1    1     3265.63721     1530.86352      626.75236        2.89595       31.70780        0.00123        0.01341        1.49409       23.20000        0.02975        0.29323        1.44134        9.20486        0.02204        0.00160        0.05277        0.87984       25.94909        0.00082        0.01823       12.82763        0.01065        0.88499        0.85028       11.90567        0.03643        0.02438        0.02956      300.00000       90.01993
    7    1    1     1296.69264     1921.44959      732.99499        1.52515       45.03873        0.00248        0.10403        0.14265        5.40000        0.26417        1.60532        0.12924       19.39722        0.09085        0.00002        0.01349        0.63464       38.77909        0.00183        0.08391       20.83357        0.07284        1.31106        0.63250       19.71084        0.09732        0.00793        0.00214      300.00000      129.06087
    8    1    1     1218.84116     3704.78499     1172.63487        8.95364      176.98092        0.03825        0.00946        1.33067       26.40000        2.61482        0.43010        1.30447       12.13370        0.03519        0.02458        0.02630        1.94057      176.81148        0.03818        0.00947       26.42293        1.57266        0.88743        1.88935       12.13402        0.03470        0.00006        0.05121      300.00000        0.18513
    9    1    1     2812.37457     1776.32033      596.81678        1.87485       67.40422        0.00555        0.15231        1.03377       11.30000        0.03961        0.71387        1.02070       15.46765        0.06077        0.00034        0.01308        0.46701       53.27103        0.00346        0.01021       41.72924        0.92453        0.47467        0.45330       22.29026        0.12627        0.00007        0.01371      300.00000       46.06425
   10    1    1     1050.72336     1802.87525      654.79078        8.20661      240.46343        0.07062        0.03424        0.69570       28.50000        0.26716        1.03918        0.69538        3.98556        0.00396        0.00427        0.00026        1.33961      240.28082        0.07041        0.03392       28.71823        0.08685        0.57947        1.33605        3.98933        0.00389        0.00099        0.00356      300.00000        0.07453
   11    1    1     1162.19781     4329.28723     1319.00035        8.46624      208.29468        0.05299        0.02094        1.44346       34.30000        3.14205        0.29323        1.44134       14.22655        0.05070        0.00682        0.00203        1.92411      208.07457        0.05286        0.02089       34.34629        1.01311        1.94233        1.92134       14.22610        0.05076        0.00614        0.00277      300.00000        0.30926
   12    1    1     3262.49509     3391.56924     1338.60443        0.61324       11.75561        0.00017        0.04471        1.11107       39.60000        2.22118        0.70429        1.03027        1.32165        0.00041        0.00611        0.08084        0.88733       32.44261        0.00129        0.00737       46.20513        0.99915        2.10122        0.88488        5.61479        0.00772        0.08387        0.00246      300.00000      102.70602
   13    1    1     3963.88704     1622.34052      581.12406        3.25983       62.39957        0.00476        0.04000        1.50400       16.20000        0.25220        0.23134        1.50323        6.44049        0.01036        0.00003        0.00082        0.77733       64.43257        0.00506        0.01892       17.24924        0.21146        1.00002        0.77681       10.91088        0.02970        0.00020        0.00052      300.00000       56.51025
   14    1    1     6619.93512     2586.35218      409.38900        1.09203       21.47908        0.00056        0.04669        1.57548       27.10000        1.28706        0.16337        1.57119        5.73283        0.00826        0.00155        0.00428        1.64701       48.51588        0.00287        0.00500       29.61102        1.23613        0.13522        1.64746       14.21382        0.04993        0.00680       -0.00045      300.00000       16.72802
   15    1    1     2137.34119     4151.34896     1835.11952        5.16732      112.39550        0.01543        0.04235        0.34534       17.50000        3.04003        1.42721        0.30735       12.66074        0.03804        0.00605        0.03796        3.31999      109.37947        0.01457        0.04650       22.37370        0.30916        1.18029        3.29503       10.47219        0.02811        0.01585        0.02496      300.00000        8.77614
   16    1    1     1075.00053     1954.50559      668.64364        6.79661      250.55360        0.07667        0.08931        1.47561       41.90000        0.19093        0.26077        1.47379       10.38449        0.02644        0.00459        0.00188        1.05505      250.46946        0.07617        0.09043       41.74430        0.19971        0.66953        1.05558       10.38807        0.02673        0.00670       -0.00053      300.00000        0.03115
   17    1    1     1319.22974     8553.10859     3849.15827        6.29752      205.06521        0.05136        0.07814        0.22559       29.80000        8.02426        1.50865        0.22592        6.74042        0.01122        0.00854       -0.00031        2.25091      205.13066        0.05126        0.07721       29.96451        1.48925        6.02470        2.24543        6.89318        0.01197        0.00246        0.00549      300.00000        4.01259
   18    1    1     3550.83414     2321.82665      824.09700        4.70099       66.14899        0.00534        0.01884        1.07278       13.40000        1.16398        0.67850        1.05606        7.15516        0.01233        0.00017        0.01666        1.56232       59.03205        0.00425        0.02460       15.71742        0.27738        1.06443        1.56258        2.88588        0.00207        0.01690       -0.00026      300.00000       35.80712
   19    1    1     1672.13451     1578.16529      569.29056        3.48323       80.42541        0.00790        0.05721        0.70382       36.00000        0.08374        1.04559        0.68897        4.60446        0.00511        0.00092        0.01486        0.77254      103.50633        0.01308        0.12095        8.37632        0.34666        0.63942        0.76267        3.00661        0.00219        0.00946        0.00987      300.00000       27.28129
   20    1    1     1892.00424     1710.14225      786.59433        4.28257       94.19953        0.01084        0.04825        0.26259        9.10000        0.02592        1.47613        0.25844       11.03380        0.02972        0.01188        0.00420        0.18548      100.59156        0.01235        0.07338        8.01048        0.02647        1.54677        0.18604        4.55061        0.00513        0.01574       -0.00056      300.00000       12.51795
   21    1    1     2272.07143     1734.82017      709.63603        4.01344       79.99036        0.00781        0.04070        0.70160       25.00000        0.12637        1.03791        0.69665       14.18152        0.04904        0.01657        0.00488        0.45916       76.35065        0.00710        0.03557       27.34359        0.27607        1.15300        0.43794       14.18086        0.04824        0.00087        0.02122      300.00000       26.63931
   22    1    1     3987.83781     1906.75304      677.11092        5.46776       85.63274        0.00896        0.02100        1.13791       14.10000        0.51671        0.60276        1.13181       15.86548        0.06346        0.00536        0.00609        0.83664       80.64991        0.00793        0.01943       11.26198        0.14375        1.26756        0.83665       16.61934        0.06811        0.01273       -0.00000      300.00000       77.37655
   23    1    1     1965.48577     1664.61515      763.71902        0.91908       17.64011        0.00038        0.04461        1.49494       14.30000        0.02294        0.23923        1.49534       11.85437        0.03473        0.00192       -0.00034        0.34844       25.81885        0.00081        0.04379       22.74061        0.06550        1.35766        0.34758        9.48952        0.02213        0.00043        0.00086      300.00000      143.88664
   24    1    1     3873.20841     1833.61868      796.78563        3.65792       30.63698        0.00115        0.00742        0.52141       17.30000        0.20133        1.22128        0.51329       20.25725        0.10371        0.00340        0.00810        1.86823       60.83363        0.00451        0.06967       30.26136        0.09507        0.00877        1.86147        5.48547        0.00759        0.00586        0.00676      300.00000       68.66733
   25    1    1     1312.97740     1535.82842      618.16476        6.85801      205.65414        0.05165        0.05817        1.24460        8.50000        0.00694        0.49185        1.24271        6.56120        0.01055        0.00213        0.00185        1.45266      206.01391        0.05165        0.05768        9.18134        0.00724        0.28430        1.45058        6.54588        0.01050        0.00187        0.00208      300.00000        0.44169
   26    1    1     5876.40450     2064.09504      782.91423        5.09043       38.48651        0.00181        0.00517        1.13936       19.80000        0.58433        0.60091        1.13365       12.19914        0.03625        0.01775        0.00567        1.52898       35.57728        0.00154        0.00548       20.79334        0.42563        0.37298        1.52049       12.17503        0.03748        0.01350        0.00849      300.00000       28.90844
   27    1    1     5068.66752     2095.96169      902.28239        8.37056       51.89084        0.00329        0.00140        0.69231       14.70000        0.68466        1.08167        0.65290        5.08124        0.00667        0.01304        0.03945        0.89959       51.39163        0.00322        0.00143       14.69759        0.60824        0.96357        0.84740        5.08128        0.00608        0.00090        0.05219      300.00000        4.86520
   28    1    1     6510.52898    26377.08994    10901.74456        5.07517       39.21267        0.00188        0.00541        0.20726       27.90000       27.82034        1.53495        0.19961        0.54986        0.00008        0.00000        0.00771        3.52275       22.71463        0.00063        0.03423       29.64531        1.14900       24.85667        3.50621        3.51409        0.00315        0.00355        0.01654      300.00000       19.47882
   29    1    1     1805.94155     1553.51260      599.09134        6.34256      149.23473        0.02720        0.04041        0.34338       17.00000        0.03253        1.44282        0.29175        7.40612        0.01426        0.00519        0.05160        1.63649      147.71924        0.02657        0.03770       18.87444        0.02500        0.12597        1.61956        7.40830        0.01321        0.04086        0.01693      300.00000        1.84311
   30    1    1     1015.83257     1828.39111      654.98522        1.92793       76.87925        0.00722        0.18699        1.01146        6.60000        0.07888        0.73047        1.00409       11.98165        0.03489        0.01048        0.00738        1.01585      100.73068        0.01236        0.16392       29.27305        0.20746        0.63417        1.01058        7.28467        0.01293        0.01370        0.00527      300.00000       95.11997
   31    1    1     1436.35071     1677.53503      626.72799        2.27543       68.09668        0.00566        0.10372        1.63104       14.00000        0.13414        0.16559        1.56898        7.20011        0.01215        0.00016        0.06209        0.40007       59.63190        0.00432        0.06746       32.02183        0.19939        1.31589        0.39989        5.63748        0.00783        0.05751        0.00018      300.00000       98.38507
   32    1    1     2881.12530    10282.88610     4442.47196        7.15549      101.24640        0.01252        0.01193        0.11906       18.80000       10.27553        1.61593        0.11863       24.47609        0.14944        0.00027        0.00047        3.93307       99.68251        0.01213        0.01203       18.92253        0.79102        7.28592        3.93339       24.47412        0.14795        0.00256       -0.00032      300.00000        9.36877
   33    1    1     4650.19564     1520.80482      625.70800        5.97637       62.84743        0.00482        0.00868        0.70961       25.40000        0.06312        1.02610        0.70846        3.83079        0.00360        0.00863        0.00112        1.01987       62.57606        0.00478        0.00878       25.69548        0.07588        0.70432        1.01831        3.40217        0.00290        0.00807        0.00155      300.00000       22.30588
   34    1    1     2726.44638     1798.19340      786.56473        3.95481       73.05966        0.00652        0.03516        0.04032       11.20000        0.37607        1.69373        0.04084        4.97075        0.00612        0.01716       -0.00058        1.22390       71.69443        0.00626        0.02583       18.12585        0.13561        0.76247        1.22257        4.78690        0.00562        0.01536        0.00132      300.00000        7.27930
   35    1    1     6712.01130     2325.33406     1012.10296        2.81600       21.42151        0.00056        0.00651        0.14053       27.60000        1.01776        1.59809        0.13647        2.92108        0.00214        0.02278        0.00405        0.44908       13.98787        0.00024        0.00639       15.70700        0.02510        2.26130        0.44409        9.14248        0.02104        0.02524        0.00498      300.00000       54.98934
   36    1    1     1002.38971     5265.73514     2534.93779        8.85076      220.78556        0.05954        0.01646        0.30520        4.80000        3.93300        1.43633        0.29824        8.16453        0.01621        0.00694        0.00700        3.91288      220.64553        0.05944        0.01652        4.79851        0.00832        1.75599        3.90323        8.16407        0.01616        0.00435        0.00964      300.00000        0.28109
   37    1    1     1742.70395     1572.14708      668.62123        7.47462      154.22787        0.02905        0.02295        0.16872       15.20000        0.01499        1.58191        0.15265        9.84972        0.02470        0.00209        0.01608        0.21342      153.49123        0.02868        0.02235       15.86611        0.01253        1.54124        0.19685        9.84898        0.02471        0.00147        0.01658      300.00000        0.08600
   38    1    1     1547.94672     1756.46271      862.02928        6.18943      170.16713        0.03537        0.05695        0.64478        7.50000        0.10543        1.08973        0.64484        2.92990        0.00214        0.01269       -0.00011        0.16474      170.51141        0.03529        0.05632        8.41876        1.47047        0.21642        0.15385        2.92805        0.00208        0.00177        0.01089      300.00000        0.78558
   39    1    1     4912.31761     3570.60269     1828.21732        8.34711       47.37249        0.00274        0.00119        0.12089       17.50000        2.14129        1.62658        0.10798       12.27477        0.03826        0.00004        0.01290        3.54552       47.18707        0.00272        0.00118       17.47467        0.10814        0.22995        3.53771       12.27461        0.03660        0.00688        0.00781      300.00000        5.22375
   40    1    1     2178.45550     1733.36477      565.07643        1.75412       46.16811        0.00260        0.08200        1.00389       11.20000        0.16323        0.76217        0.97239       13.04740        0.04056        0.01022        0.03151        1.12102       59.84776        0.00436        0.01623       16.14894        0.11823        0.69994        1.09273       20.10094        0.10377        0.00112        0.02829      300.00000       79.97598
   41    1    1     1166.20350     1881.12093      597.83033        8.41766      210.85931        0.05430        0.02233        0.65700        8.60000        0.15257        1.08583        0.64873       21.48950        0.11673        0.06022        0.00832        1.40570      210.76324        0.05423        0.02240        8.58101        0.22763        0.30472        1.35477       21.48961        0.12002        0.01429        0.05093      300.00000        0.26815
   42    1    1     1960.28420     1738.62410      493.03228        0.28118        4.33614        0.00002        0.02902        0.77026       29.40000        0.23117        0.96669        0.76788       16.88224        0.06980        0.01898        0.00234        0.98851       25.89246        0.00082        0.06686       21.59010        0.41058        0.52336        0.98545       17.65306        0.07821        0.01760        0.00306      300.00000      157.41263
   43    1    1     2058.37649     3786.58939     1471.76224        8.36705      119.33963        0.01739        0.00745        1.20792       17.50000        2.67679        0.59352        1.14105       14.19305        0.04713        0.04206        0.06686        0.58733      119.73853        0.01750        0.00764       17.30903        1.36144        2.56497        0.48462       14.19311        0.05338        0.00001        0.10271      300.00000        0.46349
   44    1    1     2432.95843     1713.64695      654.78150        1.43497       24.61000        0.00074        0.03518        0.29433       24.50000        0.31669        1.44014        0.29443        3.56497        0.00313        0.00313       -0.00008        0.73407       23.71233        0.00069        0.02482       20.15954        0.09869        1.21055        0.73413        9.13048        0.02075        0.00378       -0.00006      300.00000      111.93403
   45    1    1     2321.67860     1677.60553      695.75261        0.79317       18.24421        0.00041        0.06421        0.33663        5.90000        0.21950        1.39965        0.33491        1.94686        0.00095        0.00092        0.00176        1.80516       26.22380        0.00084        0.01848        6.43457        0.03635        0.12182        1.80280       12.55166        0.03948        0.00014        0.00235      300.00000      122.76989
   46    1    1     1518.57733     2660.68979      989.34878        3.27682       82.75759        0.00836        0.06954        1.04985       26.70000        1.25193        0.72994        1.00462        9.77150        0.02257        0.00091        0.04530        1.38447      108.41225        0.01431        0.13839       13.28912        0.29948        1.27253        1.35259        6.78323        0.01096        0.01297        0.03188      300.00000       31.35091
   47    1    1     3280.31944     2120.35239      628.34014        8.14758       74.91491        0.00685        0.00347        0.37604       20.60000        0.84781        1.36332        0.37124        2.71653        0.00180        0.01633        0.00471        0.83971       74.68700        0.00681        0.00354       20.58644        0.60219        1.14437        0.83579        2.72791        0.00182        0.01719        0.00392      300.00000        3.53542
   48    1    1     1692.37081     3359.98319     1236.11788        7.26252      159.32934        0.03100        0.02778        0.73264       14.60000        2.24210        1.00303        0.73153       15.40420        0.05930        0.00178        0.00113        2.28042      158.47242        0.03047        0.02761       15.07999        0.24345        1.45329        2.28066       15.40341        0.05857        0.00384       -0.00024      300.00000        0.54725
   49    1    1     3375.27644     1794.09809      770.63182        3.00033       49.63520        0.00301        0.03042        0.52616       20.60000        0.35562        1.20875        0.52582        1.36364        0.00046        0.02079        0.00035        1.42868       47.67182        0.00277        0.00777       22.20703        0.12826        0.55572        1.41057        8.80134        0.01863        0.00338        0.01811      300.00000       58.39776
   50    1    1     4068.34884   108338.95451    44729.01045        3.01388       38.92769        0.00185        0.01852        1.65469       35.70000      110.29476        0.09781        1.63675        5.41578        0.00705        0.00025        0.01792       76.12420       38.97943        0.00185        0.00674       33.38795        0.15912       35.74613       76.11952       10.43214        0.02654        0.01039        0.00468      300.00000       82.40442
   51    1    1     3472.37176     5701.39082     2479.07498        4.34212       76.41476        0.00713        0.03069        0.16445       26.80000        4.93717        1.57124        0.16332        7.99028        0.01596        0.02749        0.00114        2.35546       75.99501        0.00703        0.02336       27.03365        0.38247        3.93560        2.34199       11.83393        0.03558        0.01464        0.01347      300.00000       63.41130
   52    1    1     1312.78146     1688.50309      573.60462        6.62925      206.65361        0.05216        0.06653        1.63239       24.20000        0.10746        0.11496        1.61960        9.32497        0.02208        0.00063        0.01276        0.58377      206.92205        0.05225        0.06694       24.04511        0.19647        1.06230        0.58288        9.30073        0.02126        0.01321        0.00089      300.00000        1.92566
   53    1    1     2060.94691    24234.48010    10683.58784        5.01230      126.00524        0.01939        0.05779        1.18315       34.50000       24.79804        0.55145        1.18312        6.05212        0.00903        0.00775        0.00013        8.18323      124.66970        0.01898        0.05537       34.19844        0.52954       17.82087        8.18047        7.36286        0.01360        0.00499        0.00276      300.00000       26.54750
   54    1    1     1020.95984   299561.44914   116581.89112        8.40990      241.18094        0.07104        0.02940        0.33424       27.00000      297.90072        1.43880        0.29576        1.94959        0.00098        0.00165        0.03847       41.71803      241.24255        0.07105        0.02956       26.95322        0.16515      257.78377       41.68628        1.94948        0.00098        0.00834        0.03175      300.00000        0.27221
   55    1    1     3408.45156     3033.43528     1439.89813        4.15776       63.33348        0.00490        0.02344        0.65507       22.50000        1.57090        1.07978        0.65478       12.78893        0.04077        0.02266        0.00021        0.89028       59.89334        0.00437        0.01408       14.29549        0.10254        2.31920        0.88669       13.77147        0.04764        0.01943        0.00358      300.00000       17.13688
   56    1    1     3789.16920     4239.37470     1926.72716        7.99124       70.65407        0.00610        0.00345        0.66355       23.70000        3.20599        1.07978        0.65478        7.98012        0.01611        0.00101        0.00881        2.20224       70.25145        0.00602        0.00352       23.69797        0.86442        1.87852        2.19756        7.98103        0.01554        0.00574        0.00467      300.00000        2.89971
   57    1    1     2668.00518     1633.07480      767.17759        3.69336       60.89545        0.00453        0.02867        0.84855        8.20000        0.03168        0.89471        0.83985        8.70294        0.01838        0.00038        0.00871        0.15140       40.72862        0.00202        0.02393       19.27038        0.96334        0.65135        0.14978       10.62528        0.02825        0.00661        0.00162      300.00000       50.86563
   58    1    1     1686.98033     2190.60552      663.27532        6.58754      159.78100        0.03118        0.04067        1.52516       38.80000        0.61863        0.25562        1.47895        4.82889        0.00605        0.00059        0.04622        1.72672      160.30309        0.03137        0.03992       38.94282        0.55528        0.11625        1.68225        4.81142        0.00600        0.00235        0.04447      300.00000        1.34967
   59    1    1     2344.21155     2709.65294     1261.93228        0.74409       11.32227        0.00016        0.02812        1.25891       13.30000        1.64974        0.47638        1.25818        5.85737        0.00856        0.00475        0.00072        2.66591        8.35823        0.00009        0.02500       10.76286        0.22035        0.49654        2.66166        8.55513        0.01786        0.00087        0.00426      300.00000      154.77125
   60    1    1     1036.09180    31901.57428    15923.39018        8.89410      211.39270        0.05458        0.01442        0.68177       33.10000       33.36456        1.05257        0.68200        6.54571        0.01058        0.00003       -0.00026       27.77185      211.25069        0.05442        0.01435       33.18070        0.06815        7.25894       27.77232        6.54537        0.01059        0.00019       -0.00047      300.00000        0.07614
   61    1    1     2234.94371     1640.32708      558.19786        4.32241       88.97155        0.00967        0.04208        1.38844       27.90000        0.22393        0.34675        1.38781        4.86661        0.00591        0.00302        0.00061        0.54484       71.01509        0.00613        0.04546       13.49553        0.11841        1.26026        0.54352       13.34446        0.04453        0.00016        0.00132      300.00000       29.47436
   62    1    1     2614.10682     1557.62623      704.94785        4.22425       64.44289        0.00507        0.02335        0.36774        0.40000        0.00111        1.39565        0.33892       19.50420        0.09078        0.04995        0.02882        0.12273       42.17178        0.00217        0.03278       23.35816        0.03897        1.63990        0.08814       15.48812        0.06184        0.03527        0.03459      300.00000       53.65485
   63    1    1     2626.46053    16803.29110     6841.38390        6.35046      104.25170        0.01327        0.01964        1.24979       16.70000       17.57677        0.48808        1.24648        9.92311        0.02407        0.00132        0.00327       11.52239      103.87033        0.01317        0.01958       16.82547        0.16477        7.62633       11.52054        9.91300        0.02460        0.00214        0.00185      300.00000        4.30335
   64    1    1     7363.66900     1699.09371      645.85826        1.47417       28.66914        0.00100        0.04519        0.36088        4.10000        0.05713        1.37434        0.36023       16.68319        0.06846        0.04102        0.00061        1.23879       32.29411        0.00127        0.04388       23.29211        0.08509        0.49291        1.23734       13.36634        0.04469        0.04140        0.00145      300.00000       57.83474
   65    1    1     6275.77269     1825.60052      681.11414        0.92183       13.15854        0.00021        0.02467        0.98320       22.70000        0.55345        0.75101        0.98355        2.44369        0.00147        0.00006       -0.00029        0.82815       36.26106        0.00160        0.00309       23.10307        0.10552        1.36769        0.82845        5.66919        0.00799        0.00006       -0.00030      300.00000       31.02649
   66    1    1     1246.07069     1809.94658      625.35197        3.09441      106.98747        0.01398        0.13202        0.72873       23.20000        0.04281        1.12363        0.61094        4.17233        0.00463        0.05553        0.11780        0.86585       97.04208        0.01144        0.14501       16.92359        0.06699        0.91005        0.78585        6.67837        0.01038        0.09160        0.08000      300.00000       52.01809
   67    1    1     3579.82358     1571.80030      556.66003        6.51783       77.17450        0.00727        0.00985        1.01652       12.90000        0.16285        0.73191        1.00266       12.84567        0.04194        0.00040        0.01388        0.61531       77.65720        0.00736        0.00964       12.99760        0.14155        1.15668        0.59932       12.84563        0.03975        0.00045        0.01599      300.00000        4.96659
   68    1    1     1371.71724     1767.57812      678.48560        8.12636      186.25819        0.04237        0.02179        1.54223       20.40000        0.21427        0.20779        1.52678        6.52920        0.01028        0.00559        0.01540        0.42726      186.08445        0.04226        0.02148       20.63691        0.90689        0.63265        0.40980        6.53163        0.01026        0.00351        0.01746      300.00000        0.12566
   69    1    1     1330.95080     1726.88549      787.38261        8.50117      181.73831        0.04034        0.01548        1.57196       20.80000        0.05425        0.17207        1.56250       14.34687        0.05209        0.00527        0.00938        0.47817      181.63110        0.04021        0.01526       21.00756        0.13343        1.17715        0.47867       14.34758        0.05110        0.01615       -0.00050      300.00000        0.18317
   70    1    1     4922.03831    54565.69831    22225.37498        0.12888        2.53512        0.00001        0.04725        0.52409       11.80000       55.94254        1.21003        0.52454       14.35679        0.05115        0.00007       -0.00051        4.63883       41.73462        0.00213        0.00322       50.06363        0.12675       52.99485        4.63891        6.16613        0.00938        0.00001       -0.00008      300.00000       52.11219
   71    1    1     3042.79453     1501.22823      595.43643        0.67289        9.67720        0.00011        0.02515        1.55218        8.90000        0.02348        0.22333        1.51123        4.85248        0.00558        0.00775        0.04099        1.56976        5.93214        0.00004        0.00751       22.70227        0.03095        0.22558        1.52228        1.74086        0.00079        0.00296        0.04748      300.00000      161.98968
   72    1    1     3455.56316     1670.03042      635.02012        1.04629       16.20994        0.00032        0.02899        1.15249       15.70000        0.21151        0.58154        1.15302       11.78344        0.03442        0.00197       -0.00058        1.36173        6.24391        0.00005        0.00671       25.91375        0.06773        0.56592        1.36161        6.04550        0.00911        0.00000        0.00012      300.00000      150.01432
   73    1    1     2420.12423     1509.17010      613.94543        4.81007       96.52467        0.01138        0.03780        0.94801        1.40000        0.02947        0.78685        0.94771        8.01274        0.01580        0.00007        0.00033        0.71678       92.74485        0.01047        0.04255       12.52884        0.01137        1.04439        0.71658        3.91771        0.00378        0.00005        0.00020      300.00000       25.33848
   74    1    1     2192.04483     3068.20366     1300.51118        4.09155       84.14372        0.00865        0.04301        0.16848       39.50000        1.75982        1.57831        0.15626        4.81664        0.00561        0.02887        0.01215        2.95754       75.46608        0.00695        0.04373       35.57622        0.12902        0.38249        2.95736       11.42405        0.03215        0.04085        0.00018      300.00000       19.59881
   75    1    1     1782.97105     2986.24308     1166.37157        7.95070      145.81141        0.02597        0.01511        0.90752       29.70000        1.54196        0.92500        0.80956        4.58725        0.00557        0.00564        0.09799        1.73094      145.67757        0.02590        0.01508       29.70951        0.86606        0.78328        1.62723        4.58547        0.00485        0.00066        0.10372      300.00000        0.19296
   76    1    1     1478.19148     1847.51757      690.65135        2.21143       69.61634        0.00592        0.11512        0.65659        8.30000        0.22376        1.09472        0.63984        7.31390        0.01363        0.00018        0.01676        1.36965       58.27865        0.00415        0.08129       16.03224        0.08393        0.51371        1.36398       13.41073        0.04381        0.01338        0.00567      300.00000       80.84030
   77    1    1     6139.29399     2807.99807     1214.66620        4.58556       32.13909        0.00126        0.00474        1.00698       46.40000        1.41570        0.73440        1.00016        9.24238        0.02155        0.00022        0.00679        2.29549       48.41903        0.00286        0.00848       47.97997        0.17241        0.69360        2.28884        6.75477        0.01110        0.00090        0.00665      300.00000       54.54706
   78    1    1     1180.30776     2567.03363      629.99547        8.25289      213.19199        0.05551        0.02599        1.51351       29.50000        1.09891        0.22450        1.51006       12.29962        0.03697        0.02946        0.00342        1.36272      213.14868        0.05526        0.02644       29.44748        0.58225        0.92204        1.32902       12.29717        0.03598        0.00018        0.03369      300.00000        0.21392
   79    1    1     1143.22576     1609.40518      591.72727        7.72576      232.04015        0.06576        0.04441        1.55159       21.00000        0.10079        0.18545        1.54911        6.01550        0.00886        0.00096        0.00247        0.78981      232.11964        0.06551        0.04410       21.26490        0.05385        0.99333        0.78874        6.03184        0.00894        0.00229        0.00106      300.00000        0.17839
   80    1    1     3576.39694     1908.09531      776.19676        1.93145       44.20855        0.00239        0.06160        0.93718       18.20000        0.35221        0.81798        0.91658       13.89815        0.04636        0.00340        0.02054        0.36387        1.80861        0.00000        0.00266       36.17836        0.71011        1.07941        0.35050       15.10548        0.05510        0.00997        0.01337      300.00000      153.66816
   81    1    1     1665.79795     1981.40124      608.38671        3.47181       69.99759        0.00598        0.04366        0.49421       26.90000        0.55933        1.26180        0.47276       13.46244        0.04634        0.00003        0.02151        1.59736       72.56281        0.00643        0.06490       24.96730        0.60791        0.10815        1.57125       10.54775        0.02660        0.00001        0.02611      300.00000       81.48051
   82    1    1     2909.81341     1569.63511      680.26260        6.00639      100.13704        0.01225        0.02170        1.47466       13.30000        0.00900        0.30699        1.42758        8.89026        0.02051        0.00299        0.04709        0.66114      100.27395        0.01228        0.02084       12.78970        0.04582        1.05305        0.64398        9.23451        0.02174        0.03321        0.01716      300.00000       20.92865
   83    1    1     7449.27904     1504.64720      663.07972        4.33510       36.47553        0.00162        0.00702        0.23475        4.70000        0.21345        1.50000        0.23457        5.13887        0.00658        0.00337        0.00011        0.53291       30.25524        0.00112        0.00153        7.11241        0.19762        1.22239        0.52907        6.76035        0.01116        0.00006        0.00384      300.00000       10.30563
   84    1    1     1918.48855     2968.44188      444.05806        8.03038      134.90224        0.02223        0.01224        1.64714       46.20000        1.51165        0.10227        1.63229       16.71206        0.06735        0.00031        0.01491        1.47742      135.00671        0.02218        0.01229       46.18985        1.34270        0.42552        1.47794       16.71049        0.06918        0.01390       -0.00052      300.00000        0.22922
   85    1    1     1662.79252     1519.37452      534.92593        8.89967      132.22633        0.02135        0.00561        1.28765       24.50000        0.10484        0.44642        1.28815        9.60697        0.02291        0.00090       -0.00045        1.43663      132.33462        0.02134        0.00580       24.41742        0.23807        0.16451        1.43662        9.60661        0.02275        0.00059        0.00001      300.00000        0.01960
   86    1    1     2469.59900     1524.36486      714.30423        7.80097      107.20056        0.01404        0.00903        0.76732       23.10000        0.07900        0.97319        0.76137       13.70766        0.04736        0.00557        0.00589        0.92057      107.08446        0.01398        0.00920       23.07911        0.02720        0.87178        0.91453       13.70711        0.04736        0.00540        0.00604      300.00000        0.17754
   87    1    1     1233.44852   175292.56392  1074112.69890        1.28720       21.03091        0.00054        0.03206        0.47918        3.80000        0.23115        1.25486        0.47970       16.85265        0.07032        0.05356       -0.00053    -2131.11272    23163.46145      654.77861      340.30935      305.80703      113.77834      615.49141      467.10253    22991.26739      405.03142        3.84423    -2598.21525      300.00000       70.04426
   88    1    1     2238.88277     2642.42948      730.45466        6.41055      118.94949        0.01728        0.02477        0.59173       20.20000        1.41866        1.14320        0.59136        5.62856        0.00780        0.00121    -2608.11384        1.19786      117.92439        0.01693        0.02464       20.40008        0.86751        1.08831        1.19783        5.63629        0.00791        0.00150        0.00003      300.00000        0.55864
   89    1    1     1953.99323     1950.23653      704.05984        2.18081       39.29280        0.00189        0.03776        0.89112       23.20000        0.54242        0.84770        0.88686        5.24998        0.00693        0.05366        0.00425        1.47270       43.46751        0.00230        0.05148        9.36699        0.18820        0.62199        1.40900       13.74373        0.04425        0.00057        0.06371      300.00000      102.51496
   90    1    1     1362.35157     1856.55102      584.67541        1.08806       33.82450        0.00140        0.11663        0.47929        7.40000        0.25056        1.25474        0.47983       10.04685        0.02498        0.01329       -0.00050        1.16027       50.00564        0.00305        0.12886       16.73339        0.51904        0.31014        1.14864        7.77716        0.01534        0.00418        0.01164      300.00000      113.96291
   91    1    1     4467.95233     2476.70028      872.70519        4.37590       53.08068        0.00344        0.01453        1.49179       20.00000        1.18841        0.24887        1.48570        6.11526        0.00910        0.03265        0.00621        2.42830       58.65735        0.00419        0.00994       22.77781        0.43141        0.09708        2.40033        5.29534        0.00720        0.01067        0.02797      300.00000       40.87388
   92    1    1     1712.86580     1684.05975      686.43972        0.27450        8.38405        0.00009        0.11385        0.99485       12.80000        0.02064        0.73998        0.99458        7.97769        0.01587        0.00029        0.00033        0.13729       16.71070        0.00034        0.03430       26.68338        0.30358        1.34917        0.13782       15.55463        0.06005        0.00084       -0.00053      300.00000      160.37116
   93    1    1     2013.44052     1955.14886      722.55885        4.15558       64.61015        0.00510        0.02443        1.49379        3.50000        0.40326        0.31557        1.41899       18.72534        0.08176        0.00538        0.07471        1.12302       60.07097        0.00439        0.05549       10.66401        0.01138        1.03995        1.09422       14.87030        0.05681        0.03824        0.02880      300.00000       75.70912
   94    1    1     4312.75739     1528.20872      580.28367        6.81663       65.82656        0.00529        0.00610        0.37501       16.50000        0.16294        1.35905        0.37552        1.18640        0.00035        0.05612       -0.00048        0.64821       65.19934        0.00519        0.00575       16.76755        0.12083        1.15740        0.61970        1.20361        0.00037        0.02711        0.02851      300.00000        6.05930
   95    1    1      938.18496     3684.00715     1612.61243        8.87590      235.38205        0.06767        0.01823        0.48868       38.60000        2.36222        1.28821        0.44636        2.54369        0.00153        0.00992        0.04238        0.82808      235.46245        0.06761        0.01848       38.53547        2.19423        1.11354        0.78877        2.53887        0.00153        0.01298        0.03932      300.00000        0.02752
   96    1    1     1187.26442     1612.38397      752.17185        8.99649      176.96837        0.03825        0.00901        1.02523        4.80000        0.04852        0.70917        1.02539        9.99565        0.02485        0.00024       -0.00018        0.69094      176.82496        0.03819        0.00903        4.83208        0.09954        0.99266        0.69090        9.99457        0.02487        0.00005        0.00004      300.00000        0.50447
   97    1    1     2353.17597     6050.81616     2817.32168        7.48469      114.79216        0.01609        0.01263        0.05753       25.80000        5.12035        1.67648        0.05809       24.64488        0.15042        0.00029       -0.00047        5.09009      115.13513        0.01618        0.01211       25.94915        0.24711        1.51813        5.09011       24.64511        0.14974        0.00045       -0.00002      300.00000        1.24270
   98    1    1     1878.59315     1642.30904      808.03520        7.60125      144.54542        0.02552        0.01865        0.97853        3.00000        0.02041        0.78732        0.94724        3.19425        0.00263        0.01352        0.03130        1.27297      145.16076        0.02565        0.01855        3.07322        0.01668        0.50419        1.23414        3.18143        0.00240        0.00614        0.03883      300.00000        2.34985
   99    1    1     1334.60142     5420.64073     2142.01125        1.02716       26.59764        0.00086        0.08103        1.02599       21.40000        4.42434        0.74525        0.98932       16.66470        0.06595        0.00057        0.03664        4.81948       23.34770        0.00066        0.17642       27.74950        0.59920        0.68728        4.78394       15.79716        0.05930        0.00164        0.03554      300.00000      139.50446
  100    1    1     1730.81505     1739.90418      816.01801        6.91664      155.77761        0.02964        0.03231        0.59274        4.10000        0.01872        1.14332        0.59124       12.82193        0.04113        0.00582        0.00147        0.60256      155.42446        0.02940        0.03216        4.96670        0.01407        1.13779        0.60184       12.82198        0.04042        0.00729        0.00072      300.00000        0.46624
