    1    1    1     3309.54499     2343.13003      652.28232        2.36853       46.57302        0.00265        0.04457        0.48604       20.60000        1.02429        1.24891        0.48565        8.89102        0.01972        0.00175   -33197.38341        1.67138       14.85308        0.00027        0.01339       37.35923        0.60800        0.53306        1.66922        2.67953        0.00180        0.00004        0.00216      300.00000      113.14590
    2    1    1     2067.65645   328413.17742   133571.91210        4.67692      114.41685        0.01599        0.05711        0.14218       27.00000      324.72078        1.60265        0.13192       16.34789        0.06473        0.00346        0.01027      182.87444      114.87067        0.01611        0.06467       25.95717        0.92064      142.70855      182.86193        9.40517        0.02138        0.00109        0.01251      300.00000       30.37444
    3    1    1     2206.39903     2776.41807      835.01461        3.35084       50.30930        0.00309        0.02444        0.86826       29.20000        1.43642        0.88107        0.85350       17.31912        0.07630        0.02045        0.01483        2.01181       44.79645        0.00245        0.05885       26.68291        0.36688        0.79663        1.97241       17.53645        0.07292        0.00048        0.03940      300.00000       75.57503
    4    1    1     3051.89619   622321.84912   243666.38782        6.80282       89.25843        0.00973        0.01130        0.06379       23.50000      596.85783        1.68764        0.04693        7.88366        0.01496        0.01078        0.01682      545.85298       89.53365        0.00978        0.01095       23.24715        0.06260       52.67672      545.85353        7.86099        0.01530        0.02768       -0.00055      300.00000        1.91434
    5    1    1     3595.18212     1667.60003      617.30129        6.60508       77.96163        0.00742        0.00959        1.08861       41.70000        0.12039        0.65453        1.08003       17.37945        0.07638        0.00218        0.00858        1.27511       78.44591        0.00751        0.00958       41.59451        0.11744        0.46642        1.27062       17.41412        0.07399        0.00904        0.00450      300.00000        7.15230
    6    1    1     2598.77642     1679.24177      716.84997        4.00291       69.92940        0.00597        0.03130        0.71358        4.20000        0.34342        1.02060        0.71397        8.20061        0.01662        0.00492       -0.00033        0.45887       64.83441        0.00513        0.02349        8.76357        0.05280        1.56926        0.45927        9.42274        0.02194        0.00493       -0.00040      300.00000       23.57419
    7    1    1     1788.74988    17704.48085     8845.05041        8.53692      134.28617        0.02202        0.00820        1.25529       37.00000       18.51917        0.50569        1.22887        8.44683        0.01830        0.00107        0.02638       17.22115      134.13979        0.02194        0.00829       37.00992        0.07507        2.95703       17.22168        8.44456        0.01765        0.02864       -0.00053      300.00000        0.09447
    8    1    1     5883.51625     1991.51834      843.84027        2.32912       25.23722        0.00078        0.01356        1.10203        6.60000        0.64359        0.63625        1.09831        4.40256        0.00473        0.01374        0.00369        2.05184       41.28363        0.00208        0.03271       16.48614        0.14836        0.15818        2.04827        5.39410        0.00711        0.01443        0.00357      300.00000       34.92909
    9    1    1     1300.41928     2082.03931      950.72343        1.73778       45.23238        0.00250        0.08025        0.54518       20.60000        0.34384        1.19765        0.53691       15.97624        0.06451        0.00027        0.00824        1.47406       25.51973        0.00079        0.08036        4.92189        0.04414        0.53772        1.47460       18.71683        0.08665        0.01047       -0.00054      300.00000      151.70264
   10    1    1     5478.31721     3832.99487      331.60775        7.91475       49.86547        0.00304        0.00181        1.67296       42.40000        2.49763        0.06729        1.66728       21.15660        0.10901        0.00318        0.00565        1.92988       49.66631        0.00301        0.00183       42.40014        2.24643        0.05584        1.92992       21.15676        0.11144        0.00648       -0.00005      300.00000        4.91738
   11    1    1     1633.23411     1502.78973      600.79856        2.79366       70.04875        0.00599        0.07079        1.08552       10.20000        0.01040        0.64848        1.08608        7.00474        0.01214        0.00111       -0.00054        0.58129       71.54154        0.00622        0.08762       11.39339        0.14615        1.00949        0.58140        3.50215        0.00305        0.00064       -0.00011      300.00000       58.87011
   12    1    1     3519.56248     1818.78958      717.66314        6.34696       80.08060        0.00783        0.01161        1.31860       37.40000        0.31640        0.42446        1.31010        6.17585        0.00964        0.01463        0.00840        1.38862       79.19363        0.00762        0.01182       37.27303        0.30054        0.37827        1.37166        6.33936        0.00967        0.00664        0.01696      300.00000        9.37744
   13    1    1     2948.66311    51368.66706    21653.06935        1.23608       12.74783        0.00020        0.01279        0.17717        9.00000       52.77402        1.55690        0.17766        8.36204        0.01731        0.00134       -0.00048        5.00868       24.15454        0.00071        0.01526        8.30216        0.02898       49.46511        5.00817        9.13722        0.02083        0.00014        0.00051      300.00000      136.85914
   14    1    1     6967.27322     3868.49860     1589.51648        4.10463       23.31489        0.00066        0.00328        0.80199       22.40000        2.95738        0.96915        0.76541        7.33644        0.01389        0.00087        0.03655        2.15461        0.93612        0.00000        0.03563       22.63063        0.69440        1.84824        2.12485        4.89398        0.00571        0.00862        0.02976      300.00000       81.43290
   15    1    1     4352.66497     3514.11525     1590.64404        5.07334       88.57563        0.00958        0.02765        1.36695       18.30000        2.12070        0.38619        1.34837       13.71451        0.04522        0.03410        0.01860        1.58941       73.54015        0.00658        0.01477       23.60811        0.39947        1.88431        1.58880       13.55255        0.04583        0.05002        0.00061      300.00000      133.80722
   16    1    1     4315.59058    10425.33717     4559.79514        8.02843       58.41284        0.00417        0.00230        1.04747       19.60000       10.33709        0.68722        1.04735       15.32919        0.05854        0.02842        0.00017        7.56171       59.20177        0.00428        0.00225       19.55640        0.59742        3.93074        7.54347       15.32871        0.05994        0.00888        0.01824      300.00000        1.51527
   17    1    1     2391.63354    32752.23528    14002.87058        4.63490       93.41100        0.01066        0.03895        1.26923       27.90000       34.14882        0.46997        1.26459        5.03704        0.00638        0.00001        0.00467       18.73671      103.78135        0.01313        0.04873       24.83343        0.06089       17.08038       18.73126        4.05015        0.00413        0.00002        0.00545      300.00000       27.88516
   18    1    1     1856.61094     1837.10365      823.48972        0.52860       11.47744        0.00016        0.05742        1.02630       28.60000        0.21378        0.70887        1.02569        8.73870        0.01906        0.03291        0.00067        1.13671       14.68293        0.00026        0.04506       21.65984        0.10595        0.70733        1.13717       10.41562        0.02685        0.03635       -0.00046      300.00000      151.19429
   19    1    1     1604.17947     1775.77264      579.13190        0.09737        2.81803        0.00001        0.10229        1.60968       33.20000        0.24602        0.14699        1.58758       10.68963        0.02740        0.00018        0.02216        1.14839       16.25821        0.00032        0.05309       24.03647        0.10584        0.73065        1.13027       19.51264        0.09156        0.00272        0.01813      300.00000      163.14097
   20    1    1     2692.01283     1694.27665      564.18764        3.04448       47.03050        0.00270        0.02644        0.60225       16.40000        0.36590        1.13619        0.59838        5.70921        0.00819        0.01027        0.00385        1.65578       64.48812        0.00506        0.02538       14.79490        0.29005        0.16331        1.64390        6.33172        0.01017        0.00217        0.01188      300.00000       44.31836
   21    1    1     3244.00822     1692.64614      469.79410        5.19381      101.81049        0.01266        0.03427        1.10234       20.80000        0.24252        0.63618        1.09838        8.63631        0.01821        0.04822        0.00397        1.31646       87.53014        0.00935        0.02421       28.85066        0.39274        0.32414        1.28083        6.83323        0.01110        0.01641        0.03562      300.00000       63.25665
   22    1    1     1515.96250     1648.52660      571.25461        1.80402       44.47538        0.00242        0.07182        1.21093        6.80000        0.16901        0.53032        1.20424       11.74858        0.03357        0.00003        0.00673        1.02013       67.14387        0.00550        0.07338       15.99924        0.12160        0.77820        1.01241        8.78083        0.01873        0.00055        0.00773      300.00000      101.89286
   23    1    1     3728.06585     1644.64996      789.80830        4.79737       65.40710        0.00522        0.01748        1.50138       23.30000        0.03312        0.23272        1.50184        6.03418        0.00904        0.00214       -0.00036        1.20535       54.56676        0.00364        0.01331       30.61048        0.09409        0.48063        1.20475        3.41082        0.00286        0.00123        0.00060      300.00000       17.67263
   24    1    1     3099.27120     1616.81493      793.87715        8.50137       79.69975        0.00776        0.00298        1.34855        7.60000        0.01948        0.42446        1.31010        9.69095        0.02426        0.00019        0.03843        0.16951       80.02012        0.00781        0.00298        7.52160        0.92070        0.70042        0.13285        9.69084        0.02230        0.00394        0.03666      300.00000        1.88573
   25    1    1     1122.77020     1804.94395      733.72853        8.52571      214.63985        0.05627        0.02114        0.91759        7.30000        0.46862        0.83697        0.89759        3.98389        0.00405        0.00019        0.01997        1.14447      214.80094        0.05612        0.02125        7.45660        0.25734        0.80147        1.14450        3.97372        0.00389        0.02030       -0.00003      300.00000        0.09906
   26    1    1     2408.77433    39993.79039    17387.38628        6.98783      113.20381        0.01565        0.01640        0.07537       46.60000       41.49413        1.65900        0.07557        3.81487        0.00362        0.00108       -0.00019       38.08768      112.54646        0.01545        0.01665       46.58774        0.27542        4.86591       38.08724        3.81363        0.00358        0.00054        0.00044      300.00000        0.84323
   27    1    1     1497.88532     6308.76445     2993.55820        3.49125      103.93610        0.01319        0.09505        0.59069       16.10000        5.05218        1.15488        0.57968       14.75546        0.05270        0.01400        0.01104        6.31673      106.71465        0.01390        0.09237       19.05349        0.05007        0.42682        6.31691       14.10037        0.04905        0.02374       -0.00018      300.00000       30.80018
   28    1    1     6296.94796     1466.72237      617.87569        4.39676       67.94268        0.00564        0.02353        1.07978        4.10000        0.01661        0.66473        1.06983        6.34231        0.01019        0.00261        0.00990        1.38616       60.90938        0.00453        0.00728       18.97928        0.02079        0.36804        1.38352        5.08488        0.00633        0.00997        0.00264      300.00000      166.02838
   29    1    1     5443.41205     4916.65407     1908.53804        5.05226       57.68177        0.00406        0.01186        0.20939       27.30000        4.29311        1.52482        0.20974       14.57181        0.05279        0.00635       -0.00028        4.75007       45.13016        0.00249        0.03777       38.81543        0.23022        1.07730        4.74583        3.64169        0.00324        0.00131        0.00424      300.00000       51.02705
   30    1    1     3564.91674     3433.99092     1084.49405        4.49166       84.15137        0.00865        0.03422        1.53754       28.10000        2.20100        0.20276        1.53181        9.06660        0.02002        0.01108        0.00572        1.35494       86.70268        0.00917        0.03937       30.45057        1.09913        1.51259        1.33779        0.40886        0.00004        0.00003        0.01715      300.00000       88.77694
   31    1    1     2741.81008     3020.47896     1316.98725        1.64820       20.04826        0.00049        0.01758        1.05150        6.90000        1.83035        0.71664        1.01792        1.20019        0.00034        0.00004        0.03355        3.09381       24.11724        0.00071        0.02410       21.23861        0.14514        0.34856        3.06130        3.95915        0.00404        0.00059        0.03252      300.00000      123.49298
   32    1    1     2405.65315    15047.95049     7878.98942        6.79280      113.75498        0.01580        0.01845        0.32142       14.80000       13.65685        1.41265        0.32191        1.14416        0.00032        0.01078       -0.00054        0.49564      113.16044        0.01563        0.01933       14.31362        0.58675       14.30840        0.49543        1.21621        0.00036        0.01020        0.00020      300.00000        2.18792
   33    1    1     1488.27018     6438.40331     3031.03821        0.27811        6.78254        0.00006        0.07258        0.54832       28.50000        6.17374        1.18913        0.54543        3.06722        0.00236        0.00012        0.00291        6.22081       33.13472        0.00134        0.11486       24.79081        0.23853        1.37097        6.21941       11.33862        0.03215        0.00765        0.00140      300.00000      163.16133
   34    1    1     2216.38749     1953.93373      949.27937        7.32419      122.57721        0.01835        0.01586        0.19385       19.40000        0.28049        1.54146        0.19310       15.38034        0.05906        0.00468        0.00078        1.84872      123.37051        0.01856        0.01721       18.59281        0.05067        0.11419        1.84857       15.38004        0.05892        0.00546        0.00015      300.00000        1.32988
   35    1    1     1363.04620    44374.89913    17672.23051        6.90532      198.44792        0.04810        0.05277        0.95501       16.80000       45.69183        0.80619        0.92837        5.01857        0.00602        0.00207        0.02672        9.82602      198.45117        0.04809        0.05331       16.58396        0.09084       37.50845        9.82652        5.02137        0.00624        0.02904       -0.00050      300.00000        0.76151
   36    1    1     2024.69277     1983.35322      868.85071        4.43481      107.80208        0.01419        0.05797        0.35978       40.60000        0.32042        1.37430        0.36027       10.59381        0.02776        0.01338       -0.00046        1.82564      107.87047        0.01419        0.07204       39.06407        0.14747        0.07977        1.82297        8.66029        0.01836        0.01033        0.00267      300.00000       23.09297
   37    1    1     2006.15088     3727.54307     1597.15686        7.33868      134.66975        0.02215        0.01898        0.31052       49.50000        2.37547        1.43721        0.29735       10.68746        0.02902        0.00077        0.01325        1.74112      134.65980        0.02214        0.01897       49.48537        0.65014        1.73251        1.72731       10.69441        0.02761        0.00164        0.01381      300.00000        0.60872
   38    1    1     2930.43074     2591.58603     1050.87653        5.34733       87.09227        0.00926        0.02313        1.39677       20.00000        1.25107        0.35433        1.38024        3.94704        0.00375        0.00218        0.01655        0.90231       87.30632        0.00930        0.02629       18.03814        1.29807        0.79972        0.88357        4.46507        0.00479        0.00002        0.01874      300.00000       23.94601
   39    1    1     3137.37417     1896.61610      702.30049        4.04289       33.65903        0.00138        0.00708        0.19033       21.00000        0.46653        1.54886        0.18571       14.03962        0.04808        0.00039        0.00462        1.58531       48.13100        0.00283        0.05296       21.12320        0.20523        0.39528        1.58383        8.76825        0.01923        0.00183        0.00148      300.00000       71.15163
   40    1    1     1150.09644     6072.36995     3037.07277        8.59326      207.12583        0.05240        0.01856        0.40610       20.10000        5.22401        1.36051        0.37406        8.23555        0.01615        0.01949        0.03211        3.42065      207.08497        0.05231        0.01881       19.97474        0.07299        3.51415        3.37122        8.23489        0.01599        0.00233        0.04943      300.00000        0.23056
   41    1    1     3277.86029   616187.04523   237625.79996        1.09174       17.22087        0.00036        0.03003        0.48880       22.70000      593.48911        1.24644        0.48813        5.15826        0.00654        0.00494        0.00074      420.31090       40.84418        0.00204        0.00694       27.09271        0.71740      174.21075      420.31097        6.14366        0.00939        0.00883       -0.00008      300.00000       92.49069
   42    1    1     2507.87130     4480.55267     1897.63427        6.25380      108.04007        0.01426        0.02220        0.64650       25.10000        3.48764        1.09167        0.64290       13.24254        0.04405        0.01405        0.00362        2.00857      108.86223        0.01444        0.02291       24.80410        0.17014        3.05759        1.99362       13.23725        0.04458        0.00214        0.01496      300.00000        5.66020
   43    1    1     1598.00378     2576.78913     1091.52225        0.40058       10.42788        0.00013        0.08263        0.69567       13.90000        1.14983        1.03834        0.69623        9.24627        0.02119        0.01415       -0.00050        0.26541       20.82438        0.00053        0.05611       34.91508        0.63551        2.01725        0.25312       10.34630        0.02587        0.00126        0.01228      300.00000      153.02730
   44    1    1     5053.19618     1532.39582      607.36895        0.73899        3.16254        0.00001        0.00222        1.29361       30.20000        0.06102        0.45572        1.27884       11.10666        0.03138        0.01632        0.01474        0.71855        9.21571        0.00010        0.01719       26.30744        0.07179        1.02463        0.68583       10.74602        0.02749        0.00054        0.03272      300.00000      156.53479
   45    1    1     1661.32858     2811.55948     1160.91241        1.15463       28.34260        0.00098        0.07261        0.33761       25.80000        1.32901        1.39721        0.33736        4.46137        0.00490        0.00390        0.00021        1.11626       43.21854        0.00228        0.04999       42.88339        0.99523        0.97434        1.11403        5.08773        0.00649        0.00164        0.00222      300.00000      130.99036
   46    1    1     4317.19137   541231.36073   207545.55778        0.73860        8.81694        0.00009        0.01731        0.89212       14.70000      525.16804        0.84265        0.89191       10.78888        0.02902        0.02615        0.00029       45.28246       27.52816        0.00093        0.01925       32.44866        0.09942      481.49829       45.28285       14.44918        0.05161        0.02368       -0.00038      300.00000      113.59007
   47    1    1     1329.14909     1823.17444      621.50847        2.18807       58.82258        0.00423        0.08404        0.87691       11.70000        0.32939        0.87492        0.85965        5.72322        0.00835        0.00104        0.01727        0.56478       54.11788        0.00356        0.07271       15.42893        0.86010        0.64671        0.56331        7.48122        0.01400        0.01702        0.00147      300.00000      115.65366
   48    1    1     2171.39819    78052.41932    32222.63937        2.50815       49.49587        0.00299        0.04457        0.36513       14.50000       80.08185        1.36915        0.36542       13.15434        0.04301        0.00022       -0.00028       15.29560       43.99698        0.00236        0.02206       46.06657        0.92006       65.61954       15.29577       13.73328        0.04691        0.00036       -0.00017      300.00000      110.68320
   49    1    1     1237.95760     8533.63372     4028.02441        0.37162       10.54083        0.00014        0.09813        0.61849       11.40000        7.90349        1.12162        0.61294       13.10959        0.04330        0.04596        0.00563        0.48393        9.47332        0.00011        0.09776       18.19429        0.64703        8.54304        0.44297       12.94836        0.03972        0.01954        0.04097      300.00000      178.57709
   50    1    1     1542.49228     1736.70511      673.64878        1.04702       31.19738        0.00119        0.10724        0.84077       20.40000        0.09527        0.89647        0.83809        7.11183        0.01268        0.00862        0.00267        1.35605       10.20253        0.00013        0.05734       43.27396        0.26311        0.26476        1.35579        6.48339        0.01048        0.01038        0.00027      300.00000      164.17700
   51    1    1     1065.47036    11315.53764     5532.46764        8.45460      228.37900        0.06370        0.02542        0.63056       40.70000       10.57555        1.10475        0.62981        5.93943        0.00867        0.01937        0.00083        6.82775      228.25935        0.06363        0.02534       40.69839        1.77147        3.72811        6.81062        5.94084        0.00900        0.00273        0.01714      300.00000        0.03388
   52    1    1     1948.21612     6911.15679     2734.75123        3.80616      100.93563        0.01244        0.07345        1.08113       21.30000        6.41707        0.67566        1.05890        1.92927        0.00095        0.00873        0.02219        3.40001       89.49013        0.00977        0.04961       17.42957        0.54363        4.21271        3.38756       11.31979        0.03097        0.02276        0.01245      300.00000       13.30564
   53    1    1     2156.07986     1738.83971      676.93985        5.88355      126.15791        0.01944        0.03672        0.44346       16.60000        0.29219        1.30304        0.43152       12.24291        0.03803        0.00354        0.01192        1.42453      128.55608        0.02015        0.04133       13.16967        0.02655        0.57121        1.42366       12.24464        0.03745        0.01519        0.00087      300.00000       13.38613
   54    1    1     1731.95658     1733.84794      661.79170        2.12940       59.87013        0.00438        0.09217        0.89379        9.40000        0.11241        0.86301        0.87155        7.99009        0.01530        0.06937        0.02222        1.16642       40.15591        0.00196        0.04734       33.52315        0.06180        0.67450        1.16075        5.94513        0.00891        0.08950        0.00566      300.00000      106.36905
   55    1    1     1769.09171   178756.12056    72923.66543        2.26894       39.12198        0.00187        0.03444        0.29658       11.50000      178.78339        1.44466        0.28991        2.91515        0.00214        0.00055        0.00662       80.26805       42.16440        0.00217        0.11089       20.09868        0.11437      100.06477       80.26106        3.23854        0.00265        0.00079        0.00700      300.00000      106.64525
   56    1    1     2020.02366     1589.87152      767.47301        8.04072      129.23385        0.02040        0.01115        1.25724        7.80000        0.09088        0.48519        1.24937        1.89519        0.00091        0.00060        0.00789        1.53312      128.62432        0.02015        0.01140        7.71607        0.10959        0.18372        1.53208        1.89310        0.00088        0.00751        0.00105      300.00000        0.69223
   57    1    1     2104.06576     4148.12701     1955.40765        3.70687       90.71437        0.01005        0.06309        1.05099       24.70000        2.77044        0.68722        1.04735        7.49022        0.01371        0.02393        0.00362        1.17156       95.01780        0.01101        0.04821       24.84333        0.36667        2.96550        1.17203       10.83372        0.02913        0.02735       -0.00047      300.00000        4.90097
   58    1    1     1923.26796    60456.80181    24230.71386        6.97787      141.03999        0.02430        0.02560        0.75350       11.50000       61.41759        0.98066        0.75391        3.94492        0.00386        0.00054       -0.00044       44.72471      142.18558        0.02469        0.02531       11.28460        0.17507       18.25215       44.72488        3.93562        0.00385        0.00025       -0.00016      300.00000        1.31217
   59    1    1     1064.13418     1602.36458      581.20523        8.83067      209.77337        0.05374        0.01518        1.68609       14.50000        0.15262        0.05962        1.67495        9.65599        0.02364        0.00660        0.01109        0.89829      209.58964        0.05357        0.01515       14.68425        0.04557        0.96108        0.88082        9.65596        0.02377        0.00005        0.01747      300.00000        0.11844
   60    1    1     1841.79270     1849.43685      845.41502        6.75583      149.11751        0.02716        0.03234        0.63473        7.70000        0.23104        1.10518        0.62939       12.90740        0.04060        0.00270        0.00530        1.52656      150.02477        0.02740        0.03167        8.25332        0.08005        0.36575        1.52026       12.90721        0.04054        0.00178        0.00630      300.00000        3.42464
   61    1    1     2859.13547     2011.05206      893.95685        5.02128       97.32976        0.01157        0.03432        0.77856       17.20000        0.34988        1.03728        0.69729       15.12574        0.05320        0.07147        0.08130        0.26335       93.16930        0.01059        0.03966       14.34081        0.75744        1.13911        0.18907       14.40785        0.05447        0.07165        0.07428      300.00000       65.07097
   62    1    1     1853.38127     1442.13507      594.42046        7.99580      138.55326        0.02345        0.01323        0.58137        6.70000        0.01401        1.15935        0.57521        6.60842        0.01101        0.02039        0.00615        1.31597      139.09972        0.02362        0.01327        6.37885        0.01703        0.42520        1.30614        6.60885        0.01058        0.01714        0.00983      300.00000        0.55142
   63    1    1     1595.60177     4036.39748     1649.61842        3.01449       71.36700        0.00622        0.06223        0.97063       24.00000        2.83293        0.76348        0.97108        6.88592        0.01172        0.00232       -0.00042        2.23408       61.01343        0.00454        0.10699       23.04112        1.06842        1.21240        2.23246        9.59938        0.02306        0.00004        0.00162      300.00000       70.65906
   64    1    1     1431.09539     1689.55645      659.57966        7.39282      187.25602        0.04283        0.03553        0.44947        3.90000        0.02669        1.35153        0.38304       14.21088        0.04726        0.00360        0.06645        0.42596      187.59774        0.04293        0.03554        3.66625        0.02261        1.32222        0.41632       14.21109        0.05113        0.05650        0.00964      300.00000        0.21881
   65    1    1     2545.61079     5163.07660     2237.65300        5.60489      108.01203        0.01425        0.03111        1.20201       32.00000        4.27710        0.53665        1.19792        4.10392        0.00411        0.00184        0.00408        2.81381      107.64135        0.01413        0.03020       32.22061        0.43129        2.76711        2.81423        4.16970        0.00430        0.00623       -0.00042      300.00000       17.56430
   66    1    1     1846.55255     1548.81797      601.65196        1.92432       48.74823        0.00290        0.07548        0.88310        5.50000        0.02070        0.85552        0.87905       11.88281        0.03550        0.00328        0.00404        1.54206       56.67960        0.00392        0.05005       21.70305        0.02503        0.21572        1.53411       12.33487        0.03695        0.00275        0.00795      300.00000       83.76056
   67    1    1     1361.93853     1911.08142      694.71896        3.59524      125.26434        0.01916        0.12910        1.66592       11.00000        0.22244        0.07200        1.66256        8.10968        0.01608        0.00316        0.00331        0.42168      124.98003        0.01890        0.13683       23.81242        0.71793        0.82152        0.42084        4.68523        0.00548        0.00553        0.00083      300.00000       13.70127
   68    1    1     2265.73304     6851.41570     3061.23149        4.45479       93.70602        0.01072        0.04332        1.03997       18.20000        6.17835        0.69474        1.03983        7.24719        0.01308        0.00003        0.00010        3.30175      103.69748        0.01313        0.05553       16.94478        0.72839        3.87998        3.30152        2.38602        0.00142        0.00001        0.00024      300.00000       26.52552
   69    1    1     1579.19169     2048.05715      710.79107        2.46111       56.96006        0.00396        0.06146        1.48240       15.40000        0.55317        0.27450        1.46007       19.15086        0.08791        0.00513        0.02229        0.78727       98.90087        0.01186        0.07532       38.24320        0.92438        0.64667        0.78533        0.62354        0.00010        0.02293        0.00194      300.00000       78.76234
   70    1    1     2026.39694     4044.90486     1682.36691        0.71040       17.46632        0.00037        0.07346        1.15949       21.70000        3.17502        0.57541        1.15916        5.90449        0.00869        0.00012        0.00024        1.44427       23.20121        0.00066        0.02428       12.24494        0.22496        3.28215        1.44439        8.04754        0.01612        0.00013       -0.00011      300.00000      135.14189
   71    1    1     2135.89242     1684.46335      759.19063        1.00286       17.29385        0.00037        0.03595        1.61232       15.40000        0.16005        0.12175        1.61281        4.17395        0.00432        0.00322       -0.00057        0.48777       18.42884        0.00041        0.03064       12.25975        0.56797        0.83455        0.48743        7.47938        0.01395        0.00269        0.00034      300.00000      142.16064
   72    1    1     1553.01372     1785.45473      814.66794        3.93700      105.13945        0.01350        0.07360        0.14404        3.80000        0.02422        1.59440        0.14016       12.06344        0.03554        0.00197        0.00391        0.07144      114.73810        0.01608        0.08820        3.29885        0.19327        1.49824        0.06694        8.78809        0.01943        0.00063        0.00449      300.00000       27.34065
   73    1    1     1538.84091     5977.11727     2865.86479        0.64765       16.09418        0.00032        0.07510        1.20979       10.10000        5.14456        0.52439        1.21017       13.61873        0.04582        0.03098       -0.00038        2.32024       30.89809        0.00116        0.05436       25.78635        0.15089        4.44343        2.31922       11.87399        0.03464        0.02623        0.00103      300.00000      154.24066
   74    1    1     5315.20610    18632.72838     7937.75127        2.89352       45.13689        0.00249        0.02723        0.20696       29.20000       19.31093        1.52742        0.20714       17.06767        0.07247        0.00133       -0.00012        3.59726       61.21617        0.00457        0.01886       36.12077        0.53189       16.97684        3.59581        8.72775        0.01905        0.00037        0.00144      300.00000       93.43167
   75    1    1     1187.33541     1686.42757      721.55529        8.61355      197.88720        0.04783        0.01664        0.17401       23.40000        0.04133        1.58617        0.14839        7.74664        0.01539        0.00012        0.02563        1.48104      197.98932        0.04782        0.01669       23.37521        0.02981        0.26649        1.47952        7.74591        0.01501        0.02462        0.00151      300.00000        0.30958
   76    1    1     3204.22092     8379.53108     3653.69864        7.85210       82.95465        0.00840        0.00523        0.90477       38.10000        7.99995        0.83739        0.89718       13.70069        0.04560        0.01834        0.00766        5.09394       83.25271        0.00845        0.00519       38.06785        0.52571        4.11458        5.09416       13.70036        0.04633        0.02549       -0.00023      300.00000        1.61559
   77    1    1     1493.78110    93077.35135    38749.24545        6.38103      177.89563        0.03865        0.05627        0.58714       20.10000       95.46233        1.14879        0.58578        0.80465        0.00016        0.01262        0.00139       12.05458      176.83571        0.03816        0.05594       20.04311        0.18946       84.95572       12.05238        0.84426        0.00018        0.01185        0.00220      300.00000        0.18237
   78    1    1     1525.76362     1571.98532      692.03281        8.27835      165.17199        0.03332        0.01530        0.62337       20.90000        0.15079        1.11111        0.62346        7.77497        0.01504        0.00461       -0.00009        1.32984      165.22290        0.03320        0.01530       20.96512        0.08656        0.47280        1.32612        7.77357        0.01476        0.00108        0.00372      300.00000        0.33838
   79    1    1     1346.34130     7750.98035     3200.31580        6.69851      199.65328        0.04868        0.05982        0.22547       32.20000        7.43930        1.57733        0.15723        2.54248        0.00151        0.00017        0.06827        5.38678      200.27317        0.04890        0.05955       32.17869        0.39493        3.43695        5.34194        2.58183        0.00158        0.02359        0.04484      300.00000        0.30557
   80    1    1     3495.17583    28441.49712    13031.28346        7.32465       75.91747        0.00704        0.00608        0.89905       18.70000       29.62763        0.83785        0.89672       15.23269        0.05683        0.00181        0.00233       25.92274       75.93876        0.00704        0.00610       18.66337        0.18505        5.25694       25.92021       15.23180        0.05816        0.00025        0.00253      300.00000        2.00051
   81    1    1     2604.73426    10687.43806     4975.84773        3.88560       64.43756        0.00507        0.02852        0.63653       14.40000       10.65745        1.09780        0.63677        5.15646        0.00656        0.00194       -0.00022        4.48457       67.67588        0.00559        0.01906       18.00255        0.69577        7.22070        4.48398        5.59060        0.00769        0.00048        0.00059      300.00000       41.72197
   82    1    1     2925.46864     3202.50006     1391.15440        2.37695       37.17195        0.00169        0.02818        0.65075       12.80000        2.10058        1.10064        0.63393        7.75910        0.01449        0.00232        0.01692        0.75611       33.34213        0.00135        0.01002       25.19443        0.10004        3.01882        0.73886        6.85841        0.01199        0.00032        0.01725      300.00000      100.96162
   83    1    1     2122.96506     1862.23668      593.37109        2.35197       33.41185        0.00136        0.02328        0.97935       22.70000        0.39672        0.75472        0.97984       16.34533        0.06605        0.00258       -0.00044        1.55236       49.94699        0.00304        0.07191       24.49206        0.27767        0.30434        1.55025        7.65290        0.01435        0.00041        0.00211      300.00000       95.08383
   84    1    1     1993.28959    40713.67999    17413.37391        0.95422       14.55320        0.00026        0.02815        1.57824       24.80000       41.59183        0.15924        1.57533       23.82266        0.14238        0.00114        0.00290        6.53213       13.14665        0.00021        0.05446       21.12802        0.24895       36.54933        6.52688       21.21494        0.10968        0.00650        0.00524      300.00000      166.19958
   85    1    1     3346.08107     4053.64140     1809.53142        7.27655       78.81453        0.00759        0.00674        1.51428       18.70000        2.90796        0.23139        1.50317       16.39646        0.06506        0.00177        0.01110        3.00383       78.95113        0.00760        0.00645       18.83234        0.11938        1.53240        2.99098       16.39657        0.06495        0.00016        0.01285      300.00000        1.95967
   86    1    1     3837.15978    29203.64496    13288.77157        8.56600       66.64410        0.00542        0.00197        1.07497       19.00000       30.75351        0.65905        1.07552       10.59421        0.02784        0.00252       -0.00050       16.40490       66.66650        0.00543        0.00199       18.93537        0.13641       15.94621       16.40540       10.59508        0.02778        0.00258       -0.00050      300.00000        5.56508
   87    1    0      982.64191 13436759.55323  4352609.81846        0.24725        5.16202        0.00003        0.05320        0.03576       32.70000    11546.33426        1.69993        0.03463        3.73546        0.00343        0.00507        0.00109     1928.39729        0.00000        0.00000        0.00000       34.60464        0.00582     9619.93299     1928.39729        0.00000        0.00000        0.00000        0.00000      300.00000        0.00000
   88    1    1     3558.49541     1596.62500      719.52595        7.94538       77.72154        0.00738        0.00431        0.62367        8.80000        0.24626        1.11111        0.62346        2.25960        0.00126        0.01137        0.00014        0.67755       77.79858        0.00737        0.00470        8.30198        0.05539        1.25409        0.67093        2.26198        0.00129        0.00498        0.00662      300.00000        5.18675
   89    1    1     3423.53431     1779.90478      685.05984        0.91694       17.32828        0.00037        0.04325        1.39875       26.40000        0.21833        0.33605        1.39851       18.50608        0.08536        0.00002        0.00026        0.60243       37.70507        0.00172        0.03439       14.57515        0.16929        1.14656        0.60258       22.61157        0.12722        0.00050       -0.00015      300.00000       63.11904
   90    1    1     1073.93444     2076.82053      795.76398        8.85307      208.57887        0.05313        0.01466        1.09192        4.00000        0.61844        0.65040        1.08416       12.12812        0.03573        0.05535        0.00781        1.37112      208.49785        0.05301        0.01477        3.99305        0.02485        1.00093        1.32721       12.12861        0.03811        0.01684        0.04390      300.00000        0.46958
   91    1    1     2186.19895   234188.95147    93205.05268        3.66849       36.47405        0.00162        0.01045        0.59487       43.50000      233.38417        1.18634        0.54823       10.72015        0.02714        0.00379        0.04665       44.51575        9.83878        0.00012        0.54346       51.80905        8.16155      181.96910       44.44875        6.35729        0.00945        0.00913        0.06700      300.00000      116.25138
   92    1    1     1475.21270     1558.29386      607.76474        1.41480       40.72002        0.00203        0.09915        1.36928        1.00000        0.00008        0.36626        1.36831        6.70218        0.01122        0.00319        0.00096        0.13684       48.74372        0.00290        0.04509       26.93178        0.03993        1.60806        0.13322        8.35345        0.01753        0.00085        0.00363      300.00000      121.20733
   93    1    1     2615.51857     4611.93002     1971.09809        6.02138      114.11056        0.01590        0.02796        0.27454       22.00000        3.55508        1.46783        0.26673       13.06957        0.04149        0.00045        0.00781        0.46531      108.87364        0.01442        0.02601       23.48227        2.54613        2.28778        0.45905       13.07890        0.04313        0.00046        0.00626      300.00000       22.18609
   94    1    1     1956.33601     1596.71465      603.41481        0.16692        3.11218        0.00001        0.04244        0.33949       14.00000        0.05151        1.39512        0.33945       12.39829        0.03788        0.06354        0.00012        1.10856        9.07447        0.00010        0.05066        7.16241        0.01251        0.72335        1.03567       11.88951        0.03299        0.00183        0.07288      300.00000      157.26014
   95    1    1     2122.11462     2133.96137      884.09239        1.06065       17.27646        0.00036        0.03204        1.01459       36.40000        0.56258        0.73649        0.99808       14.87616        0.05329        0.00773        0.01645        1.95630       25.10956        0.00077        0.03738       31.17194        0.25093        0.09960        1.93524       15.56204        0.06190        0.00019        0.02107      300.00000      151.21245
   96    1    1     1611.97108     1563.78636      613.92662        8.42217      152.82443        0.02852        0.01169        0.90653        5.50000        0.03150        0.82782        0.90674       14.30302        0.05088        0.00757       -0.00021        0.36995      152.92703        0.02856        0.01165        5.52356        0.05941        1.34189        0.36480       14.30316        0.05151        0.00154        0.00516      300.00000        0.61861
   97    1    1      918.26316    13745.87934     6986.37956        7.92266      284.19357        0.09864        0.05851        0.93656       24.40000       13.00400        0.80009        0.93447       11.24301        0.03097        0.00272        0.00210        2.80980      283.92715        0.09820        0.05915       24.29517        7.10904        4.81930        2.80994       11.24072        0.03143        0.00457       -0.00013      300.00000        0.11712
   98    1    1     1845.78458     2879.39089      387.63157        2.29132       44.37236        0.00240        0.04340        1.58475       42.60000        1.48648        0.14930        1.58526        4.17111        0.00432        0.00051       -0.00040        1.64246       24.95428        0.00076        0.06948       33.68592        1.42646        0.11424        1.64251        8.41895        0.01748        0.00028       -0.00005      300.00000      109.97529
   99    1    1     1494.02534    55344.95676    23708.90820        1.81323       64.52553        0.00509        0.14958        0.95747       34.40000       57.03572        0.83579        0.89878        5.58253        0.00732        0.00030        0.05866        3.92008      100.87966        0.01240        0.07104       42.83554        2.54361       52.34846        3.91344        6.86185        0.01145        0.08420        0.00664      300.00000       53.00056
  100    1    1     3220.61619     1447.58982      627.62383        4.72670       78.36742        0.00750        0.02607        1.36470        9.90000        0.01655        0.37449        1.36008        8.03538        0.01624        0.00125        0.00452        1.41956       82.81989        0.00837        0.03716       13.12975        0.02714        0.31227        1.41464        2.18336        0.00116        0.00114        0.00492      300.00000       54.13891
