    1    1    1     1784.58235     2096.93394      553.26370        5.99695      145.49265        0.02585        0.04603        0.53649       25.60000        0.70463        1.19962        0.53495        6.38962        0.01002        0.01072   -33197.38232        1.69582      147.17263        0.02635        0.04783       25.16089        0.53107        0.21106        1.69591        6.00517        0.00890        0.01233       -0.00009      300.00000        1.19657
    2    1    0      942.47825 15256238.77656  5202842.31880        6.31779      163.18274        0.03252        0.04896        0.34211       40.20000    13138.19444        1.39241        0.34216       14.69392        0.05323        0.00355        0.00005      668.98697        0.00000        0.00000        0.00000      182.05303        0.12391    12470.95687      668.98697        0.00000        0.00000        0.00000        0.00000      300.00000        0.00000
    3    1    1     1834.99912     1620.18117      644.87416        5.71942      141.69664        0.02452        0.05044        0.46399       10.20000        0.06404        1.27129        0.46327        5.76164        0.00816        0.00638       -0.00040        1.17861      142.92790        0.02488        0.04991        8.97087        0.03987        0.58458        1.17288        6.25459        0.00986        0.00112        0.00573      300.00000        4.47555
    4    1    1     5021.10835     3340.75238     1354.49062        1.49173        5.76346        0.00004        0.00178        0.23735       19.20000        2.18222        1.50112        0.23345        9.97341        0.02429        0.03252        0.00397        1.96993       11.93852        0.00017        0.02700       17.32730        0.39712        1.54477        1.96522        6.12462        0.00944        0.03087        0.00471      300.00000      157.04571
    5    1    1     2402.83937     9835.02092     4375.92524        3.02530       56.05028        0.00384        0.03809        0.92072       26.50000        9.68374        0.84885        0.88572       12.69795        0.04157        0.00655        0.03496        6.43764       54.15813        0.00358        0.02492       40.05739        2.99977        2.02060        6.41751       12.86180        0.03972        0.01714        0.02013      300.00000       60.99755
    6    1    1     1825.61244    13884.14039     6737.59396        2.28722       53.08650        0.00344        0.06235        0.65107       22.90000       14.83737        1.10204        0.63252       14.14330        0.05104        0.00404        0.01863        4.81019        3.16898        0.00001        0.04435       37.95137        0.56946       11.23784        4.79074       13.34367        0.04277        0.00677        0.01945      300.00000      133.29331
    7    1    1     1890.84313     3850.02723     1736.43154        6.99768      142.29722        0.02473        0.02577        0.51385       26.40000        2.84805        1.22108        0.51348        8.08442        0.01609        0.00150        0.00029        0.75530      142.83434        0.02490        0.02674       25.97544        0.05568        3.77164        0.75422        8.07644        0.01630        0.00052        0.00108      300.00000        0.14971
    8    1    1     3487.79555     3247.20337     1283.03178        0.78882        6.02809        0.00004        0.00709        1.22574       31.70000        2.11695        0.52448        1.21009        9.28129        0.02076        0.00956        0.01557        0.97556       24.54037        0.00074        0.01993       16.28551        0.33476        2.52026        0.97418       11.02079        0.02981        0.02357        0.00138      300.00000      157.63189
    9    1    1     1915.56939     7787.37504     3758.22461        8.75859      117.61607        0.01690        0.00513        1.08384       25.20000        7.44779        0.67366        1.06091        9.05681        0.02100        0.00961        0.02302        2.46837      117.40622        0.01682        0.00510       25.21556        0.67611        6.03864        2.46764        9.05711        0.02048        0.03242        0.00073      300.00000        0.80022
   10    1    1     1903.48418     2107.15869      766.59882        8.44445      125.57135        0.01926        0.00775        0.60234       17.40000        0.70604        1.13371        0.60086        3.96877        0.00386        0.01646        0.00151        0.95657      125.53621        0.01925        0.00773       17.41723        0.45581        1.03578        0.94905        3.96821        0.00398        0.01030        0.00752      300.00000        1.48781
   11    1    1     1747.37128     1908.98218      780.31300        7.42550      156.43506        0.02989        0.02432        0.63921       10.60000        0.36704        1.09479        0.63977       11.49295        0.03271        0.00132       -0.00053        0.66093      156.01573        0.02968        0.02461       10.50725        0.28574        1.15514        0.66063       11.49323        0.03252        0.00067        0.00030      300.00000        2.01267
   12    1    1     3872.65047     2600.20958     1324.65742        6.85249       72.10110        0.00635        0.00717        0.22889       19.00000        1.16423        1.51569        0.21887        4.58783        0.00510        0.06934        0.01000        2.30759       71.76417        0.00629        0.00717       18.92160        0.14217        0.51268        2.24379        4.67090        0.00570        0.01518        0.06380      300.00000        4.90808
   13    1    1     2005.12784     2181.65570      866.27298        8.96459      109.51424        0.01465        0.00358        1.33088        8.10000        0.83963        0.42179        1.31278       10.39205        0.02597        0.01762        0.01819        1.06845      109.34747        0.01460        0.00355        8.21957        0.07250        1.43291        1.06888       10.39243        0.02684        0.03527       -0.00043      300.00000        1.51800
   14    1    1     2194.13351     1655.63823      583.23527        3.06267       51.19541        0.00320        0.03093        0.91092        9.30000        0.07091        0.84826        0.88630       19.22978        0.09476        0.00211        0.02459        1.35541       40.05754        0.00195        0.04647       28.44892        0.05904        0.45304        1.34269       10.22736        0.02527        0.01992        0.01271      300.00000       79.63138
   15    1    1     1727.66207     2007.99418      861.68989        5.96831      150.98251        0.02784        0.05032        0.18886        4.90000        0.54695        1.54542        0.18915        8.95543        0.01993        0.06397       -0.00035        0.75604      152.16478        0.02807        0.05019        4.61452        0.00283        1.57548        0.70305        8.97388        0.02095        0.00974        0.05299      300.00000        1.94028
   16    1    1     1970.06206     2237.29700      906.20570        1.25604       22.87250        0.00064        0.03986        0.50127       15.60000        0.86166        1.23694        0.49763        7.44845        0.01356        0.01248        0.00361        0.63352       18.20203        0.00040        0.05367       14.83199        0.83665        1.12653        0.63242        2.26553        0.00128        0.01435        0.00110      300.00000      130.88514
   17    1    1     1319.64459     1524.40122      594.42692        7.06077      205.03205        0.05134        0.05164        1.38799        1.30000        0.01107        0.34604        1.38853        7.71925        0.01478        0.00019       -0.00049        1.32300      204.37710        0.05077        0.05214        1.43532        0.00892        0.41338        1.32335        7.72001        0.01481        0.00003       -0.00035      300.00000        0.14851
   18    1    1     2751.88738     6449.34732     2817.81150        1.84662       27.68894        0.00094        0.02652        1.13115       14.60000        5.94333        0.64068        1.09388        3.77889        0.00339        0.00811        0.03725        2.54146       22.28808        0.00061        0.01795       20.59209        1.03833        4.12740        2.49628        9.86957        0.02303        0.00534        0.04518      300.00000      106.08514
   19    1    1     3131.13252     1581.56294      568.70808        1.58413       27.76310        0.00094        0.03657        1.48825       23.50000        0.11366        0.24974        1.48482       11.37432        0.03162        0.03588        0.00341        0.21963       37.68301        0.00173        0.01056        7.83757        0.20858        1.39026        0.22008       18.39705        0.08396        0.04195       -0.00044      300.00000       78.82761
   20    1    1      994.16189     2225.63259      603.60080        8.85744      222.89851        0.06068        0.01666        1.12226       16.90000        0.94231        0.61988        1.11468        3.15249        0.00241        0.00023        0.00761        1.14362      222.98418        0.06069        0.01660       16.97626        0.37032        1.16256        1.14413        3.15131        0.00246        0.00819       -0.00051      300.00000        0.05146
   21    1    1     9297.76892     1854.88568      750.16003        0.31491        1.78171        0.00000        0.00391        1.09665       19.30000        0.37585        0.65545        1.07912       11.14057        0.02986        0.00175        0.01754        1.77734       20.74601        0.00053        0.00453       16.06503        0.12548        0.22604        1.77766        6.85773        0.01161        0.01795       -0.00032      300.00000       70.57783
   22    1    1     1768.18314     3664.74308     1515.87362        2.88237       55.37657        0.00375        0.04133        1.01856       21.70000        2.35340        0.72785        1.00671       14.36381        0.04989        0.02261        0.01180        1.64285       72.38636        0.00638        0.05604       29.99562        0.72792        1.77637        1.61432        3.03847        0.00237        0.00548        0.02853      300.00000       89.18445
   23    1    1     3049.21207     8118.68665     3582.44301        1.69441       18.21522        0.00041        0.01371        1.65849       18.20000        7.80619        0.08462        1.64995       16.71090        0.06777        0.00873        0.00849        2.88940       28.23499        0.00097        0.01795       15.53373        0.19406        6.45629        2.87879       17.88125        0.07742        0.00385        0.01061      300.00000      129.90211
   24    1    1     1610.93599    12078.87792     5619.66027        1.30873       41.95420        0.00215        0.12336        0.14062       28.60000       12.11982        1.60940        0.12517        3.46090        0.00305        0.00134        0.01548       11.03340       55.52559        0.00376        0.04181       43.44961        0.57305        2.30443       11.01956       11.12853        0.02989        0.01340        0.01384      300.00000       99.88134
   25    1    1     2808.71535     7904.57081     3800.61583        4.38765       71.69038        0.00628        0.02633        1.08496       12.80000        7.62540        0.64957        1.08499        5.89244        0.00864        0.01279       -0.00002        0.59077       82.68755        0.00835        0.02775       13.88582        0.28711        8.48814        0.59056        4.30043        0.00461        0.00722        0.00022      300.00000       12.85453
   26    1    1     3521.96977     1482.35136      640.61987        0.57231       11.08991        0.00015        0.04571        0.88616       10.30000        0.01405        0.85649        0.87808       11.80459        0.03522        0.00266        0.00805        1.51954       33.16711        0.00134        0.00455       28.42923        0.04243        0.22941        1.50894       12.99636        0.04090        0.00228        0.01060      300.00000      101.52956
   27    1    1     1678.44202     1516.83506      605.38909        0.09869        2.16368        0.00001        0.05870        0.42174       10.40000        0.03606        1.31317        0.42139        5.28801        0.00688        0.00149        0.00030        1.20957       16.35872        0.00033        0.04549       20.93372        0.04628        0.52925        1.21005        4.54653        0.00512        0.00201       -0.00048      300.00000      166.36687
   28    1    1     3250.34017     2381.74476     1125.20772        6.20336       87.52262        0.00936        0.01496        0.40186       15.60000        0.87445        1.35642        0.37814       12.03047        0.03466        0.00527        0.02379        1.68711       84.66288        0.00875        0.01548       15.63983        0.24970        0.68379        1.67554       12.03452        0.03503        0.01710        0.01157      300.00000       11.28166
   29    1    1     1857.26803   315183.06155   131769.52105        4.93194      124.20716        0.01884        0.05862        1.17850       12.20000      313.46640        0.57354        1.16103        3.47889        0.00291        0.00072        0.01751       40.27260      121.51156        0.01800        0.05518        8.97043        0.58051      274.35889       40.27045        5.86116        0.00842        0.00586        0.00216      300.00000        0.70227
   30    1    1     7491.22328     1571.93119      696.58195        2.29583       20.34114        0.00051        0.00908        1.60590       15.60000        0.24191        0.13115        1.60341        6.59968        0.01092        0.02756        0.00244        0.73526        2.46618        0.00001        0.02442       20.90013        0.07412        1.16070        0.73352        1.33659        0.00044        0.03208        0.00174      300.00000       94.20869
   31    1    1     1790.05965  1121351.18269   418539.86183        4.22796       87.95627        0.00945        0.04341        0.24613       11.30000     1030.90994        1.48839        0.24617        9.69595        0.02341        0.01545       -0.00001      337.21151       94.39439        0.01087        0.05238       10.42002        0.06616      695.36523      337.20730        8.84344        0.01966        0.01278        0.00421      300.00000       46.95843
   32    1    1     1428.26116    39976.98703    18437.13111        0.75688       24.41732        0.00073        0.12638        0.68771       36.70000       41.90780        1.05936        0.67520       13.02174        0.04305        0.00257        0.01247       24.77739       30.15991        0.00111        0.04966       54.92168        0.16926       18.74318       24.76263       18.07970        0.07883        0.00820        0.01477      300.00000      165.50506
   33    1    1     5814.66806    19546.63432     8667.32676        3.79736       39.71834        0.00193        0.01143        0.03350        5.60000       20.19626        1.70113        0.03343       10.70857        0.02856        0.00003        0.00011       12.31734       19.98593        0.00049        0.00954       23.21184        0.06738        9.53658       12.31779       12.95168        0.04148        0.00000       -0.00045      300.00000       42.35293
   34    1    1     2454.05309    20581.70658     8961.55093        4.18081       70.29509        0.00604        0.02849        1.32690       22.40000       21.12151        0.41453        1.32003        5.79719        0.00848        0.00486        0.00683       12.75079       64.89277        0.00513        0.05077       25.15683        1.92810        8.16683       12.73753        4.55670        0.00501        0.00419        0.01326      300.00000       17.77077
   35    1    1     2299.13069     1556.57884      563.27103        0.90695       16.09341        0.00032        0.03814        1.38424       23.60000        0.06438        0.35433        1.38024        9.46336        0.02187        0.00756        0.00405        1.18926        5.22552        0.00003        0.02601       23.47156        0.12602        0.47456        1.18191       14.22774        0.05111        0.00384        0.00735      300.00000      161.86284
   36    1    1     1021.99789     2642.07849     1149.19186        8.85382      216.81433        0.05741        0.01583        0.68789       11.10000        1.34114        1.04672        0.68785        1.48963        0.00055        0.00902        0.00006        0.41091      216.68863        0.05722        0.01599       11.09509        0.18863        2.48312        0.40395        1.49826        0.00057        0.00211        0.00696      300.00000        0.28154
   37    1    1     1636.89311     1503.44205      633.61777        7.56984      162.41576        0.03222        0.02401        0.96502        0.50000        0.00668        0.77019        0.96438        5.80645        0.00829        0.01433        0.00067        0.62698      162.50980        0.03222        0.02398        1.01149        0.00206        1.11430        0.62492        5.80959        0.00827        0.01293        0.00206      300.00000        0.40776
   38    1    1     1920.23772     3989.93747     1966.89534        6.60836      138.90074        0.02356        0.03039        1.57024        5.50000        2.61491        0.16382        1.57074       10.03052        0.02496        0.00021       -0.00052        0.33325      138.76757        0.02349        0.03020        6.02293        0.24432        3.77200        0.33346       10.03013        0.02483        0.00002       -0.00021      300.00000        0.82962
   39    1    0      601.05180 47425089.77725 16189265.21162        8.52690      253.71410        0.07862        0.02951        0.63618       25.60000    41439.61312        1.12129        0.61324        6.36398        0.00970        0.01977        0.02288     9459.06511        0.00000        0.00000        0.00000      242.94134        0.08971    31982.95439     9459.06511        0.00000        0.00000        0.00000        0.00000      300.00000        0.00000
   40    1    1     2925.13945     6819.69599     3501.43078        2.44023       44.54228        0.00242        0.03827        1.45942       17.60000        6.71059        0.27473        1.45983        4.17739        0.00433        0.04222       -0.00028        3.89218       42.68722        0.00222        0.01150       18.59230        0.02641        4.56811        3.84937       10.72793        0.02980        0.00176        0.04281      300.00000       54.68267
   41    1    1     2016.03216     1585.11720      623.48833        2.98155       80.58843        0.00793        0.08129        0.41743       14.90000        0.01074        1.31679        0.41777        8.02400        0.01591        0.03264       -0.00045        0.27742       79.49870        0.00768        0.04604       23.68946        0.09246        1.41555        0.25035       11.85795        0.03359        0.01001        0.02707      300.00000       32.31286
   42    1    1     1970.75955     8014.59686     3096.79552        5.46900      134.61516        0.02213        0.05186        1.52094       33.80000        7.71083        0.22558        1.50898       10.47714        0.02785        0.01008        0.01190        4.24101      136.68106        0.02278        0.05373       33.96024        0.42169        4.78656        4.23694        9.94771        0.02488        0.01863        0.00407      300.00000       17.60227
   43    1    1    12095.63038     1978.85379      674.85863        1.49026       18.57206        0.00042        0.01855        0.53725       13.20000        0.71829        1.19728        0.53729        9.82900        0.02382        0.00595       -0.00004        0.45684       29.98829        0.00110        0.03360       14.10755        0.40628        1.59472        0.45733        4.12844        0.00423        0.00478       -0.00049      300.00000       58.39160
   44    1    1     2998.64709     3928.79438     1959.79859        2.23762       34.19432        0.00143        0.02709        0.09430       14.90000        2.55540        1.64004        0.09452        5.95418        0.00882        0.00064       -0.00017        2.72680       49.14348        0.00295        0.01645       30.24669        0.26893        1.30858        2.72728        3.57841        0.00317        0.00086       -0.00049      300.00000       69.26714
   45    1    1     1267.01293     2695.41424     1088.88808        7.58903      210.58500        0.05416        0.03988        1.08567        9.50000        1.35248        0.68281        1.05176        9.14991        0.01992        0.01002        0.03394        2.84165      210.38202        0.05393        0.04001        9.59375        0.08540        0.19138        2.81035        9.15047        0.02154        0.01102        0.03130      300.00000        0.14060
   46    1    1     6690.04639    13677.06835     5780.31635        4.55629       43.92149        0.00236        0.00899        0.04678       21.20000       13.63643        1.70008        0.03448       22.51062        0.12249        0.03221        0.01231        6.67033       51.28041        0.00321        0.01827       13.53671        0.09637        8.58482        6.66933       23.98739        0.14136        0.03499        0.00100      300.00000      100.45307
   47    1    1     2633.12597     2054.27905      624.52668        3.61640       61.15567        0.00457        0.03036        1.04403       13.00000        0.66268        0.70237        1.03220       14.86328        0.05342        0.00655        0.01184        0.91043       73.30421        0.00655        0.02981       24.04496        0.34188        1.17525        0.90721       10.20420        0.02614        0.01393        0.00322      300.00000       30.90137
   48    1    1     4947.47777     6116.29115     2636.40275        1.85453        7.94673        0.00008        0.00217        0.31891       38.80000        5.29563        1.42462        0.30995       13.06284        0.04316        0.00324        0.00890        2.77457       13.50851        0.00022        0.02375       39.24386        1.03058        3.24082        2.77488        1.30268        0.00042        0.01744       -0.00031      300.00000      173.23798
   49    1    1     1597.27430   160052.50809    65391.06730        3.60976       67.33319        0.00554        0.03696        0.53225       16.30000      161.58806        1.20171        0.53285       12.37573        0.03795        0.00000       -0.00048      108.44039       76.20020        0.00709        0.07455       22.35121        0.06308       54.80092      108.42417        3.76810        0.00342        0.01308        0.01621      300.00000       85.36976
   50    1    1     2149.73255    11494.07564     5290.26963        2.51477       41.97065        0.00215        0.03187        0.34011       17.60000       11.24137        1.43865        0.29591       22.78537        0.12279        0.00440        0.04413        5.23362        4.35693        0.00002        0.02528       34.90306        0.32706        7.50658        5.23409       16.30080        0.06579        0.02298       -0.00047      300.00000      136.87607
   51    1    1     2711.21995     1741.38215      883.45079        2.73580       48.45968        0.00287        0.03545        0.14222        6.30000        0.00837        1.61555        0.11901        9.66250        0.02390        0.05722        0.02325        0.08585       44.21742        0.00239        0.01509       19.03015        0.11597        1.57162        0.07226       10.72618        0.02778        0.06689        0.01358      300.00000       79.28929
   52    1    1     2821.57172     1492.13212      697.76422        0.72408        8.68482        0.00009        0.01748        0.91971       23.80000        0.09696        0.81783        0.91673       13.21999        0.04386        0.00533        0.00298        1.03648       44.51625        0.00242        0.05954       13.46027        0.01021        0.76668        1.03375        8.74915        0.01873        0.00720        0.00273      300.00000      138.32127
   53    1    1     2733.61760     1636.61313      602.49449        5.36214       99.68565        0.01214        0.03007        0.67169       11.30000        0.04137        1.07240        0.66216       16.75251        0.07103        0.00379        0.00946        1.03756      100.72354        0.01235        0.03041       10.84001        0.10017        0.63714        1.03811       16.75394        0.06949        0.01537       -0.00055      300.00000       23.50216
   54    1    1     1688.08125     1885.12189      773.81327        4.54917      134.38915        0.02206        0.08453        1.11901        6.10000        0.46149        0.61579        1.11877       10.43123        0.02712        0.00020        0.00024        1.75942      136.06884        0.02257        0.09012        4.49130        0.29031        0.14475        1.75980        9.44121        0.02202        0.00101       -0.00038      300.00000       15.76997
   55    1    1     2913.20437     3572.69821     1181.26997        1.11851       20.20686        0.00050        0.03936        1.35167       22.10000        2.47516        0.44601        1.28856        6.54183        0.01003        0.01136        0.06307        1.80317        2.05981        0.00001        0.00919       36.47138        0.79830        1.63237        1.79548        9.72798        0.02299        0.06808        0.00769      300.00000      156.99162
   56    1    1     2550.50323     5497.57716     2387.94448        2.23322       49.37929        0.00298        0.05673        0.50863       31.20000        4.51239        1.28338        0.45118        5.29990        0.00732        0.00829        0.05745        3.67731       69.07170        0.00582        0.02201       37.04677        0.90976        1.71458        3.64097        9.28028        0.02046        0.02980        0.03634      300.00000       40.38282
   57    1    1     2296.44320     2419.37789     1013.27782        8.12224      113.76625        0.01581        0.00815        0.85437        6.30000        0.91635        0.90173        0.83284       21.36103        0.10944        0.00110        0.02162        2.10614      113.39227        0.01569        0.00817        6.44241        0.01836        0.53718        2.09548       21.36095        0.11564        0.00578        0.01065      300.00000        1.88226
   58    1    1     4910.52238    66709.77258    28454.57995        6.58413       62.30509        0.00474        0.00620        1.13608       23.50000       68.36486        0.59810        1.13647        7.10630        0.01254        0.02042       -0.00048       19.20424       61.60906        0.00463        0.00584       23.58867        0.13133       50.78224       19.18673        7.02098        0.01186        0.00284        0.01751      300.00000       20.27413
   59    1    1     2108.54579     1913.44051      702.26321        2.41348       42.14932        0.00217        0.03508        1.28754       38.70000        0.32675        0.44648        1.28808       14.69206        0.05351        0.00043       -0.00057        1.62753       54.94420        0.00365        0.05379       34.29853        0.27502        0.14434        1.62772       13.83434        0.04763        0.00000       -0.00018      300.00000       78.26481
   60    1    1     1168.39692     1630.19844      641.01620        8.50844      207.01639        0.05234        0.01996        0.45543       18.30000        0.05892        1.28002        0.45454        9.76898        0.02384        0.00375        0.00081        0.65171      206.96523        0.05227        0.02014       18.21821        0.06445        1.07902        0.64986        9.76851        0.02340        0.00327        0.00185      300.00000        0.16487
   61    1    1     5037.44651     1663.97757      503.07145        2.64021       15.80732        0.00031        0.00407        1.74451       10.20000        0.17007        0.08143        1.65314       15.35752        0.05463        0.00267        0.09148        1.00143       15.92125        0.00031        0.00579       15.18440        0.45644        0.49468        0.96466       13.25315        0.04171        0.05733        0.03677      300.00000      104.89658
   62    1    1     1422.05290     1766.18500      795.63078        6.91497      188.92651        0.04359        0.04757        1.48542        6.20000        0.00407        0.25212        1.48244       11.28441        0.03195        0.00026        0.00297        0.47539      189.36031        0.04379        0.04730        6.37177        0.01146        1.25347        0.47381       11.28713        0.03125        0.00233        0.00158      300.00000        0.28807
   63    1    1     1731.86897     5421.87168     2410.60314        6.41893      154.19902        0.02904        0.04144        0.27719       26.60000        4.42993        1.47448        0.26009        2.56793        0.00168        0.00659        0.01713        1.03370      153.58638        0.02871        0.04138       26.55345        1.22065        3.91121        1.03251        2.89236        0.00209        0.02260        0.00119      300.00000        0.45133
   64    1    1     1947.21063    12473.62438     5634.23729        7.45466      137.06668        0.02295        0.01834        0.60124       32.80000       12.38147        1.21739        0.51718        7.48712        0.01302        0.01552        0.08410        3.59579      137.20001        0.02296        0.01831       32.79221        0.61090        9.99242        3.51274        7.48133        0.01301        0.01655        0.08305      300.00000        0.48079
   65    1    1     1426.66491     2719.17261      694.51289        1.39393       41.85004        0.00214        0.10795        1.37351       21.50000        1.19807        0.36382        1.37075       12.08425        0.03573        0.00541        0.00281        1.46494       56.55669        0.00388        0.08643       32.39000        1.22965        0.28019        1.46003        8.76335        0.01933        0.00222        0.00491      300.00000      112.97930
   66    1    1     3867.55728     1501.69080      533.17402        0.10678        1.43774        0.00000        0.02214        0.92367       17.90000        0.12564        0.82021        0.91435        3.44955        0.00289        0.00803        0.00938        0.54382       19.17989        0.00045        0.00387       25.78666        0.20430        1.12687        0.54434        4.50609        0.00503        0.01824       -0.00052      300.00000      135.17212
   67    1    1     5578.84668    18219.40512     8448.15175        6.76461       44.71527        0.00244        0.00289        0.45136       13.10000       19.09987        1.28786        0.44670       11.87095        0.03546        0.00027        0.00467        3.14781       46.94053        0.00268        0.06488       20.00055        0.57385       17.04982        3.14809       11.43971        0.03231        0.00887       -0.00028      300.00000       55.01949
   68    1    1     3089.93605     1634.57004      615.28327        1.98986       28.55757        0.00100        0.02416        1.32022       14.50000        0.10872        0.41536        1.31920       15.70627        0.06060        0.01115        0.00103        0.78929       62.20718        0.00472        0.01448       33.73873        0.22446        0.86681        0.78964       10.93238        0.02954        0.01191       -0.00036      300.00000       49.20161
   69    1    1     1162.74821     2931.72755     1215.67011        2.01895       62.98071        0.00484        0.11401        0.08398       30.20000        1.28177        1.65531        0.07926       21.06005        0.11161        0.00099        0.00483        1.51918       57.68913        0.00403        0.11679       32.39030        0.08071        1.41650        1.51873       20.92306        0.10922        0.00608        0.00045      300.00000      125.29589
   70    1    1     2600.30686     2063.18909      676.22903        4.53100       95.78281        0.01120        0.04337        1.12699       15.10000        0.68237        0.61434        1.12023       16.93623        0.07237        0.01181        0.00665        0.73359       87.12996        0.00924        0.03045       22.93013        0.15535        1.55261        0.72383       16.94083        0.07266        0.00856        0.00977      300.00000       30.82397
   71    1    1     3776.50657     1555.46390      587.16850        4.42451       42.14155        0.00217        0.00891        1.01399       12.60000        0.11790        0.72342        1.01114       16.25599        0.06629        0.00197        0.00290        0.27283       28.91380        0.00102        0.01742       26.67728        0.23042        1.38259        0.27142       10.70880        0.02814        0.00224        0.00142      300.00000       55.70109
   72    1    1     1457.62242     3233.21874     1309.08905        6.72961      185.54879        0.04205        0.05080        0.27659       23.80000        1.85232        1.46182        0.27274        7.47507        0.01404        0.00152        0.00374        2.91519      186.35838        0.04237        0.04940       24.25931        0.37965        0.29804        2.91037        7.47040        0.01405        0.00046        0.00483      300.00000        1.19858
   73    1    1     2173.48991     5622.81214     2635.81326        5.49422      126.42138        0.01952        0.04514        0.27945       19.60000        4.76407        1.47778        0.25679        7.25290        0.01346        0.00908        0.02266        2.54652      130.48780        0.02073        0.04512       21.29754        1.84682        2.11098        2.54441        5.80658        0.00826        0.03008        0.00211      300.00000       23.52039
   74    1    1     1370.41565     1649.39153      740.21440        7.20016      196.44053        0.04713        0.04378        1.63380        0.80000        0.00033        0.10074        1.63382        5.08151        0.00643        0.01327        0.00002        0.57875      195.91139        0.04680        0.04409        0.80116        0.23837        0.93096        0.56557        5.06833        0.00652        0.00001        0.01317      300.00000        0.37780
   75    1    1     2302.79595     1744.59436      682.55609        0.22107        5.46780        0.00004        0.07468        0.87281       13.20000        0.21531        0.86138        0.87318        9.94879        0.02459        0.00383       -0.00036        1.69870       49.58873        0.00300        0.01731       37.35462        0.15330        0.16297        1.69790        7.75984        0.01504        0.00232        0.00080      300.00000      106.37296
   76    1    1     1871.67697     5540.10865     2551.97249        8.58585      126.32360        0.01949        0.00695        0.56254       37.70000        4.63824        1.21944        0.51512        1.02590        0.00027        0.04409        0.04743        3.44883      126.15305        0.01941        0.00700       37.70741        0.77919        2.19689        3.39674        1.02623        0.00027        0.03942        0.05209      300.00000        0.49912
   77    1    1     3158.59855    85370.51163    34266.09486        2.96370       28.20926        0.00097        0.01009        0.66095       32.70000       86.21814        1.07544        0.65912        7.26994        0.01323        0.01566        0.00182       74.82247       42.57189        0.00221        0.02923       22.32825        0.10618       12.99780       74.82244        8.72014        0.01894        0.01769        0.00003      300.00000       86.48132
   78    1    1     4095.05990     2613.95606     1102.35816        2.71448       31.60332        0.00122        0.01534        0.08934       24.60000        1.38019        1.64575        0.08882        6.73377        0.01131        0.04225        0.00056        0.69425       50.70799        0.00314        0.02186       17.87314        0.54618        1.89420        0.65164        9.96343        0.02570        0.00007        0.04262      300.00000       10.79995
   79    1    1     1601.09283     2265.80714     1083.50005        3.34119       96.75029        0.01143        0.09098        0.14823        6.10000        0.57559        1.58599        0.14858        6.82568        0.01151        0.00326       -0.00039        0.02539      111.83836        0.01525        0.07675       18.06225        1.40898        0.89467        0.02346        4.61975        0.00523        0.00072        0.00193      300.00000       24.64463
   80    1    1     1342.60119     1664.90718      702.94160        8.02882      193.98467        0.04596        0.02534        0.98724       10.20000        0.08670        0.75577        0.97880        9.80458        0.02333        0.00820        0.00853        0.14880      193.74571        0.04582        0.02562        9.99443        0.99879        0.68409        0.13818        9.80452        0.02328        0.00614        0.01062      300.00000        0.72584
   81    1    1     1425.58434  4365460.73491  1466254.81184        0.48141        6.01221        0.00004        0.01900        1.38261       32.10000     3783.75714        0.35414        1.38043        1.03294        0.00026        0.00205        0.00223      998.15911      100.70410        0.01237        0.44126       84.43093        0.14627     2787.68187      998.15915       16.78364        0.06943        0.00550       -0.00005      300.00000      151.13913
   82    1    1     2937.68750     1464.03361      604.43332        8.76685       75.49459        0.00696        0.00210        1.41310       12.60000        0.03217        0.32700        1.40757       16.03841        0.06480        0.00109        0.00545        0.79338       75.45338        0.00695        0.00207       12.65931        0.02978        0.94671        0.79032       16.03848        0.06456        0.00377        0.00305      300.00000        1.48822
   83    1    1     2211.07597     1559.19486      634.91330        3.20499       79.71295        0.00776        0.06779        1.43643       24.60000        0.02711        0.29789        1.43668        5.76015        0.00819        0.01536       -0.00033        1.00502       68.02375        0.00563        0.03070       25.14665        0.03121        0.72611        1.00412       14.13950        0.04913        0.01276        0.00089      300.00000       35.82518
   84    1    1     2017.44256     3992.33485     1161.32784        4.34098       97.89474        0.01170        0.05041        1.56019       53.50000        2.76410        0.19101        1.54356        9.06758        0.01980        0.00007        0.01664        1.41021       85.50381        0.00891        0.06308       49.29561        2.17114        0.89865        1.40412       11.82555        0.03526        0.01004        0.00609      300.00000        9.50003
   85    1    1     5141.48951     1630.10336      573.59258        7.61406       50.56754        0.00312        0.00226        1.27848       22.90000        0.22833        0.47479        1.25977        1.98634        0.00095        0.00068        0.01872        1.55437       49.94104        0.00304        0.00233       22.86082        0.16309        0.26082        1.53890        2.02828        0.00099        0.00397        0.01547      300.00000        3.83923
   86    1    1     1878.45551     1806.47341      613.22318        2.41396       45.72852        0.00255        0.04127        0.71527       33.90000        0.31203        1.02774        0.70683        5.35239        0.00695        0.00252        0.00845        1.28341       25.52128        0.00079        0.06240       24.23473        0.20843        0.52848        1.28349        7.91978        0.01547        0.00936       -0.00008      300.00000      111.78581
   87    1    1     5245.87775     1626.00264      678.11367        5.80068       74.52698        0.00678        0.01338        0.60412        5.60000        0.20457        1.13479        0.59977        4.81551        0.00566        0.00944        0.00437        1.15843       73.29854        0.00656        0.01965        1.83123        0.00724        0.77443        1.15621        2.29339        0.00132        0.01112        0.00223      300.00000      108.31117
   88    1    1     2992.14418     1520.20751      699.90852        7.64050       91.23366        0.01017        0.00725        0.33889        9.30000        0.00639        1.39610        0.33847        6.69726        0.01119        0.01607        0.00048        0.68322       90.71668        0.01005        0.00782        8.80824        0.00382        1.06643        0.67023        6.69756        0.01139        0.00331        0.01300      300.00000        2.18800
   89    1    1     7809.03584     2104.57831      771.64506        1.64358       29.36779        0.00105        0.03794        1.03225       17.70000        0.62489        0.72157        1.01299        9.13611        0.02005        0.01312        0.01927        0.62099       29.33987        0.00105        0.00503       26.00155        1.50435        0.28721        0.59169       10.75195        0.02758        0.00468        0.02930      300.00000      122.45758
   90    1    1     1138.90457     3334.11758     1540.05398        8.30430      218.30446        0.05820        0.02620        1.26549       19.70000        1.84335        0.56261        1.17196        7.43015        0.01278        0.00224        0.09359        2.14427      218.17166        0.05811        0.02627       19.70201        0.21495        1.27635        2.08662        7.42888        0.01297        0.03795        0.05764      300.00000        0.32818
   91    1    1     2246.69406     2528.49408      968.59933        2.07890       26.31584        0.00085        0.01872        1.25541       12.50000        1.09691        0.48663        1.24793       19.39195        0.09497        0.00948        0.00753        1.01687       24.70289        0.00074        0.03649       34.47617        0.28555        1.58013        1.01497       10.50566        0.02705        0.01614        0.00191      300.00000      133.21219
   92    1    1     1313.55211     1810.37679      601.74389        2.41594       81.23176        0.00806        0.13002        1.29282       32.10000        0.13762        0.44118        1.29339       11.84523        0.03476        0.00005       -0.00059        0.18637       76.98385        0.00722        0.12243       33.50506        0.10179        1.60597        0.18688        9.14110        0.02070        0.00001       -0.00051      300.00000       68.49658
   93    1    1     2336.54425     1941.49736      793.09669        6.53022      113.58119        0.01576        0.02119        0.70390       17.90000        0.62482        1.03730        0.69727        1.07897        0.00029        0.00523        0.00670        2.01604      113.81083        0.01578        0.02207       17.40000        0.03812        0.30585        2.01453        1.03932        0.00027        0.01038        0.00151      300.00000        0.34918
   94    1    1     1500.81240  2770587.67823   899889.16445        7.52294      178.50810        0.03892        0.02985        1.24687       10.40000     2435.93441        0.49041        1.24415        4.72458        0.00546        0.00045        0.00269      806.73413      178.29210        0.03882        0.02971       10.46274        0.21746     1630.74344      806.73100        4.72087        0.00545        0.00001        0.00314      300.00000        0.22085
   95    1    1     4186.93028     2421.55242      503.58451        3.29819       49.64149        0.00301        0.02466        1.57654       22.30000        1.19401        0.16468        1.56988        2.08913        0.00110        0.00022        0.00670        1.05612       72.57725        0.00641        0.02313       21.45247        0.83635        1.03472        1.05540        2.20581        0.00121        0.00629        0.00071      300.00000       70.17002
   96    1    0      702.49858 24010646.90952  8368443.24801        2.20655       32.74143        0.00131        0.02558        0.24966       13.60000    20791.51563        1.49531        0.23926        6.31943        0.01012        0.00137        0.01042      528.78672        0.00000        0.00000        0.00000       35.32264        0.00435    20264.76766      528.78672        0.00000        0.00000        0.00000        0.00000      300.00000        0.00000
   97    1    1     2167.29667     1599.83176      653.89188        7.34828      128.17108        0.02006        0.01709        1.58048        1.60000        0.00076        0.24877        1.48580        7.59975        0.01527        0.02150        0.08713        1.10328      127.18712        0.01974        0.01747        0.66596        0.00058        0.73124        1.00339        7.59958        0.01334        0.01827        0.09989      300.00000        3.57178
   98    1    1     2971.93291     2501.03074      960.31990        5.09273      102.43161        0.01281        0.03659        1.60257       10.30000        1.32230        0.13678        1.59779       11.93627        0.03585        0.00027        0.00478        1.20401       98.29532        0.01179        0.03614       11.15284        0.20454        1.64855        1.20452       12.03933        0.03588        0.00628       -0.00050      300.00000       81.34452
   99    1    1     2845.65299    43398.25395    18418.33573        5.53415      124.61816        0.01897        0.04296        0.28384       15.70000       44.87116        1.46782        0.26674        2.56793        0.00168        0.00659        0.01715       21.55248      110.66889        0.01496        0.03287       24.25309        0.11926       24.95379       21.54688        3.54200        0.00316        0.01655        0.00560      300.00000       72.48208
  100    1    1     2211.93636     2815.67887     1082.48103        2.48476       67.52144        0.00557        0.08462        1.20746        9.30000        1.51214        0.52860        1.20596        9.45610        0.02237        0.00102        0.00140        1.14663       23.69404        0.00068        0.01501       39.53183        0.72956        1.42172        1.14526       13.85349        0.04799        0.00019        0.00137      300.00000       98.89882
