    1    1    1     1919.83808    10350.33981     4900.86121        0.89140       16.27876        0.00032        0.04041        0.76332       30.90000        9.97052        0.98895        0.74561       11.15032        0.02991        0.00308   -33197.36609        0.75335       33.95697        0.00140        0.04352       27.28270        1.72141        9.21930        0.74389       13.05483        0.04314        0.01437        0.00946      300.00000      150.40890
    2    1    1     2430.72579   266499.72983   107291.62554        8.43198      101.21217        0.01251        0.00509        0.77399       33.20000      263.97227        0.96620        0.76836        6.51565        0.01070        0.01043        0.00565       39.36659      101.26364        0.01252        0.00524       33.10675        0.04536      226.31131       39.35001        6.53692        0.01029        0.00000        0.01658      300.00000        0.27208
    3    1    1     1870.33974     4481.13076     2189.22747        1.64855       30.48085        0.00113        0.04062        0.97205       17.30000        3.19187        0.76218        0.97239        9.94879        0.02459        0.00383       -0.00044        1.68334       34.45289        0.00144        0.05914       25.48974        0.38986        2.84595        1.68353        7.02722        0.01219        0.00434       -0.00019      300.00000      118.52554
    4    1    1     1942.96701     1580.59629      697.94736        5.96570      139.19190        0.02366        0.04282        1.70533       22.80000        0.02789        0.04308        1.69149       16.66480        0.06703        0.02237        0.01386        0.74275      139.85040        0.02386        0.04254       22.84718        0.02723        0.99453        0.74077       16.66755        0.06958        0.03172        0.00197      300.00000        8.37556
    5    1    1     2653.72976   153829.00636    62085.30700        8.82898       83.07181        0.00843        0.00238        0.77395       14.60000      155.85982        0.99203        0.74253        9.82764        0.02301        0.01314        0.03136      115.66770       83.11714        0.00844        0.00254       14.51821        0.02225       41.94879      115.62298        9.82727        0.02283        0.00006        0.04472      300.00000        1.36800
    6    1    1     2736.45215     3200.11474     1257.35574        5.33953       99.85601        0.01218        0.03054        0.58988       19.70000        1.82168        1.14431        0.59025       17.11273        0.07273        0.01320       -0.00036        1.73967      112.56806        0.01542        0.03223       17.11374        0.50415        1.31128        1.73609       17.10834        0.07151        0.01027        0.00357      300.00000       36.45697
    7    1    1     2529.40940     1612.55915      687.85280        5.05834       96.11430        0.01128        0.03281        0.56937       19.80000        0.10478        1.16555        0.56901        6.17259        0.00950        0.00278        0.00029        0.36523      111.10830        0.01506        0.05186       10.38759        0.11431        1.34702        0.36340        2.26568        0.00129        0.00132        0.00183      300.00000       42.78094
    8    1    1     3668.79005     1472.87566      595.23702        2.15141       22.30113        0.00061        0.01252        1.11338        8.50000        0.05910        0.63361        1.10095       12.05675        0.03690        0.01216        0.01247        0.34167       13.66706        0.00023        0.00670       18.83187        0.11186        1.36869        0.32598       10.78313        0.02960        0.00953        0.01569      300.00000      122.18242
    9    1    1     2725.11288     1593.91933      538.15032        5.14946      117.18514        0.01677        0.04648        1.32731       12.40000        0.15119        0.42052        1.31404        2.73409        0.00181        0.03884        0.01319        0.93351      106.42301        0.01380        0.03642       13.14073        0.30648        0.65181        0.92858        7.47702        0.01407        0.04682        0.00492      300.00000       62.43667
   10    1    1     2045.23244     1584.58042      683.17085        3.96036       88.92465        0.00966        0.05192        1.25591       15.40000        0.01446        0.48300        1.25156       11.03198        0.03060        0.04726        0.00427        0.92355       90.55093        0.00996        0.04357       14.57326        0.01259        0.84640        0.88748       12.90971        0.04300        0.01374        0.03606      300.00000       23.09509
   11    1    1     3358.54195     1965.09857      996.95612        4.26945       65.09070        0.00517        0.02321        0.30058        6.40000        0.42064        1.44049        0.29407        5.50229        0.00764        0.00440        0.00652        0.38972       56.28655        0.00387        0.01615       21.47444        0.36910        1.41827        0.38325        1.40023        0.00049        0.00454        0.00647      300.00000       22.10173
   12    1    1     2388.39618     4047.91973     1559.61134        4.03103       76.22939        0.00710        0.03658        1.36351       34.30000        2.91279        0.39097        1.34359        5.22175        0.00655        0.00257        0.01991        1.38431       79.56925        0.00773        0.03674       35.00219        1.62602        1.65712        1.36706        3.54038        0.00319        0.00496        0.01725      300.00000       10.16593
   13    1    1     2019.74410     6463.49454     3148.73893        0.66757       16.55801        0.00033        0.07480        1.40295       16.90000        5.91311        0.33956        1.39501        4.18033        0.00424        0.00236        0.00794        1.25099       45.94205        0.00257        0.02464       40.91843        1.21236        5.23229        1.25138        4.12046        0.00420        0.01029       -0.00039      300.00000      114.41842
   14    1    1     1562.35327     1782.28657      540.16305        8.97517      136.66397        0.02281        0.00551        1.02819       25.70000        0.37173        0.70592        1.02865        9.29787        0.02147        0.00145       -0.00037        1.24635      136.61001        0.02278        0.00544       25.71819        0.28658        0.57452        1.24525        9.29767        0.02123        0.00017        0.00110      300.00000        0.13516
   15    1    1     2439.20845     1902.43267      390.65511        5.78281      109.82623        0.01473        0.02932        1.18152       43.40000        0.44446        0.55733        1.17723        9.04182        0.01995        0.03562        0.00430        1.25503      110.32529        0.01486        0.03166       43.26146        0.44121        0.48343        1.25379        8.62631        0.01827        0.03849        0.00124      300.00000       11.35151
   16    1    1     2411.61139     1794.13421      600.15667        1.45709       32.15769        0.00126        0.05822        1.12139       17.50000        0.31683        0.61785        1.11672        4.67437        0.00533        0.00009        0.00463        0.56873       48.91292        0.00292        0.01667       20.57367        0.84723        0.65402        0.56879       10.35535        0.02670        0.00471       -0.00006      300.00000       81.22143
   17    1    1     3171.32277     1597.37828      677.43301        4.01288       51.48310        0.00324        0.01687        1.30213       13.50000        0.10912        0.45415        1.28041        4.77573        0.00583        0.00003        0.02167        0.78480       55.05027        0.00369        0.01419       10.95749        0.54705        0.52405        0.76847        6.82084        0.01185        0.00573        0.01633      300.00000       45.70954
   18    1    1     2123.46174     1593.59921      586.96020        1.03729       18.60768        0.00042        0.03888        0.60029        6.20000        0.16819        1.13638        0.59819        5.55603        0.00773        0.00502        0.00214        0.91444       28.19357        0.00097        0.02670       14.29353        0.09955        0.89893        0.91257        6.61705        0.01096        0.00536        0.00187      300.00000      132.41995
   19    1    1     2194.88442     5339.02843     2160.47735        1.67001       32.44115        0.00129        0.04480        0.60286       38.70000        4.31811        1.13649        0.59807       17.35459        0.07345        0.00013        0.00482        4.60039       45.78896        0.00255        0.05106       47.35334        0.67570        0.82859        4.59778        8.60671        0.01813        0.00069        0.00261      300.00000      113.93459
   20    1    1     1837.39656    20615.82171     9237.29089        6.45501      146.66991        0.02627        0.03678        0.20677       30.60000       21.18171        1.53186        0.20271       10.54480        0.02715        0.02905        0.00413       13.15251      147.74245        0.02656        0.03849       29.77030        0.16228        9.61540       13.13656       10.54588        0.02832        0.01604        0.01595      300.00000        2.80735
   21    1    1      969.29844     6328.56595     2445.86778        8.52416      248.14451        0.07520        0.02830        0.97732       42.40000        5.34169        0.75847        0.97610        8.65683        0.01873        0.00890        0.00120        6.28277      247.99140        0.07467        0.02868       42.42638        0.71318        0.08617        6.27702        8.65756        0.01825        0.00489        0.00575      300.00000        0.32507
   22    1    1     1466.13874     1682.05343      533.46544        0.94529       18.53827        0.00042        0.04655        1.53765       40.50000        0.27618        0.20200        1.53256        4.61812        0.00520        0.00346        0.00519        0.71735       42.23221        0.00215        0.12097       11.11906        0.13274        1.08816        0.71738        3.52687        0.00310        0.00700       -0.00003      300.00000      147.38663
   23    1    1     1256.32884     8268.92276     3611.16393        2.25079       72.61899        0.00644        0.12069        0.33329       23.80000        7.88954        1.40676        0.32780       18.21040        0.08079        0.03887        0.00543        1.11430       46.86209        0.00267        0.06023       23.70588        0.42451        8.12103        1.07712       24.15027        0.15057        0.00307        0.03718      300.00000      120.93346
   24    1    1     1247.78621   233719.71420    89436.20309        6.47129      214.10996        0.05599        0.07771        1.76153       26.60000      230.05459        0.03514        1.69942        9.82700        0.02264        0.00439        0.06214       89.14649      213.40694        0.05562        0.07771       26.91493        0.18646      142.48142       89.12164        9.82488        0.02310        0.04125        0.02485      300.00000        0.57510
   25    1    1     4892.49228    12522.34994     5552.14837        1.99637        8.40012        0.00009        0.00208        0.51523       20.10000       12.82645        1.22004        0.51453        6.61853        0.01077        0.00001        0.00063        8.77926        2.25465        0.00001        0.01579       16.35381        0.92673        4.83058        8.77888        9.46384        0.02205        0.00029        0.00038      300.00000      152.84253
   26    1    1     4404.16869     1505.61825      564.08856        2.84130       61.90476        0.00468        0.05330        0.90179        5.70000        0.03329        0.83334        0.90123        7.70040        0.01459        0.00400        0.00063        0.58340       14.87107        0.00027        0.00228       36.65856        0.19903        1.05073        0.58336        4.95740        0.00612        0.00316        0.00004      300.00000       84.51926
   27    1    1     2623.61427     4185.00206     1997.86970        1.28489       13.86128        0.00023        0.01398        0.21351       18.20000        2.96830        1.53186        0.20271       12.81594        0.03976        0.00694        0.01072        3.51613       26.40407        0.00085        0.03634       31.01280        0.10981        1.10474        3.50232        3.89863        0.00367        0.00304        0.01381      300.00000      132.66326
   28    1    1     2269.74569     1546.43855      669.81461        4.26795       85.68607        0.00897        0.04026        0.91673        8.10000        0.08585        0.82129        0.91327        3.51289        0.00302        0.02624        0.00337        1.77167       79.90549        0.00779        0.04634        4.14821        0.00477        0.06982        1.74228        2.50126        0.00149        0.00048        0.02939      300.00000        6.59275
   29    1    1     4688.65015     1852.38735      931.85729        6.85988       62.42408        0.00476        0.00535        0.05732       13.90000        0.13453        1.67759        0.05697       14.85024        0.05499        0.01612        0.00027        0.43392       61.92445        0.00467        0.00511       14.12276        0.03748        1.41241        0.41954       14.85025        0.05320        0.00390        0.01437      300.00000        7.39895
   30    1    1     3424.89241     1701.18042      539.23999        7.15874       84.82241        0.00879        0.00836        0.75465        9.10000        0.40635        0.97934        0.75522        7.48712        0.01389        0.00215       -0.00052        1.04162       83.08525        0.00841        0.00821        9.63043        0.45671        0.64266        1.04204        7.48748        0.01386        0.00206       -0.00042      300.00000        8.56654
   31    1    1     8161.05518    12406.17341     5784.15099        2.67881       12.24796        0.00018        0.00237        0.59393       11.20000       12.62658        1.14406        0.59051        5.13887        0.00663        0.00000        0.00345        9.30310       15.75752        0.00030        0.00464        7.83905        0.09303        4.96485        9.29980        4.39943        0.00473        0.00307        0.00330      300.00000      128.87098
   32    1    1     1839.02192     9541.93621     4268.26179        3.88161      114.48227        0.01601        0.09023        0.13178       16.60000        9.41304        1.60455        0.13001        4.69008        0.00551        0.01818        0.00180        4.78916      107.03454        0.01396        0.05789       17.54871        0.03722        6.35021        4.77591       11.00881        0.03079        0.00006        0.01326      300.00000       11.54076
   33    1    1     4536.18736     4149.70608     1857.05488        4.11449       61.87305        0.00468        0.02294        0.21943       20.10000        3.10786        1.51967        0.21490        5.56467        0.00755        0.00717        0.00454        4.02317       69.37672        0.00588        0.01320       19.67729        0.11767        0.72736        4.01174        2.52641        0.00162        0.00042        0.01143      300.00000      103.94244
   34    1    1     2503.56470     2022.84453      741.23408        8.37937       98.25899        0.01179        0.00500        0.26391       28.90000        0.61794        1.47038        0.26418       11.68069        0.03369        0.01997       -0.00029        0.56817       98.03737        0.01172        0.00508       28.90650        0.42544        1.36974        0.55735       11.68363        0.03305        0.00951        0.01082      300.00000        0.49735
   35    1    1     2004.96854   814309.18311   303988.06329        1.89077       24.59440        0.00074        0.01993        1.07035       34.70000      774.27440        0.66561        1.06896       14.69399        0.05298        0.00234        0.00145       85.21359       58.67056        0.00420        0.07136       69.13732        0.67380      690.09756       85.21321        8.77047        0.01918        0.00670        0.00038      300.00000      121.61253
   36    1    1     1961.34225     4143.33973     2050.14049        1.74848       26.83288        0.00088        0.02788        0.77099        5.50000        3.33506        0.96620        0.76836       12.45718        0.03798        0.04458        0.00266        1.25981       20.44935        0.00051        0.06603        3.64863        0.05020        3.79925        1.19403        4.78030        0.00598        0.00179        0.06578      300.00000      134.78068
   37    1    1     5011.38689     1721.54998      811.77826        2.55539       47.02419        0.00270        0.03866        0.61234        6.80000        0.01851        1.12253        0.61203       14.55327        0.05280        0.01449        0.00035        1.12790       38.11526        0.00177        0.00402       13.66763        0.01199        0.63432        1.11540       17.97111        0.08199        0.00003        0.01250      300.00000        9.91314
   38    1    1     2462.65918     2431.11907     1006.83248        0.45083        9.66203        0.00011        0.05598        0.09605       49.70000        0.79193        1.64381        0.09075       15.35022        0.05934        0.00069        0.00528        0.47656       29.23712        0.00104        0.01468       56.72936        0.39750        1.68850        0.47256       16.58934        0.06720        0.00246        0.00400      300.00000      138.54783
   39    1    1      925.99776    10060.73428     4816.15350        8.58505      256.29268        0.08022        0.02862        0.38865       18.40000        9.63689        1.34785        0.38671        7.05713        0.01247        0.00111        0.00195        6.41297      256.25656        0.08017        0.02865       18.42649        0.16505        4.79389        6.41254        7.05574        0.01225        0.00284        0.00042      300.00000        0.03785
   40    1    1     2458.88923    11969.03027     5414.86394        5.40995      111.27436        0.01512        0.03655        0.97009       50.00000       11.84383        0.76415        0.97041        1.80782        0.00081        0.00015       -0.00032        8.91028      110.46566        0.01488        0.03413       50.52796        0.42831        4.24199        8.91057        1.96707        0.00096        0.00012       -0.00029      300.00000       21.24735
   41    1    1      810.87438    11938.82044     5362.77466        8.40150      304.24773        0.11305        0.04711        0.40153       26.50000       11.62504        1.35265        0.38191        7.20396        0.01247        0.01057        0.01959        7.37624      304.06795        0.11236        0.04761       26.57357        0.20286        5.78528        7.37167        7.20407        0.01306        0.02503        0.00457      300.00000        0.01214
   42    1    1     2377.65292     1625.94689      585.53931        1.68806       27.34998        0.00091        0.03115        0.88450       23.90000        0.18511        0.85068        0.88389        9.77799        0.02386        0.02366        0.00061        0.78197       19.79098        0.00048        0.02719       26.77393        0.14173        1.01773        0.75644       11.19231        0.02996        0.00082        0.02553      300.00000      134.21246
   43    1    1     4750.70346     1776.01103      706.19007        2.88961       52.26157        0.00334        0.03661        1.36940       13.80000        0.29000        0.36625        1.36832        2.93748        0.00216        0.00646        0.00105        0.74751       29.88557        0.00109        0.00266       22.62503        0.39117        0.90559        0.74539        9.10023        0.02029        0.00591        0.00212      300.00000       25.81193
   44    1    1     2522.21128     1830.65706      783.05384        4.20161       98.05657        0.01174        0.05478        1.75199       24.40000        0.22518        0.02959        1.70498        1.83701        0.00088        0.01091        0.04700        0.24045       88.76743        0.00957        0.03425       32.09441        1.16467        0.57755        0.24094        2.00455        0.00100        0.05759       -0.00050      300.00000       40.75383
   45    1    1     2188.15786     1994.20501      555.63447        7.10303      124.05798        0.01880        0.01846        0.64414       17.10000        0.58712        1.10025        0.63431        9.13449        0.02022        0.00017        0.00989        1.49127      123.71504        0.01869        0.01882       16.96881        0.32920        0.50997        1.48230        9.13432        0.02111        0.00011        0.00897      300.00000        1.10393
   46    1    1     1891.43660    10213.79041     4149.40254        4.69324      116.86812        0.01668        0.05905        1.16953       50.90000        9.79448        0.56812        1.16644       11.98502        0.03605        0.03619        0.00302        5.69653      119.29317        0.01733        0.06260       51.91612        2.36764        3.50225        5.65796       11.74065        0.03270        0.00105        0.03856      300.00000        4.18887
   47    1    1      922.97842     1855.94318      599.29247        8.48780      264.01192        0.08513        0.03304        1.27028       13.20000        0.26534        0.46719        1.26737        7.89360        0.01563        0.03590        0.00293        0.58874      263.81922        0.08439        0.03377       13.15110        0.98587        0.45094        0.56304        7.89451        0.01598        0.01282        0.02570      300.00000        0.01763
   48    1    1     1787.88787   236999.50329    94866.78866        4.01525       81.93708        0.00820        0.04266        1.59953       36.30000      236.11463        0.14294        1.59162        2.88032        0.00210        0.05209        0.00788       73.54530       69.50810        0.00590        0.08808       30.37175        0.28143      163.98171       73.54296        3.77739        0.00358        0.05600        0.00234      300.00000       54.44618
   49    1    1     1675.79961     9536.97169     4627.68405        2.68376       62.07210        0.00471        0.06063        0.19877       11.80000        9.65493        1.53531        0.19925       11.30846        0.03173        0.01987       -0.00059        9.89662       62.78617        0.00481        0.04654       15.09349        0.15184        1.36999        9.87528       12.01241        0.03461        0.00154        0.02133      300.00000       90.01590
   50    1    1     1318.17883     1799.62852      504.08300        4.45662      162.02483        0.03206        0.12937        1.60425       14.90000        0.16827        0.14179        1.59278        8.08149        0.01580        0.00809        0.01143        0.93996      167.16771        0.03403        0.13728       18.06513        0.16874        0.80163        0.93814        1.70843        0.00072        0.01730        0.00181      300.00000        5.30749
   51    1    1     3023.00272     1884.71588      616.34469        6.19352       92.66940        0.01049        0.01685        1.26747       13.20000        0.59530        0.49208        1.24248        6.03903        0.00873        0.01241        0.02503        1.89540       93.17023        0.01060        0.01614       13.69097        0.40643        0.04749        1.87659        6.03381        0.00929        0.01798        0.01881      300.00000       10.09183
   52    1    1     8512.59073    75762.50632    30629.38296        1.24938       12.90354        0.00020        0.01282        0.23082       31.40000       77.59274        1.50624        0.22832        9.77398        0.02339        0.03656        0.00246       56.44711       14.28834        0.00025        0.00047       30.89200        4.89179       18.02401       56.41800       11.30623        0.03285        0.00640        0.02911      300.00000       82.86727
   53    1    1     1884.33241     1695.69193      822.37423        6.30035      141.06042        0.02430        0.03692        1.40773        6.10000        0.00223        0.32647        1.40809        6.82568        0.01151        0.00326       -0.00037        1.18203      140.57265        0.02401        0.03739        5.87180        0.00228        0.55440        1.17998        6.80466        0.01135        0.00096        0.00205      300.00000        0.75538
   54    1    1     4537.88328    25608.74445    10697.57454        4.18236       51.47347        0.00324        0.01526        0.41270       35.10000       27.00281        1.32188        0.41268        3.53171        0.00307        0.00517        0.00004       12.83488       57.49436        0.00403        0.00742       33.85543        2.01007       13.88092       12.83461        8.98835        0.01989        0.00694        0.00027      300.00000       21.77779
   55    1    1     2849.73208     1528.85793      631.57041        4.58339       89.13810        0.00970        0.03649        0.73005       35.40000        0.06075        1.02102        0.71354        3.86223        0.00359        0.01566        0.01650        1.45523       82.52878        0.00831        0.03198       21.89610        0.03381        0.28335        1.43967       14.08090        0.04779        0.01681        0.01555      300.00000       37.86909
   56    1    1     1906.39552     2387.92494      808.65390        0.11733        2.70336        0.00001        0.06483        0.71445       10.90000        1.04893        1.02102        0.71354       13.00138        0.04154        0.01508        0.00094        1.59808       32.80660        0.00131        0.03054       31.74469        0.45051        0.76993        1.59840       12.70985        0.04014        0.01534       -0.00032      300.00000      142.03115
   57    1    1     1694.38429     7843.43613     3494.71972        7.13742      158.53076        0.03069        0.02956        1.32434       13.80000        7.69905        0.44153        1.29304        3.19425        0.00263        0.01352        0.03135        3.34233      157.68018        0.03036        0.02939       14.19232        0.58011        5.55154        3.30249        3.16027        0.00237        0.00521        0.03985      300.00000        0.77910
   58    1    1     4550.95634     4488.21643     2266.69510        6.53166       63.99406        0.00500        0.00672        1.11372       31.60000        3.28715        0.62275        1.11182        8.43477        0.01744        0.01317        0.00190        4.68758       62.68295        0.00480        0.00662       31.81750        0.29039        0.05392        4.67819        8.32777        0.01681        0.00582        0.00940      300.00000       11.09322
   59    1    1     1514.92521     1701.56499      713.59806        7.89869      173.24249        0.03666        0.02210        1.36755       14.00000        0.36747        0.37753        1.35703        3.84521        0.00358        0.00671        0.01047        0.15637      172.87995        0.03649        0.02202       14.18923        0.09716        1.86027        0.14487        3.84699        0.00358        0.00570        0.01150      300.00000        0.38005
   60    1    1     1625.69770     2841.84484      719.93468        2.29358       56.34900        0.00388        0.06984        0.77255       31.00000        1.40804        0.97160        0.76296        4.16746        0.00440        0.00038        0.00956        0.85242       47.52453        0.00275        0.07770       34.96343        1.47732        0.81000        0.84828        4.72849        0.00562        0.00488        0.00414      300.00000       92.91928
   61    1    1     3217.95544   185666.13646    73755.57782        6.51386       86.47420        0.00913        0.01239        0.53226       38.10000      185.28321        1.21272        0.52184       14.04774        0.04779        0.00002        0.01042       15.47446       87.05131        0.00925        0.01291       38.26371        1.12701      170.42554       15.46440       14.07849        0.04802        0.00038        0.01006      300.00000        6.58131
   62    1    1     2227.37263     2154.79645      866.82239        3.43715       83.66323        0.00855        0.06381        0.69973       11.00000        0.71629        1.03488        0.69968        7.92391        0.01564        0.00234        0.00005        0.35282       60.76583        0.00449        0.03767       21.48781        0.21954        1.90843        0.35282        7.95512        0.01576        0.00254        0.00000      300.00000       21.55370
   63    1    1     1035.43742    75321.48688    32525.89479        1.19373       36.04071        0.00159        0.10974        0.59990       27.10000       77.41721        1.13417        0.60039        6.68355        0.01107        0.01715       -0.00053       41.98217       23.83480        0.00069        0.23089       16.84558        0.50434       36.55832       41.97961        3.51764        0.00303        0.01134        0.00255      300.00000      149.61325
   64    1    1     3224.69766     2716.71762     1235.07665        6.97656       84.76770        0.00878        0.00925        0.36442       31.20000        1.25153        1.37763        0.35693        9.94629        0.02499        0.00006        0.00751        2.60351       84.10864        0.00863        0.00946       31.17310        0.30741        0.07582        2.60276        9.94741        0.02433        0.00750        0.00075      300.00000        1.21448
   65    1    1     3227.14674     1544.60009      697.61504        1.65879       26.47469        0.00086        0.03025        1.69386       11.50000        0.04955        0.04336        1.69120        3.88046        0.00378        0.00223        0.00264        1.20094       48.40625        0.00286        0.00888       21.59043        0.07388        0.52746        1.19954        5.23901        0.00686        0.00304        0.00140      300.00000       72.11435
   66    1    1     1568.02060     1971.27105      879.22452        0.81757       23.05904        0.00065        0.09651        0.49652       30.70000        0.35498        1.24925        0.48531        5.52693        0.00775        0.01800        0.01126        0.74685       19.13146        0.00045        0.05078       23.79709        0.22426        1.17138        0.72009       11.03350        0.02909        0.00085        0.02676      300.00000      156.12429
   67    1    1     2282.09245     4107.56291     1941.80718        3.77650       59.59807        0.00434        0.02608        0.93823       18.80000        3.01007        0.79577        0.93879        7.44016        0.01372        0.00287       -0.00055        2.38683       67.07716        0.00548        0.04349       13.81091        0.11754        2.23558        2.38452        2.95368        0.00214        0.00000        0.00231      300.00000       50.65338
   68    1    1     1697.56682     1708.15305      657.93465        2.81386       89.34114        0.00975        0.11337        0.93731       23.90000        0.15273        0.79818        0.93639        5.40894        0.00731        0.00072        0.00092        1.68101       98.14572        0.01170        0.05590       30.61011        0.04249        0.18120        1.68151       13.53202        0.04531        0.00176       -0.00050      300.00000       33.47231
   69    1    1     2162.42606    25172.76938    11133.24096        0.10366        3.25639        0.00001        0.12051        0.48764       18.60000       25.91675        1.26822        0.46634       15.17604        0.05525        0.01385        0.02128        3.27640       39.33045        0.00189        0.01360       42.83980        1.48757       23.00364        3.27488       14.23330        0.05068        0.02847        0.00152      300.00000      123.04734
   70    1    1     1619.76862     3995.50585     1270.31807        1.11455       37.31026        0.00170        0.13516        0.59816       29.60000        2.57762        1.13951        0.59505        7.90500        0.01528        0.00316        0.00320        1.61842       31.51475        0.00121        0.03871       60.38138        2.50378        0.27541        1.61383       11.46432        0.03307        0.00000        0.00459      300.00000      142.14188
   71    1    1     2487.05120     2215.46673     1015.77333        0.14333        1.74214        0.00000        0.01804        0.36490        9.60000        0.77252        1.37502        0.35954       10.81256        0.02849        0.00382        0.00532        0.75846        9.98012        0.00012        0.02475        8.10045        0.64746        1.09813        0.75848       10.09374        0.02537        0.00851       -0.00002      300.00000      168.52707
   72    1    1     2761.30456     4915.21399     2380.58250        5.77057      101.85004        0.01267        0.02538        0.34283       12.50000        3.85868        1.39155        0.34301        3.91070        0.00377        0.03359       -0.00021        0.96270      106.49887        0.01382        0.02332       13.63309        0.39155        4.25269        0.95071        3.51429        0.00313        0.02126        0.01199      300.00000       22.00744
   73    1    1     2840.09919     6188.49160     2810.03038        5.08648       89.06571        0.00969        0.02776        0.56481       29.80000        5.28727        1.29043        0.44413        7.83887        0.01637        0.00204        0.12067        4.19105       80.37064        0.00789        0.03920       28.58408        0.37097        2.52850        4.11395        8.01753        0.01497        0.04579        0.07709      300.00000       20.65001
   74    1    1     1788.80255   385190.52556   150252.40519        4.10193      103.95030        0.01320        0.06524        0.18282       35.70000      379.16107        1.58260        0.15197        8.44908        0.01701        0.03900        0.03094       10.69334       91.40949        0.01019        0.05207       33.54812        0.06877      370.19072       10.65806        4.55128        0.00492        0.04100        0.03528      300.00000       29.81531
   75    1    1     4329.68245    11448.40992     5074.57722        6.43642       62.11348        0.00471        0.00666        0.72274       34.70000       11.36063        1.04790        0.68666       13.90351        0.04592        0.00326        0.03613        3.00072       61.97257        0.00469        0.00669       34.64839        1.44819        8.68187        2.96494       13.91573        0.04602        0.00366        0.03578      300.00000        0.06026
   76    1    1     2324.42165     1828.90200      754.30639        6.70666      115.69132        0.01635        0.02000        1.11736       15.00000        0.54013        0.64296        1.09160        1.57444        0.00059        0.00944        0.02579        1.08531      115.91826        0.01635        0.01900       15.58216        0.09279        1.13057        1.05224        1.74688        0.00073        0.00208        0.03307      300.00000        0.35294
   77    1    1     2158.69450     1568.21517      462.24906        6.67505      130.58464        0.02083        0.02592        0.92030       11.30000        0.16135        0.81371        0.92085        5.64818        0.00790        0.00191       -0.00056        0.83424      129.92080        0.02059        0.02648       10.85728        0.19763        0.86313        0.83465        5.69048        0.00804        0.00180       -0.00041      300.00000        7.16084
   78    1    1     4667.37083     2387.30807     1065.82718        1.67453       40.51683        0.00200        0.06950        0.08896       14.80000        0.69816        1.69019        0.04437       15.71103        0.05837        0.04826        0.04461        2.17062        6.90803        0.00006        0.00443       38.43203        0.10447        0.24873        2.15274       15.66832        0.05905        0.06811        0.01789      300.00000      113.52018
   79    1    1     2546.10013     1758.79076      658.52547        2.21172       47.29875        0.00273        0.05312        1.60339       17.80000        0.21147        0.13843        1.59613        8.10673        0.01597        0.00628        0.00723        0.53275       43.88358        0.00235        0.01659       22.21824        0.90444        0.53860        0.52665       11.02766        0.02960        0.00706        0.00610      300.00000       71.61684
   80    1    1     2770.12769     2408.72059      933.46070        6.78246       97.52817        0.01162        0.01364        1.09490       37.50000        0.97331        0.64066        1.09390        5.71607        0.00803        0.00319        0.00103        1.77884       97.68351        0.01165        0.01365       37.49789        0.31975        0.61259        1.77553        5.70997        0.00819        0.00067        0.00331      300.00000        0.82328
   81    1    1     1803.66483     2086.63602      733.23993        7.58045      148.52306        0.02694        0.01994        0.44818       28.50000        0.67809        1.34072        0.39384        3.92321        0.00362        0.00643        0.05427        0.45905      148.33099        0.02683        0.01961       28.66418        0.73147        1.22957        0.45209        3.92207        0.00374        0.05365        0.00696      300.00000        0.43592
   82    1    1     2342.13715     1553.59938      534.44635        3.36763       59.36170        0.00430        0.03364        0.93286       10.60000        0.04194        0.85502        0.87955       14.77992        0.05143        0.01248        0.05329        1.59216       64.13153        0.00501        0.03080       13.86389        0.05816        0.13681        1.58687       14.69243        0.05261        0.05612        0.00530      300.00000       54.33509
   83    1    1     2835.62238     1608.53188      754.83645        4.03669       47.24893        0.00273        0.01401        1.27322        6.10000        0.00453        0.46229        1.27227       12.01180        0.03604        0.00597        0.00096        0.33944       42.86143        0.00224        0.02453        6.83346        0.93772        0.46845        0.33320       10.20697        0.02627        0.00013        0.00624      300.00000       73.92252
   84    1    1     1710.44361     1629.09085      595.45999        3.43928       98.72128        0.01190        0.08873        1.25376        9.20000        0.06792        0.48525        1.24931        7.31952        0.01348        0.00125        0.00445        1.08189       89.54582        0.00971        0.05457       18.93009        0.05900        0.67326        1.08132       12.42733        0.03799        0.00588        0.00057      300.00000       37.68350
   85    1    1     1225.84245     1630.57509      529.05431        0.65838       22.03251        0.00059        0.13618        0.86405       23.90000        0.02537        0.87001        0.86455        5.79720        0.00832        0.01237       -0.00051        1.00584       33.11064        0.00134        0.12331       21.02858        0.17436        0.57955        1.00451        9.28726        0.02117        0.01132        0.00134      300.00000      142.86460
   86    1    1     1651.16114   108135.82594    45080.03513        1.04104       24.90294        0.00076        0.06913        0.88616       21.00000      109.58013        0.88692        0.84765       12.90833        0.03953        0.00530        0.03850        4.82651       27.26202        0.00091        0.05060       22.92823        0.49210      106.00678        4.82702       14.00334        0.04865        0.04240       -0.00051      300.00000      148.88319
   87    1    1     1589.25556     3462.41980     1226.39997        1.40966       33.81932        0.00140        0.06890        1.12335       16.30000        2.30097        0.61757        1.11699       18.05144        0.07929        0.00076        0.00637        0.46467       64.91329        0.00512        0.07840       32.80033        0.60288        3.01603        0.46429        8.95836        0.01976        0.00541        0.00038      300.00000       98.78189
   88    1    1     1116.69484     1598.78245      566.57610        8.47906      216.10785        0.05704        0.02230        1.14936        9.90000        0.02692        0.58844        1.14612       13.11795        0.04320        0.06467        0.00326        1.19320      216.18769        0.05690        0.02250        9.83934        0.02053        0.55013        1.19077       13.11835        0.04314        0.06554        0.00243      300.00000        0.51140
   89    1    1     3557.91528     1548.94133      563.94676        4.87612       92.16853        0.01038        0.03326        1.40953       15.10000        0.15910        0.32517        1.40940        4.05369        0.00405        0.00001        0.00021        0.94434       80.43919        0.00790        0.01510       13.50723        0.09987        0.84709        0.94484       10.35360        0.02661        0.00060       -0.00050      300.00000       56.56713
   90    1    1     1761.22700    10104.88996     4531.47730        8.05433      144.06889        0.02535        0.01373        0.42901       19.70000       10.11371        1.39725        0.33731        5.41996        0.00776        0.01718        0.09166        2.23037      144.15131        0.02535        0.01377       19.67657        0.27367        9.43779        2.13680        5.42180        0.00777        0.01525        0.09357      300.00000        1.28286
   91    1    1     2200.56221     7939.66761     3473.16479        3.29546       49.53746        0.00300        0.02460        0.70820       14.10000        7.60162        1.04328        0.69128       13.61872        0.04726        0.01224        0.01695        2.12118       71.18151        0.00618        0.03724       12.47534        0.42292        6.79901        2.11671       11.88272        0.03445        0.01921        0.00447      300.00000       66.90104
   92    1    1     1487.46078     4276.64130     1869.08029        8.88090      147.28491        0.02649        0.00710        0.87714       15.50000        3.28356        0.85896        0.87560        3.32438        0.00271        0.05321        0.00157        2.42321      147.28954        0.02647        0.00723       15.37374        0.05313        2.55499        2.40981        3.34281        0.00284        0.04131        0.01339      300.00000        0.46369
   93    1    1     2102.34273    54958.60319    23598.20632        5.77703      124.16223        0.01883        0.03759        0.05206       23.40000       56.22857        1.68475        0.04981        8.94088        0.01958        0.00277        0.00221        1.59965      125.05752        0.01910        0.04013       22.47000        1.73398       54.62798        1.59870        8.89083        0.01975        0.00357        0.00094      300.00000        7.56438
   94    1    1     1848.68018     1669.80812      632.77848        2.61881       55.25113        0.00373        0.05063        0.74895       20.90000        0.14714        0.98553        0.74904        3.60731        0.00324        0.00023       -0.00012        1.16773       45.26989        0.00250        0.05876       30.27977        0.30485        0.40203        1.16819        3.57094        0.00317        0.00042       -0.00046      300.00000       83.95462
   95    1    1     2061.08840     3652.65662     1732.30673        1.45412       22.92830        0.00064        0.02972        0.12788       27.80000        2.40913        1.60621        0.12836       11.42390        0.03226        0.05100       -0.00045        1.67527        5.58948        0.00004        0.05564        9.08297        0.04945        2.45311        1.62476        9.85244        0.02288        0.00045        0.05050      300.00000      146.29261
   96    1    1     1888.48089     1772.93863      642.23479        7.00087      142.54037        0.02481        0.02581        0.53446       13.80000        0.43710        1.20033        0.53424        6.03417        0.00908        0.00146        0.00016        1.09627      142.52018        0.02476        0.02585       13.81608        0.98948        0.08555        1.09665        6.04184        0.00902        0.00212       -0.00038      300.00000        0.40505
   97    1    1     2169.51988   104049.54708    41539.53875        3.25732       89.40054        0.00976        0.08224        0.47677       30.70000      104.39248        1.25721        0.47736        9.49907        0.02234        0.00546       -0.00056       15.77351       78.74481        0.00757        0.02971       38.11470        0.09201       90.33619       15.77167        4.94649        0.00600        0.00122        0.00184      300.00000       23.54430
   98    1    1     1297.64631     3358.55810      787.23552        0.97210       33.44351        0.00137        0.14319        1.22598       27.60000        2.01816        0.51988        1.21468        5.56462        0.00749        0.00050        0.01133        1.06459       52.99844        0.00342        0.09688       30.84812        1.22183        1.47236        1.05483       14.83355        0.05571        0.00177        0.00976      300.00000      115.80797
   99    1    1     2041.14207     2651.87901      938.16128        1.20060       32.51752        0.00129        0.08830        0.96202       20.60000        1.23991        0.80029        0.93428        8.72867        0.01956        0.00748        0.02767        0.61848       27.08141        0.00089        0.02579       22.69331        0.52417        1.91352        0.59877        8.68648        0.01927        0.01672        0.01970      300.00000      121.19253
  100    1    1     2670.31095     2196.58962      675.51749        1.86021       33.75045        0.00139        0.03881        0.64842       32.80000        0.88850        1.09787        0.63670        9.44399        0.02157        0.00358        0.01168        1.10429       48.09026        0.00282        0.01811       15.38801        0.34272        1.14757        1.09741       17.61144        0.07827        0.00637        0.00689      300.00000       76.09624
