    1    1    1     3465.42969     5421.97427     2495.54059        7.07994       81.83317        0.00818        0.00814        0.33359       24.70000        4.39557        1.43462        0.29995       14.68533        0.05131        0.01998   -33197.35018        0.21918       82.95643        0.00839        0.00787       24.71199        3.81744        2.13129        0.18146       14.68763        0.05120        0.01603        0.03772      300.00000        7.50343
    2    1    1     2533.16195     8495.30209     3864.20539        7.14553      107.58612        0.01414        0.01355        1.50557       27.30000        8.35439        0.23496        1.49961        8.07659        0.01588        0.00117        0.00591        7.94264      106.87235        0.01395        0.01392       27.20976        0.53086        1.62225        7.93564        8.08907        0.01591        0.00014        0.00700      300.00000        0.66591
    3    1    1     3580.92520     2358.71451      561.71749        5.78669       65.52146        0.00524        0.01041        1.17011       19.80000        1.02655        0.57791        1.15666       10.47853        0.02790        0.00601        0.01345        0.84172       58.19303        0.00412        0.02012       20.84449        1.10306        0.82661        0.83289        8.24739        0.01650        0.01202        0.00882      300.00000       16.72521
    4    1    1     1924.71046     1645.04984      530.75660        7.76079      135.43767        0.02240        0.01479        0.95784       10.70000        0.10915        0.78219        0.95237       19.65531        0.09412        0.00058        0.00549        1.37322      136.03987        0.02258        0.01497       10.35875        0.17860        0.29142        1.37333       19.65528        0.09614        0.00416       -0.00011      300.00000        1.05630
    5    1    1     2614.75060     1750.57184      836.50663        3.61969       42.24709        0.00218        0.01446        0.55419       18.50000        0.13074        1.18451        0.55005       11.55062        0.03354        0.00738        0.00412        1.02788       38.89617        0.00184        0.05276        8.35781        0.00590        0.81636        1.02788        6.05644        0.00904        0.01324       -0.00000      300.00000       79.31533
    6    1    1     1932.64236     2418.03741      684.62548        7.79763      135.80387        0.02252        0.01452        1.47576       23.50000        1.22511        0.26964        1.46493        6.98909        0.01238        0.00025        0.01080        1.04397      136.01025        0.02255        0.01445       23.51522        1.75558        0.17178        1.03235        6.98319        0.01180        0.00006        0.01162      300.00000        0.42457
    7    1    1     1953.20690     2141.21988      759.80473        3.75529       77.15940        0.00727        0.04429        0.61237       21.20000        0.79462        1.12188        0.61268        5.52701        0.00755        0.04163       -0.00033        1.55816       63.17510        0.00487        0.07043        9.12218        0.11569        0.87444        1.52345        1.10123        0.00031        0.00571        0.03470      300.00000       42.42868
    8    1    1     1200.79708     1823.94989      764.28524        6.03905      217.48071        0.05777        0.10063        0.85887       19.70000        0.07180        0.87531        0.85925        6.90252        0.01184        0.01670       -0.00032        0.49462      219.50351        0.05877        0.10237       18.34086        0.02046        1.30460        0.47868        6.85694        0.01197        0.00012        0.01594      300.00000        1.79095
    9    1    1     3399.79719     1636.94310      798.62297        6.39643       77.56669        0.00735        0.01061        1.06507        9.70000        0.00443        0.69646        1.03811        8.80951        0.01854        0.02643        0.02692        0.18998       75.76980        0.00701        0.00959       11.01968        0.00866        1.54272        0.18906        8.81034        0.01907        0.05185        0.00092      300.00000        2.91483
   10    1    1     2091.25963     1555.13461      646.03730        0.79201       18.61587        0.00042        0.06705        0.56159       30.90000        0.05822        1.17619        0.55838        7.84342        0.01544        0.01114        0.00317        0.51402       30.36321        0.00112        0.02934       35.41687        0.08505        1.21026        0.51449       12.15179        0.03652        0.01374       -0.00047      300.00000      131.39101
   11    1    1     3087.49822    36043.60688    15337.86460        5.32654       88.97166        0.00967        0.02441        0.72720       19.60000       37.32456        1.01512        0.71945        7.23115        0.01321        0.00037        0.00777        5.38457       90.67815        0.01003        0.02203       20.66104        0.58039       33.10077        5.37965        7.35608        0.01362        0.00306        0.00492      300.00000       22.52672
   12    1    1     1462.61252     1649.37422      570.63405        2.41941       84.94194        0.00881        0.14173        1.18639       11.30000        0.08297        0.55282        1.18174        2.48347        0.00150        0.00228        0.00475        1.47026       56.33475        0.00385        0.05254       41.12908        0.30525        0.12683        1.46418        8.02119        0.01622        0.00156        0.00608      300.00000       91.55670
   13    1    1     2264.63814     7961.33936     3553.55189        1.26853       19.16160        0.00045        0.02742        0.47657       24.30000        7.44608        1.26091        0.47365       11.51374        0.03326        0.00116        0.00287        3.66367       42.77264        0.00223        0.02621       42.96422        0.49033        5.05860        3.66155        2.94743        0.00218        0.00262        0.00212      300.00000      129.05838
   14    1    1     3396.22156     1586.93230      569.63929        3.36788       53.74497        0.00353        0.02757        0.27917       28.90000        0.09872        1.45527        0.27930       13.92842        0.04786        0.02562       -0.00019        1.71323       31.44766        0.00121        0.00806       41.51990        0.14157        0.01205        1.71339       12.21777        0.03715        0.02448       -0.00016      300.00000       52.30442
   15    1    1     1134.15730     1799.14512      714.74658        2.33180       77.57795        0.00735        0.12783        1.59528       26.20000        0.10726        0.13936        1.59521        7.50813        0.01404        0.00605       -0.00000        0.79840       84.87810        0.00873        0.13727       21.11933        0.15371        0.88204        0.79242        8.05525        0.01636        0.00066        0.00598      300.00000       94.48185
   16    1    1     3657.28991     1718.05718      813.41397        4.30751       73.51227        0.00660        0.02897        0.38193       30.30000        0.05272        1.35343        0.38113        4.91881        0.00604        0.00191        0.00077        0.06206       71.74597        0.00627        0.03843       27.00288        0.22197        1.49609        0.05919        5.21875        0.00666        0.00011        0.00287      300.00000       47.54332
   17    1    1     3528.59298     5590.37856     2706.44255        6.36621       80.89717        0.00799        0.01173        0.89747       19.90000        5.00688        0.83735        0.89722        4.76953        0.00560        0.00336        0.00030        3.63367       80.14007        0.00783        0.01159       20.32945        0.05533        3.05666        3.63012        4.57496        0.00526        0.00003        0.00356      300.00000       12.52979
   18    1    1     1866.02392     1822.55377      646.50690        1.73357       46.29197        0.00262        0.08447        1.13686       16.50000        0.14559        0.60000        1.13456       12.84829        0.04043        0.01639        0.00223        0.78867       51.51853        0.00323        0.03455       30.15761        0.55268        0.53063        0.78892       20.06259        0.10012        0.01650       -0.00026      300.00000       87.84954
   19    1    1     4027.04483     1924.65564      833.77779        1.11932        9.99343        0.00012        0.00961        0.68980       19.30000        0.51092        1.04429        0.69027        4.57221        0.00519        0.00782       -0.00056        1.64928       24.24544        0.00072        0.00733       18.55685        0.22844        0.37468        1.64911        1.18188        0.00034        0.00696        0.00017      300.00000      140.26575
   20    1    1     1684.36596     1710.36061      627.13024        3.26339      100.80616        0.01241        0.10413        1.24817       29.70000        0.04770        0.48958        1.24499        8.27784        0.01675        0.00030        0.00311        0.10188       61.52637        0.00460        0.04077       25.48258        0.21428        1.45319        0.10027       20.31977        0.10127        0.00305        0.00161      300.00000       69.19485
   21    1    1     2952.65017     5357.92436     2596.67212        0.42108        9.78108        0.00012        0.06578        0.94707       32.30000        4.79497        0.78741        0.94715        6.03868        0.00908        0.04209       -0.00011        4.45063       30.41622        0.00113        0.00770       30.06622        0.05806        2.01481        4.45111       17.59920        0.07662        0.03757       -0.00048      300.00000      116.42732
   22    1    1     1360.82754    12566.61195     5563.33944        3.19150       94.65535        0.01094        0.09649        0.59576       15.30000       12.74470        1.15393        0.58064       10.60730        0.02863        0.02367        0.01514        2.27312       99.18279        0.01193        0.12502       24.67738        0.87873       11.31936        2.26584        5.21054        0.00685        0.03909        0.00728      300.00000       53.04742
   23    1    1     1801.75758     1643.38154      627.63462        7.87865      145.25333        0.02577        0.01574        1.10708       42.30000        0.09731        0.64123        1.09333        5.30244        0.00679        0.00003        0.01372        0.36291      145.20358        0.02570        0.01588       42.28694        0.11144        1.35696        0.36342        5.30547        0.00698        0.01408       -0.00052      300.00000        0.08651
   24    1    1     1581.27033     2101.74549      955.83139        6.39324      167.91108        0.03443        0.04981        0.35225       12.70000        0.56218        1.38995        0.34462        6.46022        0.01054        0.01226        0.00766        0.36550      167.99783        0.03444        0.04989       12.52848        0.06879        1.86190        0.36582        6.49387        0.01048        0.02043       -0.00032      300.00000        0.23602
   25    1    1     2716.60040    30829.13562    14708.44490        5.05971       83.43862        0.00850        0.02471        1.59422       25.40000       33.14244        0.16147        1.57309       10.13418        0.02464        0.00114        0.02120        9.22543      104.74427        0.01340        0.04364       19.86174        0.23603       25.39548        9.22028       10.42937        0.02739        0.01581        0.00515      300.00000       32.05903
   26    1    1     2430.28621     2051.18270      790.67773        5.93335      108.97810        0.01450        0.02670        1.12852       14.40000        0.40978        0.61294        1.12162       18.38254        0.08528        0.01504        0.00696        0.79676      108.31883        0.01427        0.02691       14.39487        0.58429        0.78341        0.77664       18.38221        0.08631        0.00083        0.02012      300.00000        4.03447
   27    1    1     2965.97635     3582.26510     1423.50518        4.84943       75.72292        0.00700        0.02278        0.33012       46.60000        2.35366        1.40803        0.32653        2.02402        0.00100        0.00000        0.00363        1.27827       78.26144        0.00747        0.02612       44.26748        0.87938        1.92543        1.27576        4.42110        0.00490        0.00102        0.00250      300.00000       27.89869
   28    1    1     1463.71140     2067.44655      581.33186        2.24371       64.45566        0.00507        0.09572        0.81703       28.30000        0.43257        0.91705        0.81752       13.14812        0.04289        0.01706       -0.00047        1.34188       18.32985        0.00041        0.06729       35.56589        0.40532        0.46274        1.32053       13.94579        0.04972        0.00004        0.02135      300.00000      136.19111
   29    1    0      567.51839 47708365.22566 16134854.03238        1.65278       15.19664        0.00028        0.01004        1.47174       17.20000    41538.14467        0.30342        1.43116        2.00594        0.00104        0.00002        0.04061    23467.08422        0.00000        0.00000        0.00000       12.43611        0.00042    18072.80657    23467.08422        0.00000        0.00000        0.00000        0.00000      300.00000        0.00000
   30    1    1     4805.57635     1790.48124      484.80782        3.35449       31.54622        0.00122        0.00959        0.89666       16.60000        0.40167        0.85009        0.88448       10.87987        0.03004        0.03053        0.01206        0.61937       25.70423        0.00081        0.00767       27.15651        0.76245        0.77681        0.61990        5.67993        0.00799        0.04471       -0.00053      300.00000       82.89738
   31    1    1     3224.93483     1565.37425      668.78651        3.00164       31.48415        0.00121        0.01223        0.44126        7.80000        0.01463        1.29446        0.44011       11.45006        0.03277        0.05237        0.00111        1.23942       53.99790        0.00356        0.01898        5.62691        0.00185        0.55622        1.18593       10.37199        0.02799        0.00090        0.05349      300.00000       60.34715
   32    1    1     1477.68015     3782.63356     1531.79926        2.07104       60.69065        0.00450        0.10038        0.44998       21.30000        2.54496        1.29501        0.43955        5.46160        0.00722        0.01371        0.01043        0.40386       39.00508        0.00185        0.05602       33.86636        3.29773        0.64131        0.38307        6.71419        0.01152        0.00348        0.02079      300.00000      112.87132
   33    1    1     2130.99250    83225.71088    34240.23881        2.68946       40.73863        0.00203        0.02600        0.57271       35.40000       85.84854        1.16460        0.56997       11.26644        0.03184        0.00851        0.00275       15.35269       62.65325        0.00479        0.07594       15.65777        2.16697       70.02942       15.35260        7.57148        0.01413        0.01030        0.00009      300.00000       79.98605
   34    1    1     1739.01875     1572.90423      755.66099        8.49410      139.19430        0.02366        0.00913        1.46421       12.60000        0.03807        0.26980        1.46476        4.92958        0.00601        0.00742       -0.00042        0.65053      138.94379        0.02352        0.00935       12.50238        0.09303        1.03334        0.64614        4.92906        0.00593        0.00261        0.00440      300.00000        0.24114
   35    1    1     1568.28523     1679.92228      736.46062        5.59808      165.25581        0.03335        0.07308        0.59253        6.70000        0.01519        1.16307        0.57150        5.98266        0.00859        0.00136        0.02103        1.66039      165.09595        0.03309        0.07635        6.51157        0.00768        0.08408        1.65788        4.89485        0.00601        0.01957        0.00250      300.00000        7.72151
   36    1    1     2182.97781     1579.81682      547.90680        8.75595      103.57087        0.01310        0.00399        0.84328       26.20000        0.13018        0.93318        0.80139        6.50739        0.01003        0.00012        0.04193        0.71028      103.59940        0.01310        0.00398       26.17874        0.46789        0.72734        0.66946        6.50541        0.01003        0.00126        0.04082      300.00000        0.56391
   37    1    1     2364.37281     2076.86648      553.82611        5.49557      108.58008        0.01440        0.03328        1.02336       24.70000        0.64025        0.72091        1.01365       10.55886        0.02702        0.02513        0.00983        1.45490      109.02669        0.01443        0.03394       24.37339        0.57917        0.36510        1.42971       10.59145        0.02683        0.00998        0.02518      300.00000        9.15905
   38    1    1     2343.68434     4680.61297     2258.19484        3.55964       47.20104        0.00272        0.01875        0.47487       35.50000        3.47555        1.25957        0.47499        2.92779        0.00213        0.00031       -0.00018        1.13608       44.95494        0.00247        0.06552       35.89852        0.92628        3.10158        1.13582        2.81755        0.00195        0.00004        0.00026      300.00000       75.10912
   39    1    1     2756.97362     5609.37438     2524.20558        3.45713       41.83621        0.00214        0.01575        1.32440       16.10000        4.97132        0.42784        1.30672       15.99464        0.06154        0.00920        0.01766        5.15981       43.03111        0.00226        0.03342       16.60834        0.10289        1.46196        5.15942       10.75979        0.02888        0.02298        0.00039      300.00000       67.11868
   40    1    1     1315.06393    12885.90719     6120.92350        8.00840      197.37101        0.04758        0.02661        0.22993       31.90000       12.89243        1.50423        0.23034        7.60006        0.01435        0.02003       -0.00041        4.25439      197.69397        0.04767        0.02692       31.77383        2.81276        7.57199        4.24182        7.59940        0.01396        0.00748        0.01257      300.00000        0.37694
   41    1    1     2761.80427     1829.80388      719.45028        4.36968       85.27662        0.00888        0.03763        1.70120       13.90000        0.30151        0.03851        1.69605        6.95169        0.01178        0.02899        0.00516        1.49172       69.08157        0.00581        0.01961       15.87544        0.27235        0.29129        1.47725       10.58819        0.02851        0.01921        0.01448      300.00000        6.69410
   42    1    1     3149.43814     1552.99722      577.50341        4.57379       77.80991        0.00739        0.02795        1.39677       14.20000        0.16070        0.33742        1.39715        9.42109        0.02193        0.01077       -0.00040        1.30437       77.77648        0.00737        0.02380        8.84903        0.31208        0.28305        1.29709       10.86855        0.02983        0.00244        0.00729      300.00000       45.95723
   43    1    1     1983.58210     1453.27418      552.80581        3.39869       67.19385        0.00551        0.04222        0.74167       13.30000        0.01122        0.99325        0.74131        5.07889        0.00643        0.00017        0.00031        1.20908       66.01551        0.00529        0.06293       12.22408        0.11994        0.40001        1.20916        3.37761        0.00284        0.00039       -0.00009      300.00000       50.60982
   44    1    1     2000.46439   261062.07457   106781.77379        7.36931      134.51490        0.02210        0.01859        0.05909       24.20000      260.99359        1.67822        0.05635       15.49337        0.06021        0.00926        0.00278      243.66686      133.97392        0.02191        0.01842       23.97824        0.19151       18.86983      243.66723       15.49371        0.05964        0.01296       -0.00038      300.00000        0.16582
   45    1    1     2513.11066     1528.19746      604.96939        8.18834       98.15160        0.01177        0.00578        0.78172        9.30000        0.10630        0.95320        0.78137       10.37650        0.02651        0.00286        0.00032        0.72812       98.45059        0.01183        0.00574        9.26823        0.64874        0.46358        0.72852       10.37631        0.02673        0.00339       -0.00040      300.00000        2.10848
   46    1    1     1337.10448     4768.11891     2242.95760        8.42210      183.54958        0.04115        0.01686        0.55776        6.70000        3.91520        1.18259        0.55197        4.27855        0.00461        0.00188        0.00585        2.20163      183.26629        0.04098        0.01692        6.84582        0.00625        3.44658        2.19705        4.27625        0.00446        0.00326        0.00458      300.00000        0.07813
   47    1    1     3710.82274     4987.53954     1864.47971        0.15695        1.55609        0.00000        0.01200        1.19445       41.60000        3.94739        0.55665        1.17791       14.99573        0.05415        0.00546        0.01656        1.26063       25.44730        0.00079        0.02124       39.48457        2.31404        2.09842        1.25570       15.35831        0.05938        0.01562        0.00493      300.00000      146.87506
   48    1    1     1469.86013     1517.19916      630.34021        1.20721       31.14192        0.00118        0.08009        1.06611       10.80000        0.03476        0.66817        1.06639        7.15251        0.01272        0.00377       -0.00033        1.20917       32.20334        0.00127        0.10326       11.74958        0.06998        0.47125        1.20785        6.22748        0.00952        0.00235        0.00132      300.00000      129.00168
   49    1    1     5698.75766     1654.13155      769.65583        4.68201       33.47377        0.00137        0.00487        1.08841       13.70000        0.16047        0.68168        1.05288        7.88821        0.01605        0.00010        0.03554        0.25463       43.53358        0.00231        0.00598       18.25481        0.72530        0.95155        0.23095        1.49885        0.00058        0.01263        0.02368      300.00000        5.12254
   50    1    1     2364.85186   130501.40339    53314.38919        0.44278        7.09721        0.00006        0.03132        1.67437       13.60000      132.36886        0.05980        1.67477        5.15646        0.00657        0.00206       -0.00040       48.19132       13.16413        0.00021        0.01970       16.93643        2.83805       83.07706       48.19185        7.79743        0.01506        0.00173       -0.00053      300.00000      160.78512
   51    1    1     2971.07585     1434.56063      657.95496        8.56515       79.75263        0.00777        0.00282        1.69411       22.70000        0.07438        0.04185        1.69271       10.47714        0.02694        0.02153        0.00138        1.05466       79.80181        0.00778        0.00280       22.73265        0.10310        0.66670        1.03922       10.47784        0.02794        0.00641        0.01544      300.00000        0.39615
   52    1    1     3098.83709     2168.81545      910.63138        1.52853       25.34990        0.00078        0.03281        1.39450       13.20000        0.73601        0.34748        1.38709       13.10340        0.04336        0.00265        0.00737        0.22940       37.86191        0.00175        0.00756       27.35078        0.94250        1.32541        0.22975       12.61688        0.03931        0.01166       -0.00035      300.00000       94.00845
   53    1    1     3851.66971    13851.16498     6351.31888        5.65606       78.34817        0.00750        0.01594        0.28805       36.30000       14.22323        1.45088        0.28369        7.25821        0.01325        0.00192        0.00436        9.27781       78.27325        0.00748        0.01722       34.79741        1.47457        5.20721        9.27177        8.03953        0.01629        0.00020        0.00604      300.00000       48.92101
   54    1    1     4859.94263     1794.12526      676.09674        1.05828       30.25875        0.00112        0.09873        0.24299        8.60000        0.22081        1.50927        0.22529        6.83356        0.01191        0.00448        0.01770        0.94466       28.28681        0.00098        0.01385       27.78853        0.36263        0.70472        0.91965       15.80672        0.05978        0.00270        0.02501      300.00000       43.27574
   55    1    1     2621.67846     1577.54705      704.72110        1.09041       19.77098        0.00048        0.03967        0.38989       21.30000        0.02595        1.35595        0.37862        7.49998        0.01426        0.00332        0.01122        1.39027       33.92093        0.00140        0.01482       27.68936        0.03478        0.35459        1.38833        8.98480        0.02022        0.01346        0.00194      300.00000      114.86490
   56    1    1     2394.37477   680932.75859   251160.68173        1.43852       19.15664        0.00045        0.02121        1.20601       31.80000      654.05522        0.59309        1.14148       14.71552        0.05071        0.01313        0.06451       58.55067       36.89871        0.00166        0.02659       46.73360        1.33116      595.97395       58.50871        8.43676        0.01842        0.03738        0.04196      300.00000      130.24779
   57    1    0     1152.60196  7720924.89118  2560049.50063        0.28862        5.15583        0.00003        0.03894        1.58267       21.20000     6639.85377        0.15479        1.57978       11.08042        0.03080        0.01282        0.00292     4538.42667        0.00000        0.00000        0.00000       28.73550        0.00305     2103.04530     4538.42667        0.00000        0.00000        0.00000        0.00000      300.00000        0.00000
   58    1    1     1565.42999    24994.56889    10658.22573        1.01236       19.41066        0.00046        0.04444        0.43100       40.30000       26.34846        1.32554        0.40902       10.04251        0.02580        0.00150        0.03103       17.05314       14.71250        0.00026        0.09256       35.98575        0.66671       10.33295       17.03278       10.42579        0.02609        0.00552        0.02037      300.00000      168.42185
   59    1    1     2180.21094     1526.72484      707.67722        2.44973       34.79696        0.00148        0.02316        0.25081       21.20000        0.08793        1.53156        0.20300       12.13372        0.03475        0.00344        0.04775        1.58403       22.40954        0.00061        0.06125       16.59103        0.02659        0.22715        1.56648        4.97999        0.00632        0.02720        0.01755      300.00000      110.34649
   60    1    1     1664.26170     2044.16486      700.47007        0.43799       12.06264        0.00018        0.09246        1.12971       15.80000        0.63308        0.60436        1.13020        9.35051        0.02166        0.00011       -0.00058        1.03175       15.37086        0.00029        0.05321       10.79799        0.11719        1.26710        1.03229        6.95844        0.01198        0.00005       -0.00054      300.00000      161.58571
   61    1    1     1708.30769   325415.50932   123920.19485        5.95446      156.04815        0.02974        0.05414        0.15551       17.10000      321.57998        1.58137        0.15320        6.32843        0.00981        0.00873        0.00227      164.11885      155.56912        0.02953        0.05337       17.26957        0.10412      159.10275      164.10787        6.47506        0.01063        0.00013        0.01098      300.00000        5.10682
   62    1    1     1721.66829     1428.24150      701.52014        6.17405      153.31260        0.02871        0.04660        1.06696        7.00000        0.01123        0.67196        1.06261        4.42457        0.00478        0.00614        0.00437        0.06086      152.73202        0.02843        0.04753        7.03077        0.03496        1.66025        0.05060        4.08154        0.00422        0.00013        0.01025      300.00000        0.86849
   63    1    1     3664.41939     1785.83923      473.02070        6.59129       79.44690        0.00771        0.01003        1.52084       15.70000        0.27690        0.30628        1.42828       16.92254        0.06631        0.00324        0.09263        1.47654       78.08325        0.00743        0.01128       15.08915        0.25978        0.33548        1.41525       16.92056        0.07475        0.02606        0.06129      300.00000       12.21595
   64    1    1     2854.58308     1791.10150      827.33628        2.86221       24.42462        0.00073        0.00817        0.15045       27.50000        0.15789        1.62893        0.10563       10.09238        0.02408        0.00003        0.04476        1.53905       47.97060        0.00281        0.05292       20.47193        0.02427        0.30607        1.53660        4.39092        0.00483        0.04034        0.00244      300.00000       93.76417
   65    1    1     2547.19603     2329.80770      991.20411        2.82249       61.92728        0.00468        0.05411        0.89127       22.20000        0.83403        0.84271        0.89185        1.92975        0.00092        0.00036       -0.00056        0.83143       56.14165        0.00383        0.04145       21.89957        0.79423        0.95479        0.83190        2.84594        0.00201        0.00036       -0.00047      300.00000       60.82349
   66    1    1     2176.23298     5235.72508     1862.62409        0.75066       12.43824        0.00019        0.03334        1.36068       26.40000        4.61373        0.37356        1.36101        5.25022        0.00681        0.01327       -0.00023        1.42869       14.86434        0.00027        0.03636       25.40463        1.27046        3.64799        1.41708        8.15270        0.01686        0.00095        0.01161      300.00000      166.44759
   67    1    1     1572.52391     2524.64465      959.25730        4.67594      152.95444        0.02857        0.10211        0.64765       23.30000        1.03093        1.09041        0.64416       11.93626        0.03481        0.00257        0.00351        1.91409      151.50048        0.02783        0.10068       21.05582        0.09856        0.75223        1.90973       13.03263        0.04145        0.00222        0.00436      300.00000       18.95378
   68    1    1     2974.57628     5495.09032     2581.23363        3.93198       45.19304        0.00249        0.01364        0.65104       29.40000        4.63296        1.08891        0.64566        7.91032        0.01576        0.00099        0.00539        1.49184       50.25223        0.00307        0.03800       26.94860        3.73979        1.13058        1.48719        1.42205        0.00051        0.00199        0.00464      300.00000       41.34421
   69    1    1     2259.29352     1785.74979      601.99829        7.29495      119.27357        0.01737        0.01527        0.47026       27.90000        0.10404        1.26453        0.47003       24.88534        0.15434        0.02244        0.00025        0.85533      119.37128        0.01739        0.01535       27.88895        0.10675        0.89509        0.83676       24.88469        0.15801        0.00036        0.01856      300.00000        0.20930
   70    1    0      898.84316 15360253.13261  5066168.35542        5.47812      106.53060        0.01386        0.03233        1.52384       20.30000    13193.99197        0.22610        1.50845        3.78610        0.00365        0.00000        0.01533     7761.34860        0.00000        0.00000        0.00000      109.42502        0.04251     5434.39759     7761.34860        0.00000        0.00000        0.00000        0.00000      300.00000        0.00000
   71    1    1     1857.61930   143015.63036    54257.03985        6.32309      143.57048        0.02517        0.03779        1.74753       25.40000      145.01658        0.03955        1.69502       10.71223        0.02702        0.00015        0.05570       60.60328      142.90297        0.02493        0.03677       25.52368        0.41454       85.76861       60.56884       10.78865        0.02768        0.01796        0.03444      300.00000        1.07055
   72    1    1     2388.96038     1876.99139      836.63324        7.65610      112.38316        0.01543        0.01089        0.28855       12.30000        0.09962        1.44605        0.28852       22.91054        0.13072        0.01175        0.00001        1.38717      111.78967        0.01522        0.01118       12.24530        0.02538        0.42746        1.38127       22.91053        0.13230        0.00429        0.00589      300.00000        0.62369
   73    1    1     3632.44226     1747.15108      840.01774        4.26029       56.09655        0.00384        0.01733        1.55534       24.20000        0.02891        0.18954        1.54503       14.04774        0.04779        0.00002        0.01034        0.46752       28.08379        0.00096        0.04774       23.14088        0.03066        1.26097        0.46748       10.10678        0.02544        0.00952        0.00003      300.00000       17.72746
   74    1    1     2018.31441     1802.42628      545.08258        0.06481        1.17200        0.00000        0.03993        1.44500       35.90000        0.20434        0.30255        1.43201       17.60651        0.07488        0.00850        0.01295        0.43566       14.36329        0.00025        0.04711       33.72808        0.83174        0.68332        0.41949       17.28227        0.07194        0.00519        0.01617      300.00000      162.10407
   75    1    1     2143.43359     1851.78529      791.71616        3.44342       60.68128        0.00450        0.03343        0.35492       16.90000        0.40107        1.38067        0.35390        6.59127        0.01085        0.00003        0.00101        0.15554       57.02377        0.00396        0.03911       11.91298        0.95512        1.02037        0.15484        6.73935        0.01117        0.00021        0.00069      300.00000       70.52304
   76    1    1     4392.20057     1626.15466      724.76518        5.31073       39.39116        0.00190        0.00482        0.55566       30.60000        0.04836        1.19413        0.54044       12.60579        0.03831        0.01106        0.01526        1.29992       57.60456        0.00405        0.04419       20.50034        0.06410        0.39013        1.29070       11.99095        0.03638        0.01546        0.00922      300.00000       21.44155
   77    1    1     2069.56604     1694.02578      739.08371        5.44053      127.94285        0.01999        0.04755        1.27744       32.10000        0.08667        0.45741        1.27716        7.19871        0.01292        0.00098        0.00023        0.21387      130.56445        0.02075        0.05548       30.07599        1.28390        0.31711        0.21366        6.58707        0.01069        0.00116        0.00021      300.00000       21.30064
   78    1    1     1236.17842     1526.08194      620.09602        0.57183       16.46136        0.00033        0.10088        1.05157        3.10000        0.02409        0.72733        1.00723        2.35684        0.00131        0.02639        0.04439        0.31423       15.80928        0.00030        0.09380       10.91811        0.10658        1.34937        0.31041        2.45762        0.00148        0.06615        0.00381      300.00000      160.74685
   79    1    1     2587.05286     1695.16284      653.95315        3.05590       51.07622        0.00319        0.03093        1.70492       20.70000        0.31246        0.04420        1.69037        9.91765        0.02373        0.00352        0.01454        1.04953       46.75269        0.00266        0.02769       26.14710        0.07186        0.95774        1.03635        6.19832        0.00976        0.00370        0.01317      300.00000       47.15387
   80    1    1     4608.86790     2003.85211      612.97269        5.94681       60.49312        0.00447        0.00817        1.05063       24.10000        0.72094        0.68517        1.04939        5.15023        0.00651        0.01465        0.00125        1.13553       62.29792        0.00473        0.00734       24.23073        0.55542        0.76623        1.13418        5.24009        0.00687        0.01444        0.00135      300.00000       14.50478
   81    1    1     2472.91909     1512.10883      554.26978        3.46882       72.53483        0.00643        0.04698        1.33150       13.30000        0.02229        0.43022        1.30435        4.37748        0.00492        0.00102        0.02713        1.19042       85.04794        0.00879        0.03348       22.96030        0.27205        0.32566        1.16242        7.35178        0.01290        0.00004        0.02800      300.00000       15.62689
   82    1    1     1519.13669    27683.36525    13292.13160        1.63075       40.98721        0.00205        0.07510        0.80300       10.90000       28.71747        0.93337        0.80120       12.78898        0.04094        0.00683        0.00174       11.30518       48.72467        0.00290        0.06523       42.18840        0.10896       18.98156       11.30540       19.05583        0.08965        0.02527       -0.00022      300.00000      121.12272
   83    1    1     1905.31209     3624.92323     1493.05284        7.78787      137.01271        0.02293        0.01487        0.42331       37.40000        2.34804        1.31602        0.41854        8.81758        0.01896        0.05199        0.00477        2.77830      137.15472        0.02292        0.01495       37.39338        0.36268        0.99655        2.72334        8.81726        0.02024        0.00048        0.05496      300.00000        1.04714
   84    1    1     1255.31745     2056.33332      520.08689        7.92320      206.79804        0.05223        0.03097        1.43144       27.60000        0.63900        0.30730        1.42726        5.57921        0.00783        0.00166        0.00418        0.66774      206.95668        0.05223        0.03091       27.61673        0.68619        1.02347        0.66395        5.56937        0.00758        0.00231        0.00379      300.00000        0.38406
   85    1    1     1160.17999     3168.83773     1055.07659        0.57727       17.68037        0.00038        0.11418        0.99958       17.10000        1.83954        0.78965        0.94492        6.62454        0.01142        0.00490        0.05471        1.63422       21.14869        0.00054        0.17217       19.43568        0.55850        1.32111        1.62646        6.40618        0.01037        0.06276        0.00776      300.00000      156.69723
   86    1    1     2212.37805     2114.81304      858.31514        1.43132       29.54514        0.00107        0.05097        0.12394        5.40000        0.53882        1.61168        0.12289       18.68610        0.08727        0.00107        0.00112        1.66833       79.20909        0.00765        0.02662       28.98740        0.08138        0.57111        1.66432       15.34471        0.05918        0.00055        0.00400      300.00000       63.06296
   87    1    1     2341.10650     1851.02751      833.73305        3.05243       54.18863        0.00359        0.03490        0.33801       18.70000        0.08865        1.44334        0.29123       19.42321        0.08910        0.00441        0.04677        1.50752       43.34808        0.00229        0.03730       15.72976        0.06414        0.23826        1.50599       20.68838        0.10708        0.04541        0.00152      300.00000       62.27182
   88    1    1     1354.92842     1831.43952      525.29598        3.38824      109.50593        0.01465        0.11293        0.64700        9.60000        0.20710        1.08718        0.64738       13.00730        0.04183        0.02099       -0.00044        0.69198      103.78461        0.01313        0.13029       12.93632        0.31190        0.93232        0.68459       12.26445        0.03655        0.01551        0.00738      300.00000       33.49154
   89    1    1     1252.19193    80121.86264    33429.58118        3.20171      129.36719        0.02044        0.17896        1.30716       27.50000       81.16313        0.42685        1.30771        3.09584        0.00238        0.00011       -0.00049       31.15131      121.57146        0.01801        0.11917       33.35785        0.17510       51.63473       31.15184        1.69328        0.00071        0.00001       -0.00053      300.00000       25.96164
   90    1    1     1819.77411     8721.47985     4071.26594        4.60156      130.06762        0.02066        0.07692        0.39734       13.40000        8.28888        1.34137        0.39319        4.56715        0.00509        0.02148        0.00413        1.39706      133.93607        0.02186        0.08388       11.31695        2.59050        6.03929        1.39080        1.24643        0.00039        0.01878        0.00625      300.00000       25.93215
   91    1    1     2669.49694     2075.75189      483.77846        4.81560      100.13839        0.01225        0.04056        1.04761       16.40000        0.76128        0.68649        1.04807        2.88525        0.00207        0.01418       -0.00049        1.62722       96.17078        0.01124        0.03449       18.44883        0.80869        0.06432        1.62647        4.74297        0.00562        0.01285        0.00075      300.00000       41.27677
   92    1    1     2526.16893     4699.64047     1822.16689        1.58793       30.14950        0.00111        0.04292        1.30809       30.00000        3.85864        0.45318        1.28139        4.58209        0.00502        0.03240        0.02671        1.38923       16.37428        0.00033        0.01046       40.44001        0.66434        3.57369        1.38132        6.77124        0.01113        0.05217        0.00791      300.00000      135.00530
   93    1    1     4009.48670     1844.79795      711.71351        0.40705        6.05501        0.00004        0.02698        1.62724       14.90000        0.41664        0.15251        1.58206        4.01880        0.00419        0.00157        0.04523        1.36701       26.68938        0.00087        0.01203       13.91354        0.33528        0.46264        1.36712        4.45149        0.00493        0.04640       -0.00011      300.00000      112.62199
   94    1    1     1625.76025     2736.24445     1178.52331        8.77764      138.13154        0.02330        0.00694        0.12607       17.10000        1.55659        1.60807        0.12650        7.39361        0.01358        0.01593       -0.00047        2.88199      138.21176        0.02331        0.00681       17.19510        0.05488        0.36931        2.86712        7.39440        0.01391        0.00026        0.01487      300.00000        0.43721
   95    1    1     1750.97962     1832.98170      586.26924        3.63048      103.38974        0.01306        0.08600        0.88548       13.10000        0.26481        0.90220        0.83236        9.15830        0.02182        0.00780        0.05301        0.99954       96.66267        0.01140        0.06788       10.53346        0.17920        0.86522        0.95557       12.93379        0.03957        0.01835        0.04398      300.00000       15.75099
   96    1    1     2248.07092     1730.62231      689.82836        0.49129        6.05118        0.00004        0.01848        1.00115       21.20000        0.18377        0.73665        0.99792       12.38275        0.03749        0.03531        0.00323        1.34022       20.53167        0.00051        0.03036        9.62337        0.13148        0.43483        1.33165       13.37919        0.04526        0.03024        0.00857      300.00000      163.81732
   97    1    1     1081.99686     1678.48792      643.26537        2.90820      118.45261        0.01714        0.18548        1.23818        7.40000        0.01060        0.50358        1.23098        2.52641        0.00155        0.00048        0.00724        0.08168       87.76784        0.00940        0.13810       27.06341        0.09173        1.60387        0.07764       10.50177        0.02772        0.00451        0.00404      300.00000       77.96174
   98    1    1     2889.63734     1834.31002      721.57675        1.38646       42.64610        0.00222        0.11333        1.20937       26.30000        0.08841        0.52669        1.20787       14.25031        0.05080        0.01163        0.00153        1.01431       25.90676        0.00082        0.00619       60.81672        0.33400        0.61906        1.01327        7.89605        0.01558        0.01251        0.00104      300.00000      129.63695
   99    1    1     2848.44860     1522.31644      687.68382        7.81952       95.71491        0.01119        0.00711        1.25823        6.70000        0.05781        0.47888        1.25569        3.51872        0.00310        0.00000        0.00256        0.65797       95.09623        0.01103        0.00742        6.41930        0.26789        0.86614        0.65815        3.51931        0.00306        0.00281       -0.00018      300.00000        3.15165
  100    1    1     2921.22460     1910.89898      893.59329        3.71977       52.01277        0.00330        0.02058        0.02635       16.60000        0.29171        1.70790        0.02666       14.57181        0.05279        0.00635       -0.00027        0.44193       69.80207        0.00594        0.02606       14.42156        0.21817        1.36030        0.44100       14.43468        0.05121        0.00539        0.00093      300.00000       24.33804
