    1    1    1     1828.80188     1802.32298      571.15998        6.10738      145.71602        0.02593        0.04359        0.51189       11.50000        0.39601        1.22796        0.50661        8.75492        0.01930        0.00067   -33197.37857        1.10709      143.36880        0.02509        0.04375       12.03448        0.53110        0.49289        1.10722        8.75241        0.01906        0.00637       -0.00014      300.00000        2.58189
    2    1    1     2006.74197     1574.55004      684.18370        3.62094       81.27666        0.00807        0.05347        1.25013        5.40000        0.01624        0.49112        1.24345        5.35425        0.00723        0.01697        0.00670        1.63436       82.02493        0.00820        0.06067        8.72286        0.06518        0.03999        1.63323        6.95124        0.01208        0.02275        0.00113      300.00000       12.69228
    3    1    1     1439.84072     9068.38786     3611.04399        6.69396      188.65285        0.04347        0.05354        1.63043       18.90000        8.86029        0.10760        1.62697       11.28903        0.03115        0.04151        0.00337        8.21716      189.10010        0.04351        0.05322       19.01309        0.29701        2.08328        8.21482       11.29624        0.03198        0.04184        0.00234      300.00000        1.63193
    4    1    1     1840.03462     3423.88872     1562.34713        1.90857       43.56636        0.00232        0.06132        0.98497        7.30000        2.26636        0.75503        0.97954        6.12320        0.00913        0.00153        0.00551        0.56556       41.18053        0.00207        0.03571       23.33351        0.32973        3.13014        0.56023        8.23400        0.01652        0.00093        0.00533      300.00000      111.92030
    5    1    1     2911.62177     1630.93741      803.17646        1.61191       17.95485        0.00039        0.01476        0.64902        1.00000        0.00187        1.10008        0.63449       10.73267        0.02929        0.07073        0.01451        1.02342       18.67360        0.00042        0.02420        7.87254        0.10760        0.59856        1.01609       11.61589        0.03279        0.07914        0.00733      300.00000      133.37712
    6    1    1     2979.86473     9603.89066     4166.77385        3.59885       44.74756        0.00245        0.01644        0.45194       22.50000        9.43412        1.31050        0.42406        3.34181        0.00287        0.00008        0.02788        4.93989       35.49659        0.00154        0.02701       14.93475        2.57503        3.64570        4.93171        5.85450        0.00832        0.02088        0.00818      300.00000       67.12118
    7    1    1     1751.27708   108400.74653    46353.85634        5.10717      145.94087        0.02601        0.07372        0.90311       17.30000      110.38291        0.84162        0.89294       10.07976        0.02573        0.00903        0.01016       53.85176      145.46773        0.02582        0.07347       19.20749        0.09715       58.19566       53.83162        8.70214        0.01818        0.00011        0.02015      300.00000       17.79571
    8    1    1     2446.34129     1753.54230      840.06044        4.69432      101.39699        0.01256        0.04442        1.29051       23.00000        0.02920        0.44421        1.29036        3.04831        0.00229        0.06358        0.00021        0.09499       97.72103        0.01162        0.03955       15.04735        1.30047        0.38134        0.06620        9.85314        0.02317        0.03564        0.02878      300.00000       23.43664
    9    1    1     4147.74593     7833.40400     3722.11025        2.82839       27.47469        0.00092        0.01060        0.16339       16.20000        7.40258        1.57460        0.15997        9.46186        0.02188        0.01368        0.00346        5.44731       15.49782        0.00029        0.07586       31.04944        1.39046        2.25769        5.42215        7.98521        0.01525        0.00081        0.02516      300.00000      111.40522
   10    1    1     2806.34619     1419.30599      655.28685        1.00392       14.79260        0.00027        0.02625        1.41864       12.70000        0.01127        0.31770        1.41686        5.98161        0.00896        0.01336        0.00179        1.44147       26.23804        0.00084        0.01814       12.16486        0.00646        0.31205        1.42622        8.23789        0.01727        0.00023        0.01525      300.00000      115.72185
   11    1    1     2438.24389     2636.86492     1091.22259        7.05954      115.31377        0.01624        0.01635        1.23722       19.30000        1.31760        0.49776        1.23681        9.82303        0.02406        0.00613        0.00039        0.41231      115.29159        0.01620        0.01603       19.50176        1.10110        1.54531        0.40614        9.82238        0.02432        0.00007        0.00617      300.00000        4.72388
   12    1    1     1815.75866     6197.28613     3091.89789        2.04622       45.36234        0.00251        0.05751        1.59914       30.80000        5.12784        0.14891        1.58565        6.38146        0.01035        0.03978        0.01351        0.90758       57.65196        0.00406        0.04827       25.03892        0.48724        5.44429        0.90539       13.07490        0.04283        0.05178        0.00219      300.00000       88.57549
   13    1    1     6484.55307     4999.39177     2236.28527        0.89908       12.17354        0.00018        0.02221        0.51677       25.80000        4.10605        1.21724        0.51733        4.64275        0.00534        0.00001       -0.00053        2.68076        5.88694        0.00004        0.00867       32.92056        1.90739        1.23778        2.68117       11.58365        0.03317        0.00001       -0.00042      300.00000       82.08613
   14    1    1     3257.77590     1681.16625      769.25824        2.73038       50.83460        0.00316        0.03918        0.84253       22.10000        0.10913        0.91441        0.82016        2.76132        0.00183        0.00045        0.02234        1.13669       57.28918        0.00401        0.01224       22.69736        0.04147        0.69958        1.11292        8.33852        0.01665        0.00003        0.02377      300.00000       21.33142
   15    1    1     2873.43432     7883.63111     3565.91021        0.92397       12.55556        0.00019        0.02236        0.16362       40.60000        7.73676        1.57460        0.15997        8.42710        0.01784        0.05760        0.00363        4.15500       12.32911        0.00019        0.01204       43.87272        0.97495        4.37587        4.12725        9.22916        0.02034        0.03456        0.02775      300.00000      155.91327
   16    1    1     1190.44587     1798.66131      557.52216        8.90729      182.67395        0.04076        0.01061        1.32896       14.70000        0.34680        0.42742        1.30715        6.31880        0.00957        0.00055        0.02176        0.92311      182.58049        0.04063        0.01071       14.70756        0.45619        0.72429        0.90090        6.31932        0.00957        0.00017        0.02220      300.00000        0.39882
   17    1    1     2845.39803    18086.68185     8005.44873        3.54018       74.47479        0.00677        0.04728        0.69667       23.50000       18.77043        1.05645        0.67811       13.68800        0.04781        0.00172        0.01866        9.84622       77.99754        0.00743        0.02137       23.07951        0.41938       10.26400        9.81772       16.31287        0.06352        0.00524        0.02850      300.00000       10.41439
   18    1    1     1960.49066     1949.53859      784.18644        7.17316      137.17509        0.02298        0.02168        0.25772       26.30000        0.43632        1.49012        0.24444       19.89793        0.09561        0.00170        0.01335        1.03484      137.16840        0.02291        0.02129       26.47477        0.04282        1.10010        1.02842       19.89932        0.09635        0.00784        0.00641      300.00000        0.19869
   19    1    1     2745.23463     1714.81681      669.68953        8.75264       81.76105        0.00816        0.00249        1.30637       24.60000        0.10864        0.42764        1.30693       19.96646        0.09877        0.00175       -0.00055        1.09640       81.72336        0.00814        0.00249       24.59364        0.12859        0.61897        1.09564       19.96624        0.09801        0.00124        0.00076      300.00000        1.24782
   20    1    1     3114.46571     5149.61592     2097.27999        8.41077       74.99559        0.00687        0.00284        0.40167       20.60000        4.40855        1.36018        0.37438       12.45683        0.03983        0.05637        0.02729        0.90349       75.10552        0.00689        0.00287       20.57913        1.00112        4.23801        0.90393       12.45658        0.03851        0.08543       -0.00045      300.00000        3.88304
   21    1    1     1498.74941   110136.87288    45912.38890        2.92132       93.69868        0.01072        0.11492        0.01345       13.00000      111.87681        1.73292        0.00165        9.16689        0.02132        0.01370        0.01178       25.66369       98.04338        0.01174        0.07083       24.34459        0.02357       87.93085       25.66109       14.39762        0.05198        0.03118        0.00260      300.00000       46.49717
   22    1    1     1433.94774    25738.11411    10625.77001        2.71731       59.89937        0.00438        0.05496        1.29965       45.90000       26.72560        0.43718        1.29739       19.42298        0.09240        0.04556        0.00228       21.89711       45.37066        0.00251        0.16977       67.39405        0.78662        5.75104       21.88298        6.16876        0.00918        0.04350        0.01414      300.00000      101.22028
   23    1    1     3242.03429     1653.83961      653.21091        3.69802       56.63244        0.00392        0.02473        1.06836       17.20000        0.09650        0.67178        1.06279       13.99454        0.04771        0.00558        0.00561        0.80172       51.62146        0.00325        0.01375       19.75394        0.06858        0.96799        0.79956       14.90902        0.05446        0.00882        0.00216      300.00000       22.29655
   24    1    1     3699.73187     2005.86059      734.22278        4.25937       81.10776        0.00803        0.03625        1.07126       11.30000        0.54706        0.67178        1.06279        9.13634        0.02026        0.00488        0.00852        1.14511       91.29390        0.01017        0.04255       10.52479        0.88273        0.25996        1.14454        4.91567        0.00603        0.01297        0.00057      300.00000      112.57408
   25    1    1     1793.44650     3866.71689     1356.19638        7.07825      149.42129        0.02727        0.02716        0.89929       27.00000        2.72576        0.88355        0.85101        5.43450        0.00697        0.00289        0.04824        3.43857      149.70320        0.02736        0.02697       27.08380        0.52977        0.53095        3.39983        5.41337        0.00757        0.01168        0.03875      300.00000        0.76376
   26    1    1     2366.27751     1755.89341      750.75582        5.14885      122.22038        0.01824        0.05057        0.72365       21.40000        0.08428        1.01500        0.71957       15.47137        0.05843        0.00405        0.00412        1.75146      112.51192        0.01542        0.04054       26.62236        0.06735        0.02103        1.74325       15.48226        0.05819        0.00025        0.00821      300.00000       33.40205
   27    1    1     2395.52013     1482.03725      582.66905        5.86899      114.38873        0.01598        0.03041        1.31461        9.90000        0.02218        0.43892        1.29564        4.68096        0.00527        0.00876        0.01886        0.72735      110.88759        0.01500        0.02653       14.12841        0.58027        0.48205        0.69969        4.54534        0.00493        0.00000        0.02766      300.00000        8.85402
   28    1    1     1713.67527     2824.84192      877.61217        5.26598      149.40548        0.02726        0.07105        1.03904       27.20000        1.32939        0.70355        1.03101       10.80536        0.02835        0.00057        0.00795        0.89333      152.81828        0.02844        0.06953       29.20936        2.11823        0.06654        0.88515        9.70805        0.02288        0.00028        0.00818      300.00000       12.79936
   29    1    1     1279.07677     2314.11204      515.27922        8.58320      184.05307        0.04137        0.01479        1.16865       16.70000        1.02506        0.60062        1.13395        3.41972        0.00278        0.00000        0.03464        0.78395      184.13825        0.04137        0.01483       16.68386        0.77532        1.19999        0.78430        3.41630        0.00290        0.03491       -0.00035      300.00000        0.65880
   30    1    1      938.59467     1719.47813      639.29615        8.74251      243.37529        0.07234        0.02231        1.34799       28.60000        0.11708        0.39003        1.34454        6.83325        0.01173        0.00639        0.00345        0.61636      243.29967        0.07219        0.02239       28.63384        0.43877        0.79915        0.61382        6.83274        0.01171        0.00729        0.00254      300.00000        0.20058
   31    1    1     1902.02463     1551.64379      634.49915        5.53896      141.50081        0.02445        0.05525        0.78785        1.00000        0.00179        0.97276        0.76181        7.85061        0.01473        0.00006        0.02612        1.08350      134.72753        0.02215        0.05412        6.92936        0.00463        0.65139        1.08272        8.10300        0.01614        0.02497        0.00078      300.00000       13.72066
   32    1    1     1216.19012     1747.61736      591.91565        7.08612      221.23252        0.05978        0.05927        1.35251       12.90000        0.13949        0.40372        1.33084       13.78276        0.04556        0.03057        0.02167        0.84002      221.38582        0.05969        0.05996       12.37245        0.11099        0.93084        0.83155       13.78282        0.04611        0.04329        0.00848      300.00000        0.39540
   33    1    1     1263.33026     2143.97022      639.31113        4.69438      181.37066        0.04018        0.14213        0.29597       24.00000        0.37527        1.44593        0.28864       15.52964        0.06089        0.02468        0.00739        1.00273      183.07353        0.04076        0.14015       24.42637        0.12782        0.98976        0.99272       15.57002        0.06139        0.02243        0.01001      300.00000        6.75648
   34    1    1     1231.53574     2045.00515      757.91226        7.41818      216.58283        0.05729        0.04682        1.07807       19.80000        0.40279        0.65823        1.07634       11.46647        0.03224        0.01331        0.00173        0.35307      216.86164        0.05741        0.04670       19.81599        0.91561        0.87865        0.34314       11.46817        0.03187        0.00544        0.00993      300.00000        0.52722
   35    1    1     5808.07227     1732.08433      537.78415        5.54547       66.61480        0.00542        0.01220        0.96223       16.40000        0.28840        0.77218        0.96238       12.05293        0.03615        0.00518       -0.00017        1.02084       68.19879        0.00566        0.02336       13.83668        0.27902        0.72520        1.02132        9.51886        0.02250        0.00520       -0.00048      300.00000      164.16300
   36    1    1     3123.63050     8106.92608     3217.17046        4.45068       75.92223        0.00704        0.02850        1.02188       29.10000        7.84176        0.71528        1.01929       11.53816        0.03259        0.01884        0.00254        5.84241       73.92541        0.00667        0.02159       25.85745        0.62894        3.11548        5.82340       14.08302        0.05062        0.00017        0.01901      300.00000       27.26119
   37    1    0       93.77167******************************        7.65632       92.36574        0.01042        0.00736        1.57023       16.00002 34447382.57276      -70.52676        1.57054        3.16345        0.00249        0.00079       -0.00036  3278782.57019        0.00000        0.00000        0.00000       93.73678        0.00563 31168531.14814  3278782.57019        0.00000        0.00000        0.00000        0.00000      300.00000        0.00000
   38    1    1     1598.10535    12968.32514     6104.38337        3.76796       98.60290        0.01187        0.07176        1.40337       36.80000       13.01493        0.33318        1.40138        1.28269        0.00041        0.00341        0.00199        7.74293       64.51339        0.00508        0.08541       31.40295        0.72340        6.26373        7.73785        8.37964        0.01768        0.00069        0.00508      300.00000       52.99177
   39    1    1     1768.85315    57838.08838    25036.40446        7.45099      153.80978        0.02889        0.02315        1.25421       29.60000       60.17400        0.49003        1.24453        5.39022        0.00736        0.01273        0.00969       21.06737      154.32687        0.02908        0.02291       29.69737        1.30495       39.55853       21.04516        5.39864        0.00746        0.00009        0.02221      300.00000        2.07091
   40    1    1     2440.42858     1517.24573      574.51858        7.49276      110.25936        0.01485        0.01160        0.91829       14.10000        0.07428        0.81581        0.91875        8.28743        0.01697        0.00292       -0.00042        1.36235      111.05065        0.01504        0.01204       13.60289        0.08235        0.36449        1.36130        8.28721        0.01716        0.00130        0.00105      300.00000        1.03712
   41    1    1     1158.03127     9578.66471     3887.55183        5.64532      218.60919        0.05837        0.12478        0.16023       19.10000        9.00830        1.57386        0.16071       12.43139        0.03831        0.00383       -0.00052        1.13837      219.29492        0.05867        0.12442       19.50313        0.72069        8.88809        1.13453       12.37268        0.03739        0.00005        0.00384      300.00000        1.54342
   42    1    1     4434.87829     1910.64238      529.97325        7.20997       58.88519        0.00423        0.00391        1.54525       26.90000        0.50167        0.19732        1.53725        6.17911        0.00927        0.00040        0.00805        0.50865       58.32751        0.00415        0.00395       26.82408        1.19220        0.53550        0.50833        6.23952        0.00970        0.00791        0.00032      300.00000        5.08640
   43    1    1     1846.55432     1665.32613      521.10347        7.96072      140.88769        0.02424        0.01401        1.29766       21.10000        0.28431        0.45314        1.28142        9.41712        0.02136        0.00201        0.01630        0.91475      140.68380        0.02414        0.01447       20.93741        0.29027        0.81324        0.91502        9.41678        0.02205        0.01783       -0.00027      300.00000        0.14494
   44    1    1     2778.78958    15568.20199     6515.88849        1.49350       30.24071        0.00112        0.04896        1.70468       38.60000       16.19090        0.02938        1.70518       12.40403        0.03817        0.00579       -0.00053        7.05849       54.50719        0.00362        0.02484       26.74740        1.11894        9.71828        7.05882       19.51357        0.09464        0.00018       -0.00033      300.00000       73.91555
   45    1    1      874.94117   612085.05311  2163202.08538        1.96678       59.56891        0.00433        0.10770        1.30725       16.00000        0.16834        0.43662        1.29794        1.07899        0.00028        0.00266        0.00924     -971.17190     2868.36601        9.89162      238.72143      712.92925      241.94192      475.91771      254.04421     2829.85657        6.05578        0.66457    -1225.21610      300.00000       96.26427
   46    1    1     2051.93184     4642.19785     2251.12818        7.27845      130.30199        0.02074        0.01841        0.76590       22.30000        3.38618        1.00969        0.72488        4.81660        0.00550        0.00018    -1235.07409        1.31055      130.23362        0.02069        0.01844       22.28365        3.10055        0.70922        1.31093        4.84718        0.00581        0.04133       -0.00038      300.00000        0.92949
   47    1    1     1214.29022     6327.88031     2967.02855        8.94817      175.84096        0.03776        0.00940        1.49713       13.10000        5.25420        0.23696        1.49761        9.21700        0.02107        0.01093       -0.00051        4.89975      175.89136        0.03778        0.00936       13.14584        0.08602        2.01400        4.88883        9.21685        0.02056        0.00000        0.01092      300.00000        0.45970
   48    1    1     4074.62209     2390.50785     1017.74149        3.67265       76.82552        0.00721        0.04623        0.11637        9.40000        0.99185        1.61887        0.11570       11.13040        0.03093        0.00135        0.00072        1.48249       61.03531        0.00455        0.00994       31.60440        0.12598        1.16300        1.48098       10.18666        0.02546        0.00139        0.00151      300.00000       58.71523
   49    1    1     2037.45564     1563.72581      640.47032        6.91092      134.54292        0.02211        0.02418        0.53303        3.10000        0.03890        1.21394        0.52062        7.47581        0.01419        0.00880        0.01236        1.42318      135.70646        0.02248        0.02390        2.92227        0.01407        0.35247        1.40688        7.47797        0.01424        0.00481        0.01631      300.00000        3.07558
   50    1    1     1280.13428     5246.45763     2088.08523        7.63821      207.00230        0.05233        0.03737        1.28078       19.80000        4.46815        0.46206        1.27250        8.16767        0.01686        0.00001        0.00821        4.58414      206.92579        0.05221        0.03722       19.93562        0.20257        1.42277        4.57769        8.15864        0.01620        0.00246        0.00645      300.00000        0.41841
   51    1    1     1511.69972     2051.93385      607.81120        2.12416       49.71214        0.00302        0.06387        1.61544       40.20000        0.55354        0.13307        1.60150        5.13765        0.00637        0.00856        0.01402        0.33011       77.80183        0.00736        0.12836       12.19365        0.86418        1.03422        0.32516        4.03190        0.00396        0.01568        0.00496      300.00000       74.66619
   52    1    1     3604.12555     1548.79613      693.83005        2.38678       31.98519        0.00125        0.02068        1.45633        3.50000        0.04560        0.28164        1.45292       14.80381        0.05356        0.07096        0.00342        0.47597       49.56127        0.00300        0.01034       15.53037        0.01302        1.30968        0.46941       14.33131        0.04996        0.06806        0.00655      300.00000       33.82212
   53    1    1     5422.22696     1901.30681      919.22049        8.59975       42.53412        0.00221        0.00078        1.08090       10.00000        0.47842        0.65358        1.08098        0.82869        0.00017        0.00326       -0.00013        0.06760       42.45145        0.00220        0.00081       10.03701        0.06399        2.08452        0.06450        0.85858        0.00018        0.00001        0.00310      300.00000        2.64920
   54    1    1     1570.06753   215517.43315    86604.33473        1.57210       33.28988        0.00135        0.05341        0.43866       41.00000      215.98318        1.34278        0.39179       14.87157        0.05223        0.00000        0.04681      139.95189       44.07251        0.00237        0.07603       20.63064        0.02293       77.69648      139.93715       21.88966        0.12188        0.00007        0.01474      300.00000      131.51359
   55    1    1     1796.23970     1710.37818      673.47272        6.84446      148.95600        0.02710        0.03075        1.09074       26.80000        0.20918        0.64743        1.08713        6.28493        0.00965        0.01067        0.00363        1.26116      149.41932        0.02722        0.03182       26.32524        0.08613        0.60943        1.24688        6.30475        0.00959        0.00016        0.01428      300.00000        0.55197
   56    1    1     3217.41709     2187.44088      851.06742        3.76998       68.10942        0.00567        0.03420        0.12310       17.10000        0.88752        1.61232        0.12225        5.13135        0.00658        0.00096        0.00086        0.90140       53.79682        0.00353        0.01069       29.45316        0.13195        1.62029        0.89962        3.14542        0.00243        0.00004        0.00178      300.00000       30.08036
   57    1    1     1656.77752     2434.55696      791.87005        1.33369       28.25268        0.00097        0.05383        0.52775       18.50000        1.08355        1.22807        0.50649        2.32187        0.00129        0.00010        0.02119        1.17800       21.76835        0.00058        0.03205       15.74716        0.47483        1.18224        1.15540       10.78364        0.02787        0.00001        0.02260      300.00000      145.32315
   58    1    1      999.13084     1881.51586      768.48714        8.47634      242.60195        0.07188        0.02816        1.30129       12.30000        0.26123        0.43405        1.30052        2.90272        0.00207        0.00151        0.00077        1.55194      242.69218        0.07167        0.02835       12.36399        0.25727        0.18612        1.55249        2.90028        0.00208        0.00276       -0.00055      300.00000        0.21171
   59    1    1     5055.62989     1724.49423      605.70699        5.35774       65.62094        0.00526        0.01306        1.37233       11.00000        0.44979        0.36173        1.37283        7.50138        0.01392        0.00965       -0.00051        1.17089       58.63060        0.00419        0.00793       22.64693        0.32025        0.71916        1.16535        1.47897        0.00055        0.00279        0.00554      300.00000       54.60257
   60    1    1     1289.29454     3455.84177     1220.36858        0.34424       10.34842        0.00013        0.11024        1.43386       25.30000        2.26502        0.31161        1.42296        1.64187        0.00065        0.00201        0.01091        2.14602       12.82318        0.00020        0.12077       27.84906        0.67036        1.17222        2.14253        5.01109        0.00614        0.00782        0.00349      300.00000      163.33269
   61    1    1     2545.16181     2491.91792      582.18597        6.63692      109.61809        0.01468        0.01864        1.33825       27.20000        1.02738        0.39808        1.33649       13.37384        0.04477        0.00708        0.00173        1.69111      111.33829        0.01513        0.01869       27.04229        0.95567        0.11429        1.69153       13.37374        0.04420        0.00980       -0.00042      300.00000        6.82392
   62    1    1     1512.16025     1593.63329      664.85934        5.39198      172.62314        0.03639        0.08879        1.52612        0.90000        0.00004        0.21183        1.52274        5.27935        0.00700        0.00021        0.00339        0.42912      166.02997        0.03363        0.08722        6.60413        0.00226        1.30543        0.42921        6.00933        0.00899        0.00378       -0.00010      300.00000       11.71472
   63    1    1     2959.39811     1708.03540      764.31419        4.85446       91.07969        0.01013        0.03286        1.64686       24.70000        0.15048        0.08724        1.64732        6.62262        0.01085        0.00903       -0.00049        1.63812       78.50491        0.00749        0.01596       20.20880        0.17349        0.06445        1.63621       12.92609        0.04096        0.00700        0.00190      300.00000        8.67498
   64    1    1     1760.72755     2155.59624      700.14062        3.16039       71.46397        0.00624        0.05621        0.99527       21.50000        0.75621        0.76253        0.97203        0.85732        0.00018        0.00195        0.02324        0.88512       72.76833        0.00645        0.05352       22.42664        1.36469        0.24263        0.88549        1.69400        0.00071        0.02547       -0.00037      300.00000       64.39880
   65    1    1     3646.16556     2183.57153      555.63868        6.38422       75.49560        0.00696        0.01012        1.38399       17.20000        0.87514        0.35059        1.38397       15.13624        0.05704        0.02588       -0.00003        0.84362       77.40267        0.00731        0.01029       16.91739        0.91397        0.85221        0.84304       15.13596        0.05716        0.02518        0.00058      300.00000        6.21110
   66    1    1     3344.84224    18603.90501     8157.39927        0.84721       11.56308        0.00016        0.02259        0.79275        6.30000       19.15479        0.97790        0.75667        7.74414        0.01547        0.00000        0.03607        4.07243       15.85209        0.00031        0.01419       14.36760        0.02692       16.83934        4.04192        4.30090        0.00476        0.00569        0.03052      300.00000      130.57592
   67    1    1     2993.71043     1641.59552      573.96112        2.50591       23.75782        0.00069        0.01029        1.13086       24.20000        0.11971        0.63328        1.10128        8.71638        0.01812        0.04325        0.02961        1.04562       20.86951        0.00053        0.03885       26.12494        0.23986        0.55228        1.04418        6.10512        0.00932        0.06975        0.00144      300.00000      102.66952
   68    1    1     3896.21380     1430.51289      617.88469        4.33211       53.62866        0.00351        0.01520        1.22586        9.50000        0.02998        0.50872        1.22585        9.36777        0.02185        0.00497       -0.00008        0.45356       40.98605        0.00205        0.01412       10.81031        0.25822        1.05138        0.45297       10.31919        0.02619        0.00457        0.00058      300.00000       19.71431
   69    1    1     2059.21973     9573.36261     4304.26106        3.79724       75.89414        0.00703        0.04175        1.36838        9.20000        9.10090        0.36616        1.36840        4.66809        0.00543        0.02737       -0.00002        4.31979       76.79940        0.00718        0.04387        9.80141        0.04610        6.49293        4.30356        2.26866        0.00124        0.00588        0.01624      300.00000       37.43953
   70    1    1     2346.95319     1643.41962      709.48130        5.04586      117.00714        0.01672        0.04895        1.50152       10.70000        0.06960        0.24542        1.48915        6.14776        0.00959        0.00555        0.01231        1.57116      108.61251        0.01436        0.04214       10.12714        0.06503        0.17875        1.55956        8.83295        0.01887        0.00703        0.01160      300.00000       30.90450
   71    1    1     1907.20725    13447.82881     5909.20695        3.98524       95.58548        0.01116        0.05910        1.03026       26.70000       13.59143        0.70694        1.02762       18.09734        0.08213        0.00198        0.00264       11.55672       80.64798        0.00791        0.04456       26.84435        0.16227        3.62015       11.55213       19.32045        0.09107        0.00035        0.00458      300.00000       37.69412
   72    1    1     1700.23681     3120.61078     1129.67058        1.92133       45.40205        0.00252        0.06568        1.24409       23.80000        1.95479        0.49929        1.23528        7.24082        0.01272        0.00024        0.00886        2.01993       49.48320        0.00297        0.06923       29.08782        1.05968        0.61393        2.01628        6.04150        0.00892        0.00469        0.00365      300.00000      101.88038
   73    1    1     2886.34046    17276.89759     7706.47629        5.08894       97.52237        0.01162        0.03324        1.03746        7.40000       17.91304        0.69677        1.03779       11.76767        0.03440        0.02440       -0.00040       17.11651       95.27378        0.01105        0.02672       13.62176        0.01423        2.53576       17.10466       11.78804        0.03360        0.01305        0.01184      300.00000       37.77636
   74    1    1     2991.64368     2177.08578      894.09461        0.79903       23.48439        0.00067        0.10483        1.10221       28.70000        0.55672        0.66156        1.07300       10.07859        0.02610        0.02776        0.02913        2.04725       15.66154        0.00030        0.00611       17.75232        0.02343        0.24961        2.04067       19.66966        0.09412        0.05904        0.00658      300.00000      133.90872
   75    1    1     1694.96014   724496.96664   284493.65623        7.72292      156.66919        0.02998        0.02028        0.58013       26.90000      695.98690        1.15623        0.57833       13.92529        0.04855        0.00061        0.00183      154.49928      156.65026        0.02997        0.02013       26.87620        0.14719      543.07568      154.49887       13.92545        0.04773        0.00285        0.00041      300.00000        0.44348
   76    1    1     2479.97264     1636.79471      651.54023        7.74288      109.00139        0.01451        0.00969        0.74590       17.00000        0.10553        0.98848        0.74609       15.60512        0.06056        0.00152       -0.00023        1.13274      108.51355        0.01437        0.00940       17.23890        0.37307        0.33496        1.13250       15.60504        0.06069        0.00097        0.00023      300.00000        1.89497
   77    1    1     2195.81564     1576.57013      626.06265        0.06133        1.80880        0.00000        0.10623        1.21064       22.20000        0.06898        0.52559        1.20897        5.15647        0.00652        0.00003        0.00173        1.48456       45.02908        0.00247        0.01435       38.99332        0.08470        0.28716        1.48362       13.49810        0.04477        0.00001        0.00094      300.00000      117.37855
   78    1    1     5012.01769     1698.91477      471.68142        4.25242       33.31782        0.00136        0.00614        1.51927       18.40000        0.30657        0.21807        1.51650        5.77871        0.00817        0.00816        0.00276        1.05179       26.66951        0.00087        0.00698       21.52798        0.43642        0.55339        1.05064        5.90488        0.00856        0.00973        0.00115      300.00000       52.64412
   79    1    1     1138.17173     1600.70110      579.00345        8.75758      198.86325        0.04830        0.01468        0.56223       12.30000        0.06786        1.18971        0.54485       15.25056        0.05597        0.00155        0.01740        0.95161      198.97506        0.04829        0.01471       12.29805        0.10899        0.74405        0.94939       15.25029        0.05697        0.01567        0.00223      300.00000        0.49098
   80    1    1     2108.85938     3670.04880     1037.32531        0.51677        7.47967        0.00007        0.02552        1.22514       28.70000        2.49522        0.51505        1.21952       10.19868        0.02533        0.00076        0.00564        1.03904       13.06442        0.00021        0.05501       32.36723        1.98724        1.19458        1.03240        6.64820        0.01075        0.00026        0.00664      300.00000      160.03628
   81    1    1     1813.23113     2755.46642     1016.37927        8.97978      115.94011        0.01642        0.00394        0.77739       17.30000        1.55852        0.97546        0.75910       16.93604        0.06897        0.00365        0.01832        1.71258      115.93705        0.01641        0.00400       17.27623        0.79732        0.79189        1.70384       16.93594        0.06959        0.01256        0.00874      300.00000        0.91549
   82    1    1     5455.02343    84423.70457    34343.22295        5.26749       52.11270        0.00332        0.00864        1.33915       15.70000       85.66942        0.39528        1.33929        5.63889        0.00791        0.00227       -0.00012       16.09104       48.07934        0.00282        0.00548       11.85430        0.03010       71.28186       16.08743        7.64445        0.01428        0.00039        0.00360      300.00000       36.76685
   83    1    1     2875.74482    84050.81717    34085.70830        5.23533       92.60974        0.01047        0.02774        0.02712       34.30000       85.71837        1.71958        0.01499       11.89986        0.03593        0.01133        0.01207        6.68569       96.30086        0.01132        0.03561       38.22953        0.76391       80.03632        6.66879        8.14252        0.01689        0.00082        0.01690      300.00000       37.41159
   84    1    1     1527.43269     1880.48629      628.12450        0.40956       12.93429        0.00020        0.12161        1.06733       13.00000        0.40375        0.67147        1.06309        4.93811        0.00595        0.01174        0.00420        1.19236       18.32476        0.00041        0.05007       16.38645        0.15054        0.85986        1.16841       10.94288        0.02867        0.00015        0.02395      300.00000      160.86645
   85    1    1     2203.19121     1535.00758      677.21164        7.03750      124.92657        0.01906        0.01943        1.28961       13.80000        0.01150        0.44892        1.28565        4.77194        0.00556        0.05443        0.00394        1.71590      124.33702        0.01884        0.01922       14.15918        0.01171        0.07355        1.66132        4.75744        0.00589        0.00341        0.05458      300.00000        2.02159
   86    1    1     2396.00069     1767.75427      541.85419        0.64705        9.34929        0.00011        0.02539        0.90176       29.70000        0.24891        0.84013        0.89444        9.46019        0.02260        0.00271        0.00732        1.04950       20.25241        0.00050        0.02764       19.61035        0.64314        0.24462        1.03983       17.30514        0.07582        0.00038        0.00967      300.00000      153.13929
   87    1    1     2550.71419     1745.89160      799.81560        4.58077       85.51926        0.00893        0.03364        0.52709        3.70000        0.07982        1.21415        0.52042       13.62186        0.04513        0.04138        0.00662        1.71209       75.28194        0.00689        0.02697        9.51803        0.00853        0.12604        1.68453       14.34229        0.04913        0.02047        0.02756      300.00000       12.63946
   88    1    1     1274.13554    59689.23482    24778.05812        4.74528      185.76509        0.04215        0.14502        1.25987       15.20000       60.76846        0.47423        1.26033        9.49907        0.02234        0.00546       -0.00052       48.02006      184.56317        0.04156        0.14989       13.51270        0.02329       14.45120       48.02047       10.11813        0.02544        0.00612       -0.00041      300.00000       13.68381
   89    1    1     2398.62439     1914.66460      667.73995        0.59334        9.33947        0.00011        0.03015        0.58209       13.80000        0.52116        1.15408        0.58049       12.97483        0.04212        0.01269        0.00150        1.20796        5.44724        0.00004        0.02659       15.43046        0.10807        0.96231        1.19665       11.54084        0.03377        0.00364        0.01131      300.00000      170.14683
   90    1    0      920.21269 13209969.79135  4494719.57986        5.27753      101.70945        0.01263        0.03273        1.54433       16.80000    11367.83814        0.19062        1.54394        3.67801        0.00333        0.00048        0.00039     5351.94624        0.00000        0.00000        0.00000       88.55575        0.02967     6016.39268     5351.94624        0.00000        0.00000        0.00000        0.00000      300.00000        0.00000
   91    1    1     3236.14327    10233.37956     4576.98930        3.81762       59.04879        0.00426        0.02496        0.70585       12.00000       10.11795        1.02849        0.70607        3.76990        0.00351        0.05569       -0.00388       11.34285       67.47828        0.00555        0.02811       14.25415        0.01029        0.52535       11.31033        7.31686        0.01378        0.01478        0.03252      300.00000       18.90608
   92    1    1     1013.36075     2156.77793      794.43629        8.07716      252.66658        0.07797        0.04154        0.73196       17.20000        0.62011        1.02849        0.70607       10.53312        0.02653        0.01226        0.02589        1.00616      252.83596        0.07786        0.04195       17.00190        0.69948        0.67976        0.97509       10.53355        0.02854        0.00512        0.03107      300.00000        0.39834
   93    1    1     7358.03084     1784.80927      634.08918        2.63047       37.13132        0.00168        0.02265        1.44053       19.00000        0.38670        0.32174        1.41282        8.36880        0.01672        0.05956        0.02784        0.26478       64.42506        0.00506        0.03303       18.67575        0.42050        1.49243        0.20092        6.29419        0.01035        0.02343        0.06386      300.00000      118.15282
   94    1    1     2207.96974     4128.98691     1757.11598        4.51133       81.63643        0.00814        0.03185        1.06584       21.90000        3.11774        0.66979        1.06477        7.19874        0.01295        0.00016        0.00097        1.39840       77.44994        0.00731        0.03756       18.34777        1.10481        2.34613        1.39736        6.94547        0.01205        0.00022        0.00104      300.00000       32.90315
   95    1    1     3325.55722     1555.36004      720.60800        1.88915       33.81737        0.00140        0.03774        1.08163        6.40000        0.01566        0.65415        1.08041        4.77530        0.00560        0.00029        0.00121        0.35683       50.42116        0.00310        0.00999       25.31455        0.03707        1.38607        0.35568        3.63919        0.00325        0.00017        0.00116      300.00000       48.88450
   96    1    1     2830.44816     2313.14139      996.82133        6.68577       97.23673        0.01155        0.01429        0.60960       11.90000        0.99326        1.13375        0.60082        7.19324        0.01255        0.00855        0.00875        0.97653       95.16632        0.01105        0.01301       13.31982        0.74860        1.00449        0.97657        7.19499        0.01289        0.01699       -0.00005      300.00000        1.68493
   97    1    1     1906.52743   110364.64193    43968.46974        7.07601      142.25816        0.02472        0.02465        0.58585       40.50000      112.34118        1.15573        0.57884        7.38484        0.01326        0.00137        0.00697       91.57299      142.51645        0.02479        0.02469       40.52358        0.92851       21.57383       91.57340        7.37291        0.01350        0.00849       -0.00041      300.00000        0.81775
   98    1    1     1556.51081     1798.43872      796.24319        1.98104       58.01749        0.00411        0.10064        0.52114       14.40000        0.02419        1.24696        0.48760        8.85646        0.02021        0.00173        0.03357        1.58233       32.53060        0.00128        0.06893       30.55952        0.07359        0.14535        1.57515        9.14416        0.02111        0.02636        0.00718      300.00000      101.16668
   99    1    1     6226.92281     1497.82818      588.52369        1.79467       15.70402        0.00030        0.00905        1.12055       16.30000        0.09016        0.61626        1.11830        5.01861        0.00631        0.02627        0.00219        0.79915       16.14681        0.00032        0.00397       12.18254        0.55451        0.48032        0.79014        6.40259        0.00994        0.02070        0.00900      300.00000       97.56231
  100    1    1     2119.46333     5553.25835     2546.70747        4.32150       85.16980        0.00886        0.03858        0.10277       25.80000        4.52871        1.64512        0.08944       12.65024        0.04066        0.02117        0.01340        3.61394       88.78545        0.00957        0.07028       22.43404        0.25704        2.40808        3.58381        9.48095        0.02143        0.00554        0.03012      300.00000        9.71603
