    1    1    1     1046.09060     1907.28033      818.99779        7.31453      257.13433        0.08075        0.07018        0.64835        9.40000        0.18259        1.12636        0.60820        9.49406        0.02330        0.01351   -33197.34373        0.39123      256.88395        0.08001        0.07084        9.46222        0.29448        1.23359        0.38914        9.49337        0.02257        0.05234        0.00209      300.00000        0.49180
    2    1    1     2122.46193     2043.01075      747.54726        3.22462       62.91564        0.00483        0.04166        0.40259       30.30000        0.55783        1.33148        0.40309        5.97772        0.00884        0.00487       -0.00045        0.17817       97.52959        0.01156        0.04930       11.84778        1.18305        0.88059        0.17637       13.80329        0.04770        0.00175        0.00179      300.00000       20.19024
    3    1    1     4410.09420     2723.31354     1199.48887        6.30678       68.53688        0.00574        0.00869        0.43518       42.20000        1.33679        1.31983        0.41474       10.75675        0.02777        0.00222        0.02040        2.89110       68.46171        0.00572        0.00874       41.74267        0.12219        0.07188        2.87528       11.10614        0.02972        0.00684        0.01582      300.00000       22.36847
    4    1    1     2974.22106     3066.16591     1407.00638        6.30678       91.66149        0.01026        0.01554        0.47274       16.70000        1.70109        1.32136        0.41320        8.42707        0.01853        0.00107        0.05954        2.32611       90.85643        0.01006        0.01537       16.90280        0.26627        0.89126        2.27852        8.42485        0.01676        0.01477        0.04759      300.00000        3.59357
    5    1    1     5657.40437     1463.60521      610.82966        5.56351       31.52776        0.00121        0.00271        1.44175        5.60000        0.05218        0.30881        1.42575       13.84564        0.04618        0.01558        0.01603        1.09425       24.39012        0.00072        0.02218       12.21485        0.06788        0.66264        1.06500        9.31948        0.02072        0.00003        0.02925      300.00000       34.11264
    6    1    1     1613.83690     1664.49648      797.29127        8.52786      148.44714        0.02691        0.01009        1.42921       27.00000        0.08017        0.30666        1.42791        6.20634        0.00963        0.00072        0.00131        1.42241      148.42063        0.02690        0.01006       27.01229        0.09950        0.29375        1.42152        6.20787        0.00963        0.00116        0.00089      300.00000        0.09225
    7    1    1    10287.42381     2065.55802      929.35580        4.17866       50.86602        0.00316        0.01494        0.50770       18.80000        0.58785        1.22796        0.50661       10.13018        0.02520        0.00076        0.00111        0.75504       57.39045        0.00402        0.01298       26.05610        0.14955        1.43384        0.75373        6.96492        0.01213        0.00003        0.00131      300.00000       94.48378
    8    1    1     1571.43877     5997.80741     2566.37501        0.01602        0.30818        0.00000        0.04518        0.54368       30.80000        5.21530        1.19077        0.54379        9.37060        0.02167        0.00839       -0.00019        4.56147       23.91035        0.00070        0.12553       32.88944        0.90115        1.38028        4.56006       14.29931        0.05018        0.00567        0.00141      300.00000      166.13852
    9    1    1     1817.59999     1755.56606      539.01960        2.40001       43.31721        0.00229        0.03749        1.22743       22.80000        0.23746        0.51234        1.22223       17.31001        0.07303        0.00022        0.00516        0.59592       31.05620        0.00117        0.08422       32.27681        0.44623        0.95308        0.59651        3.08439        0.00236        0.00728       -0.00059      300.00000      107.44018
   10    1    1     2312.95298     3890.49761     1622.46474        8.18416      112.01050        0.01532        0.00755        1.02051       25.20000        2.71530        0.74192        0.99264        9.97490        0.02376        0.00311        0.02784        1.98718      111.56522        0.01517        0.00754       25.24188        1.07440        1.40937        1.96622        9.97507        0.02388        0.00994        0.02097      300.00000        1.68980
   11    1    1     2790.17373     1637.31987      749.28593        6.91418       96.24188        0.01131        0.01235        0.42268       17.90000        0.06718        1.33085        0.40371        3.59350        0.00330        0.04559        0.01904        1.47565       96.52764        0.01137        0.01268       17.61272        0.02648        0.36364        1.41110        3.67330        0.00316        0.00030        0.06455      300.00000        0.19690
   12    1    1     6471.74934     1575.88070      735.46104        4.93057       29.26766        0.00105        0.00326        0.37835        9.80000        0.04471        1.36463        0.36994        6.02162        0.00917        0.03619        0.00836        1.07280       17.73277        0.00038        0.00377       12.41387        0.05235        0.68375        1.04205        6.21596        0.00921        0.01510        0.03075      300.00000       46.47524
   13    1    1     1252.60372     1728.95567      675.38437        7.59264      212.71445        0.05526        0.04060        1.38864       17.90000        0.12753        0.34895        1.38562        6.89629        0.01163        0.00240        0.00298        1.19374      212.39234        0.05492        0.04021       18.36148        0.16601        0.50615        1.19081        6.89009        0.01191        0.00208        0.00293      300.00000        0.20664
   14    1    1     2815.31564     1772.90560      610.88089        5.77979      103.38918        0.01306        0.02603        0.54477       19.10000        0.31243        1.18932        0.54524       10.35796        0.02658        0.01681       -0.00059        0.16197      105.55654        0.01359        0.02469       20.55437        0.53014        1.37378        0.14608        9.93753        0.02379        0.00103        0.01589      300.00000       25.46538
   15    1    1     4239.57991     1883.75814      868.02702        2.19385       35.17041        0.00151        0.02988        0.40151       18.70000        0.32084        1.33262        0.40194        9.94879        0.02459        0.00383       -0.00039        0.44673       50.68243        0.00314        0.03475       17.00207        0.46857        1.13006        0.44254       11.34877        0.03144        0.00009        0.00419      300.00000        4.68862
   16    1    1     1815.48687   177900.32920    70094.30965        1.76893       45.88506        0.00257        0.07961        1.05534       20.10000      179.99694        0.68013        1.05444       10.64137        0.02828        0.00448        0.00088       92.39157       29.60139        0.00107        0.02886       27.60057        0.03595       89.33933       92.35591       13.84968        0.04948        0.00105        0.03566      300.00000      122.18038
   17    1    1     2436.38363     1536.40952      675.81353        2.61365       44.14085        0.00238        0.03246        0.93794       16.50000        0.02277        0.79713        0.93744        3.09770        0.00239        0.00041        0.00048        0.24227       28.11441        0.00096        0.03439        6.44081        0.07504        1.42584        0.24173        8.23072        0.01690        0.00008        0.00054      300.00000       96.54161
   18    1    1     1583.83791     1715.57752      658.18781        6.67791      169.95426        0.03528        0.04383        1.01895       12.20000        0.16272        0.77460        0.95997        5.49128        0.00708        0.00037        0.05905        0.55699      168.91064        0.03469        0.04504       11.63598        0.10977        1.25278        0.53406        5.49007        0.00771        0.03585        0.02293      300.00000        0.20097
   19    1    1     2419.83563     2114.66899      725.77127        2.04803       28.53805        0.00099        0.02272        0.46462       18.30000        0.49569        1.27129        0.46327       19.35645        0.09369        0.08822        0.00133        0.54146        7.92190        0.00008        0.02234       19.45710        0.64207        1.08774        0.49782       19.16352        0.09512        0.04843        0.04363      300.00000      140.28746
   20    1    1     4106.06591     1643.30028      665.12895        2.63542       54.69710        0.00365        0.04896        0.89437        6.80000        0.18953        0.84366        0.89090        8.40991        0.01776        0.06094        0.00344        1.58919       53.24311        0.00346        0.00663       17.49522        0.02169        0.40489        1.52721       11.21672        0.03286        0.00017        0.06198      300.00000       29.22934
   21    1    1     2010.38645     1640.04334      710.17696        8.19650      125.03962        0.01910        0.00933        0.73901       11.40000        0.11310        1.00279        0.73178       10.15801        0.02605        0.01344        0.00725        0.20568      125.43400        0.01915        0.00916       11.54130        0.50873        1.13395        0.20515       10.15764        0.02538        0.02075        0.00052      300.00000        0.39658
   22    1    1     1720.62009     4363.77927     1880.40295        2.71636       64.92740        0.00515        0.06463        1.12282       25.40000        3.23214        0.63192        1.10265       11.62127        0.03243        0.00018        0.02006        0.77485       68.36296        0.00569        0.06093       17.68210        1.79537        2.40132        0.76605       12.98480        0.04264        0.00846        0.00880      300.00000       70.65430
   23    1    1     1345.50417     1716.39121      743.81083        5.78201      192.70241        0.04535        0.09031        0.42649        2.80000        0.00240        1.32169        0.41287        6.84719        0.01132        0.00374        0.01362        0.74760      195.89930        0.04666        0.08920        1.84013        0.00185        1.00062        0.73427        6.87578        0.01142        0.00396        0.01334      300.00000        4.26371
   24    1    1     2790.13955     5915.90153     2965.72613        1.59644       22.58650        0.00062        0.02382        0.47324       20.10000        5.43628        1.29518        0.43938        9.48988        0.02321        0.00112        0.03380        6.17448       47.49713        0.00276        0.01568       16.69073        0.18547        0.80825        6.16257       12.15039        0.03570        0.03113        0.01191      300.00000       88.94448
   25    1    1     4451.57985    39287.13800    16127.33370        7.39815       62.93731        0.00484        0.00400        0.32835       29.80000       40.91641        1.40566        0.32890        6.56082        0.01068        0.00388       -0.00045        5.44540       63.22674        0.00488        0.00398       29.75159        0.14270       37.06235        5.44586        6.56700        0.01067        0.00386       -0.00046      300.00000        5.67686
   26    1    1     1748.60400     2547.15754     1057.29381        4.42564      116.93871        0.01670        0.06857        0.64718        4.80000        1.14756        1.08719        0.64737       10.85115        0.02907        0.00321       -0.00024        0.32454      123.88682        0.01865        0.07456       11.86107        0.56840        1.99462        0.32509        7.90192        0.01549        0.00320       -0.00055      300.00000        2.00883
   27    1    1     2163.16393     3792.01425     1606.81460        3.67976       65.82989        0.00529        0.03379        0.93125       37.10000        2.90855        0.80276        0.93180        4.57150        0.00517        0.01173       -0.00058        2.40796       69.33897        0.00587        0.06272       29.26602        0.18163        2.02413        2.39590        8.08823        0.01582        0.00042        0.01207      300.00000       39.99107
   28    1    1     2116.67262     2179.94391      675.05266        1.58182       28.09064        0.00096        0.03755        0.51665       18.60000        0.82636        1.22268        0.51189        8.81758        0.01896        0.05199        0.00475        0.64412       45.16964        0.00249        0.03480       20.84429        0.93985        1.03419        0.59469        7.20068        0.01347        0.00624        0.04942      300.00000      108.75291
   29    1    1     3233.22187     1824.31487      805.83455        5.90023       82.75348        0.00836        0.01566        1.58499       24.00000        0.24982        0.17986        1.55470       12.77921        0.03893        0.00501        0.03036        0.21121       81.93669        0.00818        0.01718       23.44327        1.60589        0.20124        0.17584       12.78184        0.03883        0.00011        0.03537      300.00000        8.10043
   30    1    1     1242.87914     2242.50930      713.95975        7.50376      215.17651        0.05655        0.04388        1.64648       24.30000        0.54094        0.17986        1.55470       12.98540        0.03905        0.02510        0.09177        0.63568      214.77590        0.05610        0.04398       24.43049        1.19109        0.45538        0.62938       12.98535        0.04104        0.10860        0.00631      300.00000        0.38209
   31    1    1     1446.19334     1570.75638      620.21908        8.15177      175.73379        0.03772        0.01904        0.97698        4.10000        0.04755        0.76025        0.97431       16.41569        0.06596        0.02057        0.00268        1.71646      176.12188        0.03784        0.01890        4.34274        0.02265        0.05707        1.70250       16.41608        0.06504        0.01011        0.01397      300.00000        0.06746
   32    1    1     2509.73077     8581.66536     3979.09258        6.73660      108.72779        0.01444        0.01738        0.25112       13.40000        8.56963        1.48656        0.24801        9.65652        0.02280        0.01452        0.00313        6.81030      111.36787        0.01512        0.01897       11.38668        0.05215        3.44172        6.80801        9.65423        0.02336        0.01483        0.00229      300.00000        4.49165
   33    1    1     5916.18530     2162.84281      907.49457        3.84234       40.66906        0.00202        0.01166        0.82153       21.60000        0.73099        0.93017        0.80439        2.45380        0.00145        0.00018        0.01712        1.85995       44.17576        0.00238        0.00863       22.09585        0.35460        0.25669        1.85588        3.29128        0.00264        0.01311        0.00407      300.00000       28.71280
   34    1    1     2453.82876     1619.17265      617.34300        2.45069       42.53373        0.00221        0.03458        0.97206       18.20000        0.04611        0.77737        0.95720       13.24188        0.04461        0.01313        0.01484        0.79102       37.66848        0.00173        0.02261       12.45875        0.17886        0.81790        0.76844       17.26677        0.07629        0.00164        0.02257      300.00000       90.29463
   35    1    1     2658.46800     2053.31762      777.65270        0.14222        3.72294        0.00002        0.08367        1.58403       16.60000        0.45238        0.15404        1.58052       11.55077        0.03351        0.00165        0.00341        0.66006       14.88989        0.00027        0.01090       24.15213        1.01063        0.54765        0.65450       17.95656        0.07854        0.00125        0.00556      300.00000      150.72386
   36    1    1     1671.89343     1525.16467      681.53844        2.78336       80.31712        0.00788        0.09382        0.79661        9.40000        0.02743        0.94423        0.79034       11.89392        0.03442        0.00223        0.00628        1.48812       63.79171        0.00495        0.06609       11.24312        0.03639        0.24474        1.48445       16.17247        0.06389        0.00244        0.00366      300.00000       49.83685
   37    1    1     1601.98102     1678.74356      814.89570        8.57770      147.59760        0.02661        0.00956        0.30932       15.40000        0.04060        1.46466        0.26990        5.53473        0.00726        0.03143        0.03934        0.55733      147.58070        0.02653        0.00969       15.35124        0.03029        1.25836        0.48643        5.53411        0.00715        0.00009        0.07090      300.00000        0.61868
   38    1    1     6041.17442     1483.80031      584.92300        0.12821        1.23070        0.00000        0.01125        0.78786       16.20000        0.02720        0.94661        0.78795        9.18180        0.02079        0.01210       -0.00006        0.73672       15.75037        0.00030        0.01049       11.80855        0.81367        0.20509        0.73650       10.56721        0.02750        0.01205        0.00022      300.00000       94.21384
   39    1    1     2012.85446     1899.99594      479.78394        0.30752        5.83476        0.00004        0.04393        1.48486       18.90000        0.48674        0.25717        1.47740        8.44906        0.01735        0.06213        0.00746        1.21064       16.64952        0.00034        0.04243       23.14491        0.48143        0.60708        1.14293        6.00254        0.00843        0.00186        0.06771      300.00000      150.22615
   40    1    1     1557.77174     1669.21431      802.50236        8.20232      161.15307        0.03172        0.01543        0.14430        9.40000        0.00635        1.59083        0.14373       11.10177        0.03075        0.00198        0.00059        0.85081      160.92025        0.03162        0.01537        9.58108        0.00496        0.88573        0.85039       11.10140        0.03073        0.00213        0.00042      300.00000        0.71421
   41    1    1     2130.70005     1756.40337      403.23089        0.79612       17.92878        0.00039        0.06155        1.22774       14.40000        0.30053        0.52306        1.21151        4.12667        0.00434        0.00058        0.01624        1.48589       14.29634        0.00025        0.02004       31.02387        0.47285        0.12035        1.47267        7.61011        0.01399        0.00482        0.01323      300.00000      166.66172
   42    1    1     2079.26076     4553.57854     1564.17152        3.22383       49.66279        0.00301        0.02597        1.37318       38.90000        3.81814        0.36136        1.37320        4.23912        0.00447        0.00765       -0.00004        3.07904       82.15897        0.00822        0.07451       27.37578        0.67649        1.74502        3.07894        1.45452        0.00052        0.00999        0.00011      300.00000       54.22792
   43    1    1     2006.70291     2840.35952      766.92691        0.42374        8.25923        0.00008        0.04632        1.09462       27.30000        1.51607        0.65318        1.08139        5.36287        0.00695        0.00016        0.01332        1.49157       15.42110        0.00029        0.03343       27.74609        1.05221        0.66803        1.48893       15.70227        0.06183        0.01000        0.00265      300.00000      156.50063
   44    1    1     2375.67096     1731.78029      761.70352        4.73781      108.47164        0.01437        0.04965        1.44872       30.40000        0.09458        0.34488        1.38969        5.49128        0.00708        0.00037        0.05903        1.53438      107.02996        0.01398        0.05360       23.75154        0.06342        0.25466        1.49575        8.77385        0.01989        0.01971        0.03863      300.00000       49.55425
   45    1    1     2860.70372     2112.61812      998.95660        4.18425       66.09391        0.00534        0.02514        0.39971       14.90000        0.66213        1.34218        0.39239        5.74539        0.00802        0.00236        0.00730        2.12023       61.77846        0.00466        0.02512        8.70969        0.03428        0.25963        2.11090        1.91090        0.00089        0.00007        0.00933      300.00000        8.82796
   46    1    1     1205.96644     1732.30721      833.33304        8.12192      212.70224        0.05526        0.02851        0.91809        2.70000        0.00405        0.84592        0.88864        3.54235        0.00299        0.04008        0.02954        0.65810      212.46222        0.05506        0.02869        2.53566        0.01062        1.10629        0.62165        3.54329        0.00298        0.03314        0.03645      300.00000        0.24695
   47    1    1     2158.54498     1432.26308      687.07630        1.04190       23.99649        0.00070        0.06408        1.40462        5.60000        0.00192        0.33347        1.40110        5.13887        0.00663        0.00000        0.00347        0.54046       16.51698        0.00033        0.02245       29.74184        0.04240        1.20201        0.53329        3.49285        0.00297        0.00082        0.00716      300.00000      152.85867
   48    1    1     2557.76475    15041.50661     6749.53437        6.57374      106.80618        0.01393        0.01831        0.28894       27.50000       15.35079        1.44664        0.28793        4.40518        0.00485        0.00665        0.00089        7.50025      105.89839        0.01367        0.01849       27.72355        0.09238        9.49682        7.49657        4.26190        0.00456        0.00390        0.00368      300.00000        2.49620
   49    1    1     2136.39252     4113.10957     1892.90475        1.80044       31.52557        0.00121        0.03623        0.40119       27.70000        2.89552        1.33287        0.40170        1.88808        0.00088        0.02755       -0.00054        0.31603       40.20610        0.00197        0.04063       29.86238        1.52696        2.80128        0.29280        4.73451        0.00574        0.00286        0.02323      300.00000      108.05041
   50    1    1     2050.17100   444213.60203   175165.64095        0.28837        5.14469        0.00003        0.03884        0.09191       27.00000      431.35320        1.65476        0.07981       12.13918        0.03740        0.00926        0.01206      302.50511       11.37185        0.00016        0.02497       23.12949        0.14200      130.37989      302.49422       20.13181        0.09811        0.03524        0.01089      300.00000      170.79796
   51    1    1     1558.88547    24457.69007     9597.53914        8.84156      142.56283        0.02482        0.00693        1.62373       44.80000       24.81866        0.11550        1.61906        9.40166        0.02224        0.00258        0.00473       12.16811      142.77773        0.02489        0.00691       44.78240        0.63809       13.75407       12.16097        9.40270        0.02232        0.00008        0.00715      300.00000        0.06195
   52    1    1     3869.92928     2715.64587     1286.51668        5.68268       84.54974        0.00873        0.01831        0.22554       27.70000        1.14188        1.52278        0.21178       14.88768        0.05633        0.02202        0.01379        0.38065       84.07287        0.00860        0.02175       28.76803        0.31777        2.18368        0.37816       13.93338        0.04867        0.03449        0.00249      300.00000       66.51523
   53    1    1     2305.19664   127611.16648    52712.80981        1.84774       25.19718        0.00078        0.02194        0.27943       39.00000      130.09497        1.45457        0.27999       19.73334        0.09649        0.00049       -0.00051       70.84007       31.58916        0.00122        0.03678       40.34230        0.53664       60.45972       70.83982       17.30806        0.07377        0.00048        0.00025      300.00000      116.67224
   54    1    1     1920.63329     1896.42311      736.70721        1.48474       25.17053        0.00077        0.03433        0.64203        6.70000        0.38685        1.09305        0.64152       16.55581        0.06838        0.02679        0.00048        1.62713       37.62927        0.00172        0.06300       22.71776        0.38006        0.12283        1.59949       15.07004        0.05424        0.00320        0.02764      300.00000      124.95276
   55    1    1     1429.02253     1820.45268      696.25453        5.74358      181.49912        0.04023        0.08173        0.54057       10.30000        0.02332        1.19369        0.54088       19.36564        0.09324        0.01046       -0.00026        1.35199      181.74985        0.04018        0.08155       10.34144        0.00778        0.41062        1.33953       19.37501        0.09073        0.00039        0.01245      300.00000        3.88931
   56    1    1     1408.41131     2062.00236      527.16016        8.41666      173.87300        0.03692        0.01520        1.35845       22.90000        0.69406        0.37904        1.35552        3.45633        0.00300        0.00846        0.00293        1.21701      173.96735        0.03692        0.01516       22.92821        0.44142        0.77425        1.21301        3.45668        0.00292        0.00744        0.00399      300.00000        0.09308
   57    1    1     1357.23018     1721.63002      819.97583        7.48694      198.22246        0.04799        0.03762        1.48487        8.00000        0.00394        0.25183        1.48274        6.00873        0.00904        0.00059        0.00214        1.15081      197.59848        0.04752        0.03757        8.59240        0.00513        0.58318        1.15072        6.01599        0.00902        0.00266        0.00009      300.00000        0.26147
   58    1    1      866.44312     1528.31234      597.59408        8.86236      256.25622        0.08020        0.02191        0.50526       11.80000        0.01785        1.22886        0.50570        5.73435        0.00813        0.00219       -0.00043        0.61493      256.30990        0.08002        0.02221       11.65653        0.01436        1.12435        0.61354        5.73541        0.00823        0.00031        0.00139      300.00000        0.03251
   59    1    1     2670.28867     1650.80783      690.03957        8.67681       84.79674        0.00878        0.00288        0.80093        9.50000        0.26574        0.93926        0.79531        6.02069        0.00883        0.04614        0.00558        1.03855       84.54279        0.00872        0.00268        9.89334        0.02881        0.97540        0.99648        6.01831        0.00858        0.00982        0.04207      300.00000        1.36928
   60    1    1     2234.42261     1608.04088      739.21132        2.50713       41.71740        0.00213        0.03169        1.24041       18.70000        0.06307        0.49717        1.23739        5.68262        0.00810        0.00417        0.00298        1.45028       65.43947        0.00521        0.04287       14.41990        0.03430        0.30630        1.45073        0.44819        0.00005        0.00774       -0.00046      300.00000       64.44071
   61    1    1     1965.19334   903111.90444   303123.83374        6.37493      138.05374        0.02328        0.03400        1.06127       17.70000      851.04572        0.68403        1.05054        2.53926        0.00156        0.00016        0.01072      278.53549      137.66355        0.02313        0.03392       17.69801        0.09058      574.15827      278.53142        2.51636        0.00155        0.00718        0.00407      300.00000        3.50374
   62    1    1     2759.91696     2086.13483      595.00718        2.17266       29.41049        0.00106        0.02132        1.46497       22.60000        0.61535        0.26980        1.46476        9.28143        0.02147        0.02426        0.00020        0.79292       25.89329        0.00082        0.01998       23.28958        1.10332        0.48223        0.77025        8.42971        0.01703        0.00193        0.02267      300.00000      112.94083
   63    1    1      887.93031     1673.15282      648.73138        8.63476      264.99090        0.08576        0.02926        1.17899       35.80000        0.06870        0.56106        1.17351        9.00728        0.01977        0.01305        0.00549        0.65977      264.96929        0.08572        0.02933       35.79391        0.06110        1.08787        0.65428        9.00572        0.01976        0.01303        0.00550      300.00000        0.12234
   64    1    1     1204.19294    17254.01678     7582.74317        8.76895      187.02926        0.04272        0.01284        0.08615       20.00000       18.37306        1.69785        0.03672        5.22388        0.00644        0.00129        0.04940        2.16452      187.10509        0.04273        0.01285       19.98521        9.04542        8.94315        2.11904        5.23538        0.00648        0.00520        0.04548      300.00000        0.58638
   65    1    1     2396.89818     4916.53671     2276.02814        7.52825      112.39539        0.01543        0.01179        0.46772       21.20000        4.31258        1.27487        0.45969        4.31287        0.00470        0.01752        0.00803        2.22374      112.98325        0.01558        0.01140       21.31881        0.46377        3.38064        2.20297        4.31955        0.00477        0.00472        0.02078      300.00000        1.17392
   66    1    1     1814.28015     4050.24098     1467.34824        7.52177      146.11535        0.02608        0.02001        0.61400       26.10000        2.91396        1.12183        0.61274        6.84922        0.01173        0.03064        0.00126        3.20840      145.76016        0.02587        0.02029       26.06078        0.58506        0.85864        3.20472        6.84184        0.01176        0.02821        0.00368      300.00000        1.30274
   67    1    1     2076.78023     1571.60707      678.74946        3.98523       88.58631        0.00958        0.05076        0.74076       23.30000        0.03058        1.00103        0.73353       15.47194        0.06044        0.02624        0.00733        0.70584       99.22933        0.01202        0.06496       10.35299        0.00968        1.03781        0.69564       16.11248        0.06576        0.02333        0.01020      300.00000        8.51731
   68    1    1     2598.43174     1667.82311      765.06396        3.59968       52.67822        0.00339        0.02277        0.11687       26.00000        0.11699        1.63080        0.10376       10.04310        0.02436        0.00015        0.01309        1.75466       69.15970        0.00584        0.03831       12.13878        0.00903        0.07088        1.74588       11.50689        0.03349        0.00313        0.00878      300.00000       30.46352
   69    1    1     2877.89544     1654.89339      737.08905        1.25552       13.50387        0.00022        0.01391        1.66565        9.10000        0.10485        0.09934        1.63523       13.70365        0.04829        0.00011        0.03038        1.57769       24.41502        0.00073        0.03353       16.84086        0.02204        0.29487        1.54633        1.85913        0.00089        0.00262        0.03136      300.00000      145.15155
   70    1    1     1215.91709     1819.03004      825.73489        0.24301        7.13515        0.00006        0.10523        0.61601       20.90000        0.09145        1.11797        0.61659        7.77983        0.01500        0.00159       -0.00054        1.53422       11.72714        0.00017        0.14966        4.23080        0.02513        0.23551        1.53443        2.15245        0.00115        0.00149       -0.00022      300.00000      170.44002
   71    1    1     1788.46928     1988.89450      629.43005        1.56186       32.45504        0.00129        0.05145        1.04877       11.00000        0.58590        0.69560        1.03896       11.44250        0.03315        0.01345        0.00982        1.29304       31.97374        0.00124        0.06227       12.04646        0.31486        0.73395        1.27267        8.87732        0.02013        0.00410        0.02037      300.00000      123.72221
   72    1    1     2256.08852     1662.81555      551.96295        4.52693      103.07429        0.01298        0.05034        0.59055       23.00000        0.20613        1.15018        0.58438        2.73190        0.00182        0.00506        0.00613        1.25863      102.50668        0.01283        0.05757       20.99464        0.16514        0.50905        1.25906        3.10318        0.00239        0.01147       -0.00043      300.00000       37.94326
   73    1    1     2445.07215    63002.82285    27012.75868        3.45209       59.37397        0.00431        0.03182        0.37576       22.10000       65.94292        1.36163        0.37294        7.94180        0.01543        0.06679        0.00280       11.90552       53.39739        0.00348        0.02325       23.19792        0.02586       55.83301       11.83668        5.23304        0.00717        0.00039        0.06884      300.00000       63.68622
   74    1    1     1438.66363     2537.72153     1061.61707        5.05637      171.48109        0.03591        0.10456        0.87251        9.20000        1.07175        0.89134        0.84322        1.69264        0.00074        0.00097        0.02935        0.66417      172.95056        0.03645        0.10400        7.44673        0.21083        1.95899        0.63513        2.95542        0.00208        0.00124        0.02904      300.00000       12.60010
   75    1    1     5294.88346     1552.76859      632.14065        3.50102       58.39986        0.00417        0.02982        0.62930        6.50000        0.00405        1.13635        0.59821       14.62152        0.05500        0.00200        0.03104        0.90035       35.77914        0.00156        0.00962       13.77494        0.01280        0.86201        0.87179       16.22381        0.06761        0.00673        0.02857      300.00000       47.04454
   76    1    1     2557.55531     2078.23057      885.65151        5.42168      110.38348        0.01488        0.03574        0.87875       19.50000        0.77014        0.86371        0.87085        6.65522        0.01076        0.00269        0.00799        0.06029      108.98471        0.01448        0.04157       19.46923        0.38224        2.07009        0.05217        4.79065        0.00580        0.00220        0.00812      300.00000       38.78810
   77    1    1     2019.28659     1564.74925      638.76463        3.45293       66.54360        0.00541        0.03995        0.91632        3.00000        0.00705        0.84817        0.88640       10.70725        0.02947        0.03664        0.02995        1.11252       58.53355        0.00416        0.04507        9.08610        0.00510        0.66424        1.07763        9.24466        0.02203        0.02990        0.03488      300.00000       64.15112
   78    1    1     1432.81944     5798.08070     2813.52947        8.34319      171.83698        0.03606        0.01575        0.64705       16.70000        4.88153        1.08931        0.64526        7.39527        0.01369        0.02434        0.00178        5.36742      172.09692        0.03609        0.01563       16.80257        0.13035        1.13867        5.34722        7.39644        0.01398        0.00559        0.02020      300.00000        0.53226
   79    1    1     2081.48919    68824.58547    28575.79869        2.56773       44.98359        0.00247        0.03501        0.75864       28.80000       70.84503        0.97894        0.75563        4.94642        0.00598        0.00733        0.00297       11.47752       43.33809        0.00229        0.03748       29.50455       21.89420       39.20947       11.47691        5.01832        0.00619        0.00629        0.00061      300.00000       94.56462
   80    1    1     9686.44537     1512.36224      661.23201        2.10701       23.75296        0.00069        0.01483        0.81558        4.90000        0.06882        0.93099        0.80357        3.28198        0.00260        0.00099        0.01202        1.58150        8.14725        0.00008        0.00072       19.34957        0.13826        0.10474        1.57129        5.56659        0.00751        0.00170        0.01021      300.00000       18.83179
   81    1    1     3901.10867     1364.21360      683.99632        2.53947       30.74330        0.00115        0.01675        0.36161        5.10000        0.01863        1.38159        0.35297        8.35243        0.01764        0.00194        0.00862        1.52220        8.07208        0.00008        0.00385       23.95758        0.04113        0.22902        1.51047        3.49711        0.00296        0.00009        0.01172      300.00000      128.23633
   82    1    1     2435.01811     1641.50457      803.31706        0.31782        6.31570        0.00005        0.04818        1.68229       16.80000        0.06028        0.05190        1.68266        4.12837        0.00421        0.00156       -0.00038        0.25847       17.87433        0.00039        0.02183        9.23062        1.08125        0.43911        0.25894       13.57967        0.04561        0.00181       -0.00047      300.00000      141.73608
   83    1    1     1679.95241     1706.82278      587.29290        3.05845       94.36680        0.01088        0.10539        0.92095        5.00000        0.08833        0.82688        0.90769       12.82500        0.03972        0.00000        0.01327        0.29329       96.33150        0.01126        0.04857       31.69657        0.85647        0.73059        0.28269       14.00953        0.04973        0.00225        0.01060      300.00000       42.72869
   84    1    1     3534.59200     1638.51853      666.90667        7.74374       75.73672        0.00701        0.00468        0.08987       19.00000        0.15943        1.65760        0.07696       13.37408        0.04321        0.00000        0.01286        1.57521       75.74352        0.00701        0.00473       18.98165        0.02541        0.29773        1.57081       13.37411        0.04499        0.00671        0.00440      300.00000        0.67247
   85    1    1     2476.40264     1986.38871      951.59438        2.88720       35.19173        0.00151        0.01663        0.50545       10.00000        0.48600        1.23225        0.50231        9.94315        0.02417        0.00488        0.00315        0.81738       41.49374        0.00210        0.02472       12.74083        0.13126        1.27379        0.81791        7.23636        0.01297        0.00870       -0.00053      300.00000      100.72059
   86    1    1     6991.18609     2247.57760      875.80130        1.14785       19.77827        0.00048        0.03578        0.53417       23.40000        0.92539        1.19991        0.53466        9.81091        0.02383        0.00324       -0.00053        1.81744       22.06710        0.00059        0.00091       41.74630        0.15836        0.74189        1.81738        1.41340        0.00049        0.00314        0.00005      300.00000       74.67159
   87    1    1     1880.90045     2449.95253      820.67351        7.46880      141.68954        0.02452        0.01944        1.34105       13.60000        1.20072        0.39369        1.34088        6.07179        0.00908        0.00573        0.00021        1.18819      142.21883        0.02468        0.01971       13.27546        1.11008        0.64119        1.18356        6.06997        0.00899        0.00139        0.00463      300.00000        0.47224
   88    1    1     3172.15219   676164.42050   257242.26441        7.09221       86.56629        0.00915        0.00904        0.44798       23.70000      653.16068        1.28667        0.44790        5.51080        0.00748        0.02440        0.00007      470.73610       86.36025        0.00910        0.00905       23.67849        0.03340      184.12694      470.73500        5.50712        0.00758        0.02326        0.00110      300.00000        1.83681
   89    1    1      968.18829   124100.47165    49760.01823        8.55432      247.36737        0.07473        0.02739        0.07543        5.80000      125.46426        1.66234        0.07222        9.46451        0.02249        0.00076        0.00319       69.38016      247.38586        0.07472        0.02727        5.96919        0.00794       57.81125       69.37983        9.46190        0.02204        0.00404        0.00033      300.00000        0.26041
   90    1    1     1619.76055     2240.44844      737.51513        0.29763        6.11439        0.00005        0.05150        0.39330       21.60000        0.92020        1.35725        0.37731        4.93808        0.00587        0.00007        0.01592        1.01611       31.92979        0.00124        0.06528       13.94545        0.27733        1.35305        1.00959        4.87938        0.00601        0.00923        0.00652      300.00000      153.69864
   91    1    1     2765.11428    10427.77431     4875.24499        7.15253       95.76615        0.01120        0.01069        1.61008       31.40000       10.28370        0.13066        1.60391       13.06943        0.04307        0.01793        0.00619        3.15956       95.82238        0.01119        0.01058       31.40755        0.95793        7.90868        3.15168       13.07633        0.04320        0.01618        0.00789      300.00000        2.48212
   92    1    1     2276.60895     1950.84055      697.40961        1.89435       41.90677        0.00214        0.05762        0.74689       27.10000        0.46936        0.98848        0.74609        4.58064        0.00516        0.01476        0.00079        1.07194       38.38565        0.00179        0.02166       27.46333        0.33972        0.81250        1.05787       11.99593        0.03658        0.00022        0.01407      300.00000       93.45270
   93    1    1     1087.61824     2042.55146      882.83800        7.86853      241.32438        0.07113        0.04375        0.39918        9.90000        0.21562        1.35092        0.38365       17.57187        0.07442        0.01850        0.01551        0.44288      240.97665        0.07071        0.04397       10.07908        0.21310        1.29388        0.44340       17.57192        0.07649        0.03250       -0.00052      300.00000        0.03868
   94    1    1     4676.97565     1831.03496      943.93463        5.67339       61.57938        0.00463        0.00976        0.54411       11.00000        0.32512        1.19006        0.54450        4.67287        0.00539        0.00009       -0.00035        0.41041       63.96477        0.00500        0.00698       12.75868        0.59746        1.05361        0.41080        4.77356        0.00566        0.00005       -0.00039      300.00000       25.77688
   95    1    1     3625.45321     1661.56315      526.36113        5.41338       74.09703        0.00671        0.01618        1.00146       16.50000        0.23018        0.75696        0.97760        6.01010        0.00865        0.00312        0.02385        1.04023       61.89773        0.00468        0.01353       22.11711        0.59577        0.36499        1.01382        3.72912        0.00332        0.00074        0.02641      300.00000       17.25283
   96    1    1     2787.19811     5497.32589     2611.14575        5.88333       98.39369        0.01182        0.02234        0.48304       15.30000        4.98495        1.26277        0.47179        6.72473        0.01094        0.01691        0.01133        2.08482      103.61490        0.01310        0.02533       13.54821        0.39024        4.25406        2.07268        6.19449        0.00928        0.01595        0.01214      300.00000       16.39513
   97    1    1     2521.19327     1483.77546      574.51462        1.54645       31.52481        0.00121        0.04954        1.63565        5.60000        0.00158        0.11081        1.62376        5.89245        0.00881        0.00072        0.01187        0.80482       27.14439        0.00090        0.01404       16.61383        0.08285        0.86866        0.79539       11.78825        0.03517        0.00189        0.00943      300.00000      111.76490
   98    1    1     2979.38048     1493.65594      638.47929        7.21974       89.60298        0.00981        0.00901        1.14668       20.60000        0.02657        0.59082        1.14374        6.70667        0.01129        0.00605        0.00297        0.54002       89.88265        0.00986        0.00971       20.27809        0.35256        0.86834        0.53956        6.69948        0.01104        0.00869        0.00046      300.00000        0.49222
   99    1    1     4648.05351     2069.66285      961.81292        5.67026       81.43772        0.00810        0.01709        0.66214       15.60000        0.57005        1.07870        0.65587       10.75254        0.02814        0.00023        0.00619        0.60136       86.05849        0.00902        0.01804       21.22490        1.40296        0.31131        0.60175        7.87901        0.01542        0.00635       -0.00039      300.00000      131.30261
  100    1    1     5499.75309    21708.50898     8975.45931        5.29048       75.05839        0.00688        0.01770        0.14706       10.30000       22.61436        1.65597        0.07860       13.63365        0.04867        0.04922        0.06845        7.07728       77.43707        0.00731        0.01365       12.25935        0.17534       17.21092        6.94929       13.77580        0.05067        0.00470        0.12799      300.00000      144.72300
