    1    1    1     1931.57597     1669.06198      637.96037        8.79121      116.03923        0.01645        0.00483        0.31921       13.50000        0.24115        1.42935        0.30521        9.32811        0.02100        0.00161   -33197.36991        1.31962      115.92535        0.01640        0.00469       13.71062        0.09013        0.56667        1.31922        9.32815        0.02170        0.01440        0.00039      300.00000        0.30145
    2    1    1     3593.90265     1802.63884      730.96779        3.76517       55.36039        0.00374        0.02266        1.15805       17.90000        0.28820        0.57664        1.15793        6.19184        0.00955        0.04967        0.00009        1.33038       68.66826        0.00575        0.01552       13.38815        0.15915        0.53745        1.32407        8.47815        0.01813        0.04214        0.00631      300.00000       27.45046
    3    1    1     2769.73423     1535.74883      690.20084        6.00365       97.34210        0.01157        0.02053        0.19599       11.10000        0.14717        1.55649        0.17807        5.71350        0.00832        0.01332        0.01785        0.85568       98.24398        0.01175        0.02163       10.19525        0.02605        1.01276        0.84201        5.61896        0.00762        0.01790        0.01367      300.00000        7.99688
    4    1    1     3395.90091    18343.58035     8366.69591        0.89873        6.79828        0.00006        0.00693        1.42656       27.10000       18.56907        0.31935        1.41521       11.81750        0.03379        0.02294        0.01132       11.66167       31.30457        0.00119        0.02599       28.84925        0.19549        8.45863       11.64659        5.70066        0.00827        0.02749        0.01508      300.00000      154.62638
    5    1    1     3355.00488     1615.66869      756.88093        2.87044       23.59578        0.00068        0.00757        0.48306       23.10000        0.02974        1.25276        0.48181       10.02028        0.02511        0.00031        0.00136        0.62825       54.20724        0.00359        0.03435       20.24177        0.02283        1.10767        0.62685        2.97932        0.00222        0.00033        0.00139      300.00000       85.39372
    6    1    1     3058.88284     8186.42516     3499.70843        6.45995       89.10901        0.00970        0.01354        0.33791       34.50000        8.16691        1.39914        0.33542        3.02805        0.00230        0.01238        0.00249        3.38272       88.55370        0.00957        0.01347       34.56241        2.13339        4.39366        3.37463        3.04062        0.00234        0.00674        0.00809      300.00000        3.73851
    7    1    1     2030.81893     6197.20298     2732.14205        6.63448      137.06262        0.02294        0.02918        0.60381        5.50000        5.47698        1.18874        0.54583        8.31112        0.01801        0.11642        0.05798        1.14762      136.43251        0.02268        0.02851        6.86743        0.05646        6.17663        0.97941        8.31573        0.01562        0.00856        0.16821      300.00000        5.53166
    8    1    1     2420.14983     1695.78383      677.40519        4.90629       74.63672        0.00680        0.02146        1.31265       11.50000        0.17448        0.43647        1.29809       11.22344        0.03039        0.06041        0.01447        1.31205       93.03743        0.01050        0.04484       11.26952        0.15376        0.44376        1.31164        3.87155        0.00369        0.07407        0.00041      300.00000       22.00355
    9    1    1     5471.95456     4940.60479     2026.42856        2.40953       24.28013        0.00072        0.01168        0.78799       28.30000        4.11214        0.94708        0.78748        9.97495        0.02448        0.02975        0.00053        4.38100       14.80301        0.00027        0.00168       25.94915        0.48912        0.98337        4.35812       14.22933        0.05182        0.00659        0.02287      300.00000      110.31049
   10    1    1     7886.41388     1692.94327      816.07605        5.54944       69.04510        0.00582        0.01308        1.47493       29.90000        0.05942        0.26158        1.47299        3.96161        0.00393        0.02296        0.00195        1.58692       53.85979        0.00353        0.00561       23.92936        0.03520        0.16104        1.58176       10.94411        0.02920        0.02023        0.00515      300.00000      178.89111
   11    1    1     2825.85618     1605.58485      615.73760        2.64957       32.81139        0.00131        0.01741        0.72570        8.60000        0.07326        1.01411        0.72045       14.98166        0.05652        0.02647        0.00535        0.27041       26.00229        0.00082        0.01704       10.66942        0.35217        1.21727        0.24193       14.71415        0.05561        0.00147        0.02849      300.00000      104.37073
   12    1    1     1608.07820     7143.28965     3004.89352        8.78218      142.51628        0.02481        0.00736        1.47086       17.60000        6.91386        0.31935        1.41521        8.19183        0.01748        0.01330        0.05577        3.37988      142.53973        0.02477        0.00737       17.62219        2.96454        2.30630        3.37763        8.19272        0.01682        0.06735        0.00225      300.00000        0.74961
   13    1    1     1507.81780     1556.72163      584.36029        5.99293      173.77471        0.03688        0.06581        0.94064       19.80000        0.02084        0.79987        0.93470        4.56428        0.00507        0.00279        0.00590        0.55684      174.33846        0.03702        0.06493       20.18493        0.02786        1.17578        0.55256        4.53311        0.00517        0.00431        0.00428      300.00000        2.16003
   14    1    1     9714.48286     3339.23845     1581.03612        2.30654       13.23001        0.00021        0.00380        0.23945       11.20000        2.11073        1.53458        0.19998        8.59568        0.01752        0.00284        0.03949        1.56375       33.93414        0.00140        0.03753       10.81698        0.12318        2.14241        1.53673       11.22811        0.03012        0.01075        0.02703      300.00000       49.88995
   15    1    1     1929.43508    18846.68152     8627.77605        2.28701       52.91561        0.00342        0.06196        0.38154       22.70000       19.25636        1.37177        0.36279        7.70217        0.01514        0.00921        0.01871       15.90500       74.97156        0.00684        0.03443       41.19314        0.05619        5.08060       15.88994        6.40432        0.01044        0.00586        0.01507      300.00000       67.42965
   16    1    1     2740.57211     1685.86975      577.53544        3.46237       56.97436        0.00396        0.02911        1.01467       16.50000        0.15507        0.78842        0.94615        8.91138        0.01857        0.06790        0.06854        0.94873       44.00531        0.00236        0.01531       15.71017        0.49857        0.45557        0.93326       12.20767        0.03793        0.11925        0.01546      300.00000       66.73199
   17    1    1     1944.80946     1589.71247      536.37048        0.10608        2.83019        0.00001        0.08692        0.90833       10.10000        0.05808        0.88137        0.85319        4.59112        0.00549        0.02793        0.05514        1.29968        8.69418        0.00009        0.02752       10.32418        0.09564        0.40213        1.28879       16.94434        0.06950        0.07357        0.01089      300.00000      164.61392
   18    1    1     1756.55350     5785.45193     2989.85460        4.19734      114.18597        0.01592        0.07446        0.96372       14.70000        4.81375        0.78324        0.95133        9.56558        0.02323        0.00450        0.01237        1.14910      102.51805        0.01278        0.08012        5.09530        0.51124        4.89685        1.13915        9.36533        0.02221        0.00651        0.00994      300.00000        2.28005
   19    1    1     1734.26012     1809.57975      854.75933        3.51711       86.14874        0.00906        0.06421        0.57369        8.00000        0.06374        1.16555        0.56901       15.01767        0.05674        0.03070        0.00460        0.77454       67.84286        0.00558        0.05144       25.38773        0.09299        0.99182        0.74316       13.27403        0.04534        0.00198        0.03138      300.00000       60.62781
   20    1    1     1505.05941  1550038.15079   517391.37243        6.14622      177.44702        0.03846        0.06334        1.55064       20.30000     1399.39674        0.18668        1.54788       12.10142        0.03673        0.00068        0.00269      721.64151      177.04254        0.03827        0.06217       20.22644        0.00702      679.48160      721.64122       12.60260        0.03910        0.00395        0.00030      300.00000        3.16390
   21    1    1     1616.01737     5561.09490     2726.55045        7.15482      165.59179        0.03349        0.03193        1.04996        8.10000        4.27522        0.69844        1.03612       11.28119        0.03235        0.00066        0.01379        1.18925      166.19956        0.03370        0.03199        7.79778        0.22654        4.60500        1.17799       11.28101        0.03227        0.00329        0.01127      300.00000        0.75807
   22    1    1     3239.20266     1557.59815      700.37408        7.72763       78.43017        0.00751        0.00507        1.09534        3.20000        0.00321        0.64753        1.08704       12.90755        0.04044        0.00854        0.00829        0.72064       79.17915        0.00764        0.00518        2.32758        0.03440        0.98965        0.71347       12.90787        0.04206        0.00807        0.00717      300.00000        3.78648
   23    1    1     6850.67582     1534.63124      576.49693        6.98382       40.38226        0.00199        0.00209        1.10757        7.80000        0.08749        0.62665        1.10791        9.15245        0.02082        0.08066       -0.00027        1.25004       40.72128        0.00203        0.00185        7.94298        0.07032        0.58358        1.16828        9.15168        0.01947        0.00000        0.08176      300.00000        4.32660
   24    1    1     8064.07711     1658.19923      831.80797        2.23129       32.30531        0.00127        0.02433        0.63483       11.30000        0.02094        1.14177        0.59279        1.94518        0.00098        0.01660        0.04210        0.14001       30.05427        0.00110        0.00228       17.33338        1.17891        0.49629        0.08666        8.18157        0.01576        0.00638        0.05335      300.00000       19.59371
   25    1    1     5373.83485     2277.61588      879.62264        3.59818       53.78170        0.00353        0.02375        0.75104       16.00000        0.80042        1.03488        0.69968       17.36109        0.07102        0.02505        0.05130        0.91103       48.96192        0.00292        0.01720       30.44232        0.64399        1.05741        0.87851       12.30995        0.03608        0.04108        0.03251      300.00000      101.99088
   26    1    1    10163.81896     1447.99284      624.67859        1.33864       13.46337        0.00022        0.01213        0.82944       21.30000        0.03424        0.92292        0.81164        9.33884        0.02098        0.00068        0.01780        0.88417       16.51419        0.00033        0.00737       28.51973        0.04059        0.87783        0.87350        4.50333        0.00514        0.00515        0.01067      300.00000       86.77843
   27    1    1     1570.94273     1665.09666      753.11139        7.04767      171.06732        0.03574        0.03622        0.35209        8.40000        0.01118        1.44645        0.28812        7.94167        0.01477        0.00627        0.06392        0.18130      171.19720        0.03572        0.03628        8.43951        0.06355        1.50193        0.18033        7.92761        0.01570        0.06824        0.00096      300.00000        0.58019
   28    1    1     1888.66319    70877.92790    30470.90021        1.92589       37.91286        0.00176        0.04558        1.13057       33.40000       73.01805        0.60379        1.13077        1.91051        0.00091        0.00217       -0.00020       17.52016       52.18360        0.00333        0.05431       20.37164        0.60630       56.59937       17.51873        8.62890        0.01827        0.00108        0.00143      300.00000       98.97629
   29    1    1     2279.07165     6100.95774     2935.14315        7.81427      117.57191        0.01688        0.01077        0.61802       23.60000        5.59829        1.11615        0.61842       12.97577        0.04183        0.00020       -0.00044        6.79002      117.79222        0.01693        0.01050       23.72876        0.27936        0.26344        6.79031       12.97599        0.04187        0.00000       -0.00029      300.00000        2.13299
   30    1    1     1317.04404     1873.62435      866.71883        6.62869      203.48196        0.05057        0.06452        0.20599        4.30000        0.20841        1.53503        0.19953        2.35144        0.00139        0.00234        0.00642        0.98624      202.68080        0.04980        0.06513        4.49508        0.04269        0.92270        0.97767        2.36432        0.00141        0.00028        0.00857      300.00000        0.52635
   31    1    1     1888.63320     1934.44188      974.41102        3.79053       83.00453        0.00841        0.05015        0.46164       16.90000        0.31471        1.33180        0.40276        7.59982        0.01506        0.05744        0.05898        0.33862       87.81380        0.00939        0.06198       14.63418        1.30523        0.43493        0.29830        7.04771        0.01177        0.07730        0.04032      300.00000       30.08396
   32    1    1     2985.57024     1675.26032      574.67549        4.88554       71.15315        0.00618        0.01972        0.81365       18.30000        0.30520        0.92292        0.81164       10.21023        0.02611        0.01313        0.00200        1.10915       48.74428        0.00290        0.02105       18.06572        0.23846        0.70628        1.09215       10.65005        0.02730        0.00180        0.01699      300.00000       39.27203
   33    1    1     1397.63999    32026.89662    13856.80131        7.81150      188.09143        0.04321        0.02760        1.68804       28.90000       32.74946        0.08021        1.65435       17.57169        0.07346        0.00128        0.03370       16.70897      188.21453        0.04320        0.02749       28.97531        1.09543       16.69544       16.69325       17.57319        0.07862        0.01407        0.01572      300.00000        0.15536
   34    1    1     1244.69182    91549.38536    38370.59557        7.99557      207.67080        0.05267        0.02972        0.66585       41.90000       94.94054        1.06812        0.66644        3.83644        0.00365        0.00022       -0.00058       71.85899      207.45628        0.05253        0.02983       41.83101        0.17042       24.64515       71.85948        3.84020        0.00366        0.00021       -0.00049      300.00000        0.23270
   35    1    1     1245.90729     1644.24489      539.14316        7.72852      212.70860        0.05526        0.03726        0.66558        5.90000        0.09929        1.09089        0.64367       14.96421        0.05369        0.00276        0.02199        0.45595      212.22111        0.05479        0.03776        5.70205        0.17656        1.21654        0.44064       14.96451        0.05398        0.00916        0.01531      300.00000        0.17212
   36    1    1     6666.73814     1504.76158      639.73855        3.83703       37.01271        0.00167        0.00969        1.16538        6.10000        0.11637        0.57144        1.16312        9.32846        0.02132        0.00484        0.00227        0.99889       25.78660        0.00081        0.01661       19.75967        0.09583        0.76860        0.99897        3.80891        0.00358        0.00641       -0.00007      300.00000       58.97678
   37    1    1     2769.75243     8561.99646     4161.90997        7.22893       96.67699        0.01142        0.01043        0.95971        6.90000        8.43973        0.80546        0.92911       10.57805        0.02667        0.01770        0.03060        5.80319       95.34869        0.01110        0.01058        7.03301        1.51366        2.88917        5.77158       10.57809        0.02666        0.01676        0.03160      300.00000        1.73184
   38    1    1     1498.47958     2246.68598      816.06186        0.08689        1.91540        0.00000        0.05934        0.97046       48.10000        0.70170        0.76596        0.96861        0.70056        0.00012        0.01282        0.00188        0.40072       63.38233        0.00485        0.12265       35.70079        1.48049        0.48392        0.39631        5.64711        0.00802        0.00975        0.00440      300.00000      139.16754
   39    1    1     3052.03400     1794.26873      740.36848        4.55613       69.10578        0.00583        0.02226        0.98357        8.40000        0.47211        0.75077        0.98380        4.49151        0.00502        0.00371       -0.00027        0.87734       65.59626        0.00525        0.02176        3.07270        0.42611        0.90327        0.87422        6.14031        0.00922        0.00033        0.00312      300.00000       10.21781
   40    1    1     2532.40454     1538.16345      618.80066        0.99997       12.91004        0.00020        0.02015        0.58053       16.00000        0.13679        1.15414        0.58043        7.34965        0.01331        0.03396        0.00002        0.51917       26.35190        0.00085        0.02377       16.67647        0.07610        1.29642        0.49364        6.44269        0.00993        0.01285        0.02553      300.00000      147.30954
   41    1    1     3075.45271     2227.02743      835.93779        5.07352       92.01607        0.01034        0.02983        0.50120       17.60000        0.88251        1.23615        0.49842        5.72908        0.00803        0.01006        0.00276        1.59099       96.91060        0.01142        0.04955        8.67864        0.15516        0.86140        1.58592        2.68871        0.00182        0.00778        0.00507      300.00000       86.03973
   42    1    1     2624.88074     1620.59792      641.22173        4.72241       74.78540        0.00683        0.02380        0.46337       20.60000        0.04190        1.27581        0.45875       20.90848        0.10663        0.00118        0.00463        0.34031       64.81444        0.00511        0.02917       13.67679        0.08770        1.33545        0.33886       21.89131        0.11760        0.00416        0.00145      300.00000       25.25118
   43    1    1     1892.98258     1873.34277      764.30779        5.20226      146.43533        0.02619        0.07058        0.31435        8.70000        0.33316        1.42311        0.31145        5.78556        0.00819        0.00878        0.00289        1.74057      137.59643        0.02300        0.06196       17.62865        0.04447        0.30573        1.72970        5.66633        0.00814        0.00049        0.01087      300.00000       26.11824
   44    1    1     2592.42478     2790.71075     1109.85100        3.45518       46.72160        0.00267        0.01967        0.81917        9.50000        1.62975        0.91866        0.81590       15.59423        0.06105        0.00484        0.00331        1.01369       46.33339        0.00262        0.02031        5.12120        0.08195        2.26709        1.01403       15.74825        0.06129        0.00886       -0.00034      300.00000       77.83284
   45    1    1     4062.45848     1635.28168      465.92980        4.54368       41.14470        0.00207        0.00795        1.58194       14.10000        0.24179        0.16338        1.57118        7.06843        0.01266        0.03616        0.01082        1.03478       38.82966        0.00184        0.01132       14.10404        0.46525        0.48502        1.02696        6.38498        0.00990        0.03784        0.00782      300.00000       36.16897
   46    1    1     1624.36920     3368.87362     1091.17587        1.67575       44.93071        0.00247        0.08534        1.57658       22.50000        2.11137        0.24179        1.49277        8.60941        0.01952        0.01371        0.08383        1.47694       47.76753        0.00279        0.06204       21.13556        1.12577        1.26335        1.47736        9.22308        0.02112        0.09877       -0.00042      300.00000       99.87295
   47    1    1     2453.41676     2972.36229     1315.32323        0.28959        5.63107        0.00004        0.04614        0.39926       17.00000        1.41569        1.36127        0.37330       17.89498        0.07657        0.05410        0.02594        0.62557       31.88433        0.00124        0.01479       48.58637        2.22817        0.47507        0.55486        2.98855        0.00234        0.00589        0.07071      300.00000      138.37585
   48    1    1     2250.11222   661019.87821   253730.55378        4.82498       71.06104        0.00617        0.02032        0.27669       19.80000      637.03900        1.51458        0.21999       13.77765        0.04461        0.00202        0.05673      327.90269       81.42923        0.00810        0.04614       23.52994        0.02426      310.81303      327.88327       14.48423        0.05356        0.05537        0.01942      300.00000       44.24614
   49    1    1     1183.11141     1648.87387      524.44804        8.60115      200.87025        0.04928        0.01733        1.38535        9.90000        0.20473        0.35349        1.38108        4.26137        0.00443        0.00392        0.00431        0.68341      200.95887        0.04927        0.01735        9.91205        0.39125        0.87224        0.67582        4.26456        0.00459        0.00043        0.00759      300.00000        0.34186
   50    1    1     3323.50315     1435.08913      643.93465        1.64600       16.63199        0.00034        0.01213        0.72001        6.40000        0.05080        1.01458        0.71999        4.73977        0.00554        0.00000       -0.00006        1.22220       14.01470        0.00024        0.00991        6.73153        0.07117        0.49176        1.22255        5.60632        0.00777        0.00035       -0.00035      300.00000      133.90339
   51    1    1     2685.32458     2213.49158      928.70532        4.97348       73.52041        0.00660        0.02009        0.89229       27.00000        0.67666        0.89763        0.83694        9.88334        0.02297        0.03690        0.05537        1.51472       69.38047        0.00586        0.02793       22.22000        0.41429        0.49236        1.49027       11.17987        0.02992        0.06807        0.02445      300.00000       26.59085
   52    1    1     6917.18995     1405.28060      630.43699        6.83665       60.48769        0.00447        0.00509        0.15760        0.80000        0.00541        1.58048        0.15409        8.14849        0.01668        0.00421        0.00355        1.43371       55.02226        0.00369        0.00360        6.66584        0.00290        0.30895        1.43034        8.14928        0.01623        0.00484        0.00338      300.00000       63.87542
   53    1    1     1978.21341     2895.06654     1278.39042        3.28910       70.44443        0.00606        0.04996        0.56224       16.00000        1.49592        1.22097        0.51360        6.52736        0.01005        0.03863        0.04864        2.61382       65.72046        0.00527        0.03821       22.18174        0.32463        0.34516        2.56177        9.35566        0.02062        0.03613        0.05204      300.00000       59.44265
   54    1    1     1009.06361     1582.09049      669.87493        8.66163      230.84968        0.06509        0.02167        1.43736       14.50000        0.01218        0.30263        1.43194       10.60744        0.02741        0.01048        0.00548        1.15600      230.74035        0.06494        0.02174       14.56022        0.01543        0.58156        1.14985       10.60749        0.02837        0.00879        0.00615      300.00000        0.22269
   55    1    1     1851.97172     1636.78379      589.49269        0.67868       13.32035        0.00022        0.04683        0.36727        8.40000        0.10635        1.36744        0.36713        5.68172        0.00795        0.00321        0.00009        1.00860       44.18189        0.00238        0.06377       16.76640        0.57920        0.20749        1.00382       12.45190        0.03782        0.00002        0.00478      300.00000      126.89207
   56    1    1     2267.06227     2359.09272      822.97281        5.36558      119.97583        0.01758        0.04348        0.96020       27.90000        0.82362        0.77564        0.95893       12.52275        0.03850        0.04497        0.00131        1.55181      123.55820        0.01858        0.04670       26.47098        0.51090        0.53488        1.50804       12.55787        0.04085        0.00028        0.04376      300.00000       28.99016
   57    1    0      640.62646 33597704.36149 11291490.63315        8.57571      144.86269        0.02563        0.00922        0.20028       14.20000    29232.56192        1.56425        0.17029        3.13234        0.00252        0.00457        0.03001      767.70462        0.00000        0.00000        0.00000      146.33605        0.03489    28466.63820      767.70462        0.00000        0.00000        0.00000        0.00000      300.00000        0.00000
   58    1    1     2564.79333     5162.70610     2500.93814        5.33736      110.38365        0.01488        0.03736        0.48869       13.20000        4.38959        1.24555        0.48902        6.50776        0.01052        0.00003       -0.00026        0.75379      109.64710        0.01463        0.02826       19.32119        1.46769        3.91184        0.75434        6.41981        0.01020        0.00021       -0.00055      300.00000       27.06992
   59    1    1     2304.14229     2340.31851     1002.16697        3.19355       45.87284        0.00257        0.02263        0.55438        2.20000        1.13003        1.18089        0.55368        7.07190        0.01248        0.00203        0.00061        0.81192       45.06440        0.00247        0.02442        2.23734        0.01100        2.04119        0.80972        7.28658        0.01330        0.00071        0.00220      300.00000       88.88492
   60    1    1     3455.36710     2666.85090     1038.35413        6.60770       81.04529        0.00802        0.01035        0.44375       26.20000        1.43882        1.34067        0.39390       11.18971        0.02953        0.00260        0.04984        2.03619       81.33976        0.00806        0.01063       26.25522        0.55022        0.63568        1.98764       11.11905        0.03210        0.00086        0.04855      300.00000        6.93721
   61    1    1     2658.12454     1751.65538      542.19199        1.93109       21.80198        0.00058        0.01499        1.19482       24.30000        0.29298        0.53923        1.19533       13.65332        0.04620        0.01018       -0.00058        1.16120       25.60240        0.00080        0.01567       22.10892        0.26459        0.59686        1.16109       14.26991        0.05073        0.00912        0.00011      300.00000      126.75504
   62    1    1     1878.72391     2756.95289     1142.94179        0.13949        2.44843        0.00001        0.03762        0.57485       41.80000        1.33976        1.16399        0.57057        2.48557        0.00151        0.00084        0.00421        2.33965       35.41652        0.00153        0.03643       35.90902        0.35500        0.36385        2.33894        8.47799        0.01794        0.00418        0.00071      300.00000      151.66399
   63    1    1     2519.31300     3397.54318     1079.44109        1.20838       32.21289        0.00127        0.08553        0.95358       19.80000        2.20854        0.80911        0.92545        2.84449        0.00208        0.00109        0.02823        1.86170       51.76783        0.00327        0.01275       38.35096        0.66911        1.46508        1.86177        8.88915        0.01967        0.02961       -0.00007      300.00000       74.52271
   64    1    1     1665.72017     2292.10270      906.42133        4.11949      129.88085        0.02060        0.10080        0.69535       13.50000        0.81129        1.04629        0.68827        5.72557        0.00797        0.01433        0.00704        1.80004      118.64518        0.01710        0.06699       17.89124        0.18659        0.56657        1.80002       12.41635        0.03840        0.02095        0.00002      300.00000        8.55170
   65    1    1     2152.96666     1655.53189      748.39016        4.27451       95.73437        0.01119        0.05007        1.07995        7.20000        0.00294        0.65545        1.07912       12.58878        0.03958        0.00720        0.00077        0.55279      100.60110        0.01233        0.05234       12.39492        0.00851        1.18342        0.55090       11.13797        0.03106        0.00593        0.00188      300.00000        5.38550
   66    1    1     1611.89286    14123.84853     6720.44533        2.58218       65.98211        0.00532        0.07443        1.01679       33.60000       13.46452        0.72129        1.01328       22.74452        0.12641        0.05525        0.00359        9.38985       56.16963        0.00384        0.04773       30.23650        0.50353        5.36860        9.31433       25.32290        0.14947        0.00099        0.07553      300.00000       92.94727
   67    1    1     2558.64166     1599.41530      626.76639        7.94962      100.52795        0.01234        0.00719        0.85581       16.30000        0.03859        0.89141        0.84316       21.36102        0.11585        0.00360        0.01260        1.21554      100.56053        0.01234        0.00699       16.38610        0.04015        0.53346        1.19970       21.36066        0.11616        0.00016        0.01584      300.00000        0.92544
   68    1    1     2444.91973     3439.82556     1451.13458        5.78767      118.49848        0.01715        0.03405        0.51936        3.40000        2.22652        1.28404        0.45053       15.17415        0.06030        0.00001        0.06891        2.73351      113.02342        0.01553        0.03472        5.57803        0.04001        1.25703        2.66491       15.19531        0.06046        0.00016        0.06861      300.00000       25.62219
   69    1    1     3581.38979    39395.92992    15967.44463        7.07111       79.43856        0.00771        0.00771        0.30690       11.80000       40.82043        1.42786        0.30670       12.84521        0.04112        0.00172        0.00019       25.25399       77.72278        0.00737        0.00709       12.55877        0.02109       17.28226       25.25242       12.84634        0.04128        0.00029        0.00157      300.00000        4.66710
   70    1    1     1700.46418     2032.01180      866.04080        1.46050       40.44240        0.00200        0.09165        0.45369        3.00000        0.49589        1.28404        0.45053        9.11782        0.02087        0.00644        0.00326        0.67234       28.80171        0.00101        0.04963       25.82786        0.77983        0.80773        0.67142       12.08121        0.03646        0.00758        0.00093      300.00000      123.00149
   71    1    1     4996.77281     1650.22106      577.56572        0.75546       15.50445        0.00029        0.05115        0.62597       44.60000        0.10023        1.12419        0.61038       10.07973        0.02586        0.00342        0.01560        1.00091       56.58826        0.00390        0.01467       35.85757        0.16938        0.63137        0.99719       19.70605        0.09756        0.01333        0.00372      300.00000      127.93658
   72    1    1     3251.55300     5315.77959     2591.74972        4.51616       48.14417        0.00283        0.01105        0.64627       23.80000        4.44145        1.10337        0.63119       11.68392        0.03291        0.00348        0.01515        3.81658       35.72472        0.00156        0.01519       25.01720        0.11424        2.26353        3.80238       10.47209        0.02788        0.00238        0.01420      300.00000       70.09979
   73    1    1     1481.88127     1720.99200      608.37108        3.66574      123.10366        0.01851        0.11923        0.75374       22.90000        0.03982        0.98041        0.75416       10.95280        0.02978        0.00634       -0.00046        1.58501      102.38410        0.01275        0.09333       32.47959        0.06565        0.15505        1.58167       11.65227        0.03319        0.00285        0.00334      300.00000       14.66202
   74    1    1     1894.92102     2646.80977     1159.29371        0.44616        6.88947        0.00006        0.02906        0.39974       22.80000        1.12328        1.33791        0.39666       14.13645        0.05016        0.00164        0.00308        0.63158        3.73135        0.00002        0.07876       20.03741        1.70424        0.47938        0.62844       13.57648        0.04507        0.00280        0.00314      300.00000      170.72838
   75    1    1     1126.59407     2337.94413      560.84657        7.32784      239.11947        0.06983        0.06022        1.46450       46.80000        0.72798        0.26996        1.46461        6.19795        0.00956        0.00000       -0.00012        0.76766      239.21342        0.06948        0.06154       46.61731        1.37629        0.31743        0.76793        6.17969        0.00943        0.00023       -0.00027      300.00000        0.06506
   76    1    1      984.76896     7921.62201     3710.37887        8.53157      243.51791        0.07243        0.02708        0.10023       17.50000        7.25501        1.63420        0.10036       10.70031        0.02849        0.00001       -0.00018        1.96309      243.63426        0.07237        0.02719       17.47875        0.12197        6.90460        1.96296       10.70045        0.02821        0.00001        0.00013      300.00000        0.10967
   77    1    1     2872.19430     1726.40919      740.27442        1.05465       10.59650        0.00014        0.01219        1.71424       22.50000        0.20185        0.02908        1.70548       10.24278        0.02653        0.02807        0.00876        1.39167       21.66951        0.00057        0.03361       20.23499        0.21554        0.32115        1.39164        7.07107        0.01233        0.03723        0.00004      300.00000      148.60077
   78    1    1     1477.04497    59205.88902    24739.99487        4.31009      146.02963        0.02604        0.11415        0.52417       33.30000       61.29469        1.21123        0.52333        0.98836        0.00024        0.00401        0.00090        7.09011      145.67100        0.02586        0.11677       33.33036        0.08390       55.85215        7.08578        4.77002        0.00555        0.00020        0.00433      300.00000       13.51585
   79    1    1     3620.41945     3922.58984     1715.11406        8.56673       68.55173        0.00574        0.00208        0.58580        8.00000        2.89221        1.18618        0.54838       13.79635        0.04518        0.03480        0.03738        0.46829       67.92838        0.00563        0.00190        8.43174        0.13022        4.08193        0.41496       13.79571        0.04480        0.01922        0.05333      300.00000        3.36816
   80    1    1     1076.40768     8540.41836     3804.09505        7.68940      245.92459        0.07386        0.05106        0.80438       25.80000        7.81903        0.93125        0.80331        9.92455        0.02420        0.00788        0.00094        4.45362      245.64500        0.07354        0.05073       26.08315        1.19876        3.90290        4.45268        9.92368        0.02420        0.00791        0.00093      300.00000        0.26446
   81    1    1     2541.55024     4689.11369     2366.17205        4.84984       97.15408        0.01153        0.03748        0.69436        4.90000        3.36601        1.06305        0.67151        5.12468        0.00672        0.00758        0.02281        4.41001       96.20351        0.01128        0.03653        5.59166        0.01719        0.70393        4.37988        5.41770        0.00700        0.00079        0.03013      300.00000       26.93053
   82    1    1     1673.53205     1836.99945      875.72244        6.90919      162.55776        0.03227        0.03533        0.57264        5.60000        0.11686        1.22598        0.50858       10.58513        0.02928        0.00042        0.06403        0.38387      163.37748        0.03250        0.03453        6.63150        0.07525        1.41965        0.35721       10.58506        0.02875        0.03827        0.02666      300.00000        1.57823
   83    1    1     1743.80192     1438.02762      623.70416        7.90618      149.97956        0.02747        0.01648        0.53674        4.40000        0.01043        1.19837        0.53620       11.24600        0.03111        0.00006        0.00048        0.93473      150.63915        0.02771        0.01643        4.03101        0.01250        0.79734        0.93501       11.24573        0.03122        0.00074       -0.00028      300.00000        0.52155
   84    1    1      966.97711     1606.67777      600.64572        8.36895      256.33125        0.08025        0.03433        1.18449       11.00000        0.00948        0.55421        1.18036        6.04828        0.00920        0.00816        0.00408        0.91442      256.44572        0.07990        0.03456       11.17498        0.00990        0.83060        0.90374        6.04884        0.00886        0.00186        0.01068      300.00000        0.05778
   85    1    1     1826.77291     7421.74290     3127.87462        1.16355       31.51809        0.00121        0.08840        0.52356       49.10000        6.70351        1.21046        0.52410        3.12346        0.00242        0.00023       -0.00059        3.97679       30.96600        0.00117        0.02438       54.73263        1.05451        3.44477        3.97729       10.65997        0.02816        0.00000       -0.00050      300.00000      129.40569
   86    1    1     2523.04477     2131.97812      538.57619        2.61446       59.42260        0.00431        0.05878        1.56970       24.00000        0.76293        0.17072        1.56384        5.03106        0.00616        0.00232        0.00587        1.48738       59.19299        0.00428        0.02060       35.59720        0.74819        0.29631        1.48771        6.37142        0.01009        0.00809       -0.00032      300.00000       48.03890
   87    1    1     6253.74172    18572.79996     8091.06365        5.22257       46.72383        0.00267        0.00711        0.59371       36.80000       19.49546        1.15742        0.57714        9.39721        0.02126        0.00032        0.01666       17.11031       33.90092        0.00140        0.00294       29.49983        0.23606        3.86622       17.08789       15.44050        0.05715        0.00392        0.02242      300.00000       28.99728
   88    1    1     5719.80841     3718.87499     1716.99175        2.06632       39.89223        0.00194        0.04358        0.86934       13.20000        2.43285        0.88472        0.84984        3.63612        0.00318        0.02465        0.01956        2.95996       33.99971        0.00141        0.01940       26.65299        0.34355        0.85461        2.94994       13.90394        0.04896        0.03237        0.01002      300.00000       26.94083
   89    1    1     3612.55749    21345.44338     8744.42231        6.52686       78.44010        0.00751        0.01013        0.11183       33.60000       22.20179        1.62880        0.10576        5.86893        0.00838        0.00068        0.00605       15.51894       74.37967        0.00675        0.01056       33.73929        0.97696        7.44278       15.51706        5.81606        0.00829        0.00487        0.00188      300.00000        5.89481
   90    1    1     2249.43195     3766.41815     1027.27297        5.95361      116.09758        0.01646        0.02998        1.03318       37.60000        2.63039        0.70204        1.03252        3.74094        0.00349        0.00136        0.00070        1.19810      118.63636        0.01713        0.03072       37.25096        1.71242        1.45315        1.19803        3.75426        0.00351        0.00189        0.00007      300.00000        3.33429
   91    1    1     2504.03068     2220.77393      921.43028        4.99627      110.50282        0.01491        0.04483        0.71818        7.80000        0.66767        1.03950        0.69506       19.12003        0.08758        0.00002        0.02305        0.23451      108.63779        0.01440        0.04720        7.29356        0.09101        2.07927        0.23026       19.04777        0.09124        0.01509        0.00424      300.00000       57.94977
   92    1    1     3720.00430     1717.00539      696.64713        2.49002       23.52315        0.00068        0.01022        1.48748       27.30000        0.19129        0.24658        1.48799       10.54051        0.02756        0.00128       -0.00053        0.39850       25.66823        0.00080        0.02720       22.96943        0.57025        0.94560        0.39780        9.45520        0.02232        0.00042        0.00070      300.00000      101.58385
   93    1    1     4812.04822     1566.23962      677.07599        0.11060        1.51497        0.00000        0.02291        0.82463       23.40000        0.03122        0.94092        0.79364        8.21792        0.01609        0.00115        0.03097        0.79720       16.19391        0.00032        0.03040       23.63265        0.12375        0.87486        0.76463        6.12597        0.00966        0.00074        0.03257      300.00000      115.19755
   94    1    1     4850.96953     1632.79672      601.99513        6.49319       56.55291        0.00391        0.00536        0.52251       12.10000        0.21882        1.24787        0.48669        9.88537        0.02322        0.00366        0.03578        0.80464       54.48310        0.00362        0.00495       12.62339        0.63304        0.53832        0.78270        9.88471        0.02343        0.01735        0.02194      300.00000        1.41593
   95    1    1     3635.53165     2160.60871     1078.44194        0.04374        0.81014        0.00000        0.04190        0.03492        4.30000        0.46832        1.70309        0.03147       10.03320        0.02528        0.10332        0.00349        0.25358       36.23648        0.00160        0.00497       26.28445        0.04153        1.94686        0.24775       10.28490        0.02666        0.10163        0.00583      300.00000       96.51108
   96    1    1     1661.96179    12784.49610     5910.90547        6.90314      165.47093        0.03344        0.03673        0.15944       27.00000       12.98811        1.61158        0.12299        3.20424        0.00265        0.00202        0.03641        7.20896      165.83701        0.03357        0.03680       27.02251        0.30235        7.21692        7.20327        3.20623        0.00250        0.03289        0.00570      300.00000        3.04120
   97    1    1     1783.55472     1975.85362      491.33801        2.28307       48.15387        0.00283        0.05150        1.37432       34.50000        0.48197        0.39131        1.34325       14.65122        0.05115        0.00107        0.03101        0.78893       50.29136        0.00307        0.06512       36.37004        0.66594        0.76532        0.78679       11.74748        0.03381        0.03195        0.00214      300.00000       92.24969
   98    1    1     4240.47011     1484.52918      569.86916        7.91990       60.36350        0.00445        0.00264        1.34741       16.30000        0.05227        0.39131        1.34325       15.47137        0.05843        0.00405        0.00418        0.96288       60.39842        0.00445        0.00269       16.28016        0.10658        0.71737        0.96286       15.47120        0.05900        0.00760        0.00003      300.00000        2.51108
   99    1    1     1909.90268     2368.89413      599.47889        5.26654      137.45626        0.02308        0.06012        1.32493       21.40000        0.83970        0.42292        1.31164       15.86545        0.06079        0.00078        0.01334        1.33542      133.61720        0.02161        0.06200       20.50473        0.68525        0.55526        1.33191       16.05188        0.06471        0.00807        0.00351      300.00000       20.41775
  100    1    0     1775.68519  4622791.01161 17841284.13785        2.85402       30.61034        0.00114        0.01290        0.95561        8.80000      627.29501        0.78115        0.95341        5.11464        0.00655        0.00547        0.00220   -38183.58135        0.00000        0.00000        0.00000       42.97088        0.04322    38812.59927   -38183.58135        0.00000        0.00000        0.00000        0.00000      300.00000        0.00000
