    1    1    1     2766.95003     1832.72977      816.42920        7.29926       97.44454        0.01160        0.01017        0.76566       44.90000        0.16313        0.97065        0.76391        8.86032        0.01925        0.01834   -33197.38210        0.04963       97.61571        0.01162        0.01012       44.91724        0.21023        1.65267        0.03486        8.85517        0.01891        0.00561        0.01476      300.00000        0.28171
    2    1    1     1247.22575     2277.65280      941.85536        1.67791       48.80223        0.00291        0.10041        0.27371       21.20000        0.77304        1.46394        0.27062        2.82952        0.00196        0.01116        0.00306        1.58494       21.09338        0.00054        0.08075       25.67886        0.21891        0.72638        1.57433        6.83289        0.01130        0.00430        0.01061      300.00000      142.38973
    3    1    1     1370.78077    21493.85954     9793.61256        8.92018      159.25730        0.03098        0.00795        0.53948       22.40000       21.69562        1.21035        0.52422        7.54336        0.01372        0.08654        0.01523        5.41687      159.30063        0.03099        0.00793       22.41504        0.25577       17.79394        5.38047        7.54273        0.01468        0.06445        0.03640      300.00000        0.31645
    4    1    1     1386.13687     1834.04603      704.54668        7.94837      186.14417        0.04232        0.02467        1.01122        5.10000        0.02904        0.72604        1.00852       23.41780        0.13753        0.06630        0.00267        1.30620      186.16669        0.04221        0.02484        4.91311        0.00467        0.52935        1.22947       23.41766        0.12776        0.00207        0.07673      300.00000        0.93711
    5    1    1     1419.96913     1723.56892      601.93764        0.42062       15.39086        0.00029        0.16324        0.78454       12.70000        0.01857        0.94984        0.78472       11.71596        0.03414        0.01619       -0.00016        1.07178       22.69191        0.00063        0.06224       31.08645        0.16395        0.56082        1.06718       19.98861        0.10051        0.00687        0.00460      300.00000      143.45034
    6    1    1     1927.35733     2030.01769      734.58879        0.32624        9.50144        0.00011        0.10348        0.56313       14.80000        0.45635        1.18225        0.55231       16.33038        0.06759        0.00301        0.01089        1.52224       48.94938        0.00292        0.02280       47.15744        0.19213        0.58860        1.50989       13.64227        0.04724        0.00000        0.01235      300.00000      126.11623
    7    1    1     2646.64117     1465.52712      641.09147        4.65824       98.22197        0.01178        0.04252        0.81161        2.30000        0.00281        0.92301        0.81155        4.17110        0.00433        0.00000        0.00003        0.82350       99.34576        0.01199        0.03950       11.11466        0.00729        0.91277        0.82354        1.91692        0.00091        0.00010       -0.00003      300.00000       44.52944
    8    1    1     1965.76636     1526.92185      634.07702        2.04621       47.99150        0.00281        0.06437        0.79569       12.20000        0.01704        0.94542        0.78914        1.52397        0.00057        0.01209        0.00656        0.27900       61.11942        0.00456        0.03850       17.34330        0.01696        1.46562        0.27643        8.19433        0.01683        0.01652        0.00257      300.00000       73.66025
    9    1    1     1696.26569     2652.02745      756.56627        4.18064      109.58041        0.01467        0.06924        0.97807       21.80000        1.32778        0.76482        0.96975       10.08074        0.02467        0.00038        0.00838        1.85573      119.50708        0.01734        0.09067       22.17490        0.40385        0.79715        1.85617        4.73418        0.00554        0.00934       -0.00044      300.00000        7.69345
   10    1    1     5010.04165    44319.76627    18254.33446        5.80304       74.20255        0.00672        0.01324        0.09977       31.50000       45.95191        1.63428        0.10028       11.68399        0.03376        0.01823       -0.00052        1.28698       75.47488        0.00695        0.01347       29.35204        2.72855       43.66952        1.28712       11.82854        0.03452        0.01795       -0.00014      300.00000      112.51249
   11    1    1     2722.59424     1856.48331      760.41362        1.02255       19.63279        0.00047        0.04455        1.24541       16.80000        0.35166        0.53554        1.19903        5.86946        0.00894        0.00365        0.04644        1.66925        7.54787        0.00007        0.01232       16.28370        0.05859        0.41285        1.63630        8.76801        0.01980        0.01735        0.03295      300.00000      138.96130
   12    1    1     1877.93143     1676.41282      482.15934        7.42994      142.89578        0.02494        0.02024        1.55115       14.30000        0.23144        0.18742        1.54714        5.93307        0.00860        0.00547        0.00397        1.41665      142.09359        0.02465        0.02057       14.21697        0.25077        0.29870        1.41642        5.94150        0.00870        0.00922        0.00023      300.00000        0.37604
   13    1    1     1173.93696    25437.86263    11231.76396        3.67611      139.65679        0.02382        0.15245        0.12341       28.60000       25.79382        1.61237        0.12220        9.35619        0.02149        0.02882        0.00127        1.83349      146.46703        0.02619        0.19173       27.39600        0.51743       25.16753        1.80343        8.50856        0.01726        0.00256        0.03006      300.00000       17.55400
   14    1    1     2078.96590    11255.46574     4929.47541        6.64446      128.27215        0.02010        0.02542        1.31836       31.80000       11.44427        0.43924        1.29533        5.95334        0.00849        0.00973        0.02306        3.91706      128.64156        0.02020        0.02549       31.79648        1.06289        8.21628        3.89962        5.92677        0.00895        0.01474        0.01744      300.00000        0.63943
   15    1    1     2268.28868     2134.01039      747.15198        5.59479      117.92704        0.01698        0.03728        0.72417       16.10000        0.85180        1.01033        0.72423        4.21450        0.00442        0.01466       -0.00004        0.78614      117.44405        0.01674        0.03779       16.10599        0.75336        1.05847        0.77453        4.07920        0.00402        0.00313        0.01160      300.00000       13.64022
   16    1    1     2368.28887     1901.58012      586.41340        4.31977       76.17215        0.00709        0.03089        1.66527       19.60000        0.46961        0.06893        1.66563        4.77132        0.00566        0.00629       -0.00036        1.18195       69.68926        0.00591        0.04807       20.80597        0.77341        0.23864        1.17817        3.73715        0.00351        0.00224        0.00378      300.00000       13.51650
   17    1    1     2921.15780     1531.53785      725.20390        4.46236       56.95962        0.00396        0.01594        0.87138        1.60000        0.00029        0.86444        0.87012        4.91385        0.00604        0.00094        0.00126        1.46635       58.81593        0.00422        0.01735        3.86389        0.00071        0.26828        1.46619        3.99825        0.00394        0.00213        0.00016      300.00000       43.49985
   18    1    1     2291.43709   137986.74791    58228.62919        0.32080        5.23393        0.00003        0.03248        1.32948       14.40000      140.43300        0.40590        1.32867        8.93372        0.01993        0.00104        0.00091        7.78322       36.45081        0.00162        0.02555       22.21107       22.50053      111.88009        7.78378       10.51349        0.02738        0.00351       -0.00056      300.00000      131.93269
   19    1    1     1729.42517     1777.11339      579.45589        5.13217      141.59141        0.02449        0.06848        1.65675       26.40000        0.28129        0.09880        1.63576        6.84737        0.01125        0.01976        0.02091        1.41778      143.11481        0.02500        0.07350       26.19877        0.21432        0.39953        1.40157        5.15654        0.00640        0.02428        0.01621      300.00000       10.52226
   20    1    1     2564.83862     1637.94778      804.07156        2.98512       42.92325        0.00225        0.02300        1.42637        6.40000        0.00222        0.30772        1.42685        8.82072        0.01925        0.01683       -0.00045        1.54392       37.58782        0.00172        0.01933        3.32016        0.00069        0.19031        1.54291       10.22418        0.02612        0.01554        0.00101      300.00000       94.38827
   21    1    1     2497.14156     1408.12361      627.70842        3.23532       44.29581        0.00240        0.02050        0.46137        4.90000        0.03783        1.28426        0.45031        8.28344        0.01661        0.00011        0.01101        1.58109       35.11663        0.00150        0.02425        3.86051        0.09206        0.10234        1.57794        7.70885        0.01492        0.00692        0.00315      300.00000       89.30159
   22    1    1     1986.71754     2231.89494      913.10438        2.88976       68.34747        0.00571        0.06262        1.14264       21.70000        0.78182        0.60470        1.12986       15.27727        0.05639        0.00888        0.01280        0.12465       44.11986        0.00238        0.03481       35.05664        0.06097        2.38378        0.12407       12.22428        0.03676        0.01940        0.00058      300.00000       79.90624
   23    1    1     1226.49185   102611.02768    42425.44201        0.51250       13.57645        0.00023        0.08548        0.09549       34.90000      104.43141        1.64002        0.09454        9.92455        0.02420        0.00788        0.00103       25.28536        8.37366        0.00009        0.12455       29.20266        0.08266       80.75308       25.28274       11.03853        0.03055        0.00841        0.00262      300.00000      170.95323
   24    1    1     2010.06432    10817.14562     5011.38404        6.65370      133.87590        0.02189        0.02755        0.32072       15.20000       10.73131        1.41713        0.31744       11.77266        0.03480        0.09155        0.00331        3.23620      134.17025        0.02194        0.02856       14.42105        0.13784        9.17823        3.14871       11.77359        0.03216        0.01002        0.08750      300.00000        0.97445
   25    1    1     4628.34789     2457.77655     1079.46797        1.81282       20.52791        0.00051        0.01515        0.85873       14.40000        1.08005        0.87825        0.85631       11.14677        0.03114        0.00031        0.00246        1.89078       29.86752        0.00109        0.00428       19.78041        0.16103        0.77142        1.89130       11.41895        0.03227        0.00329       -0.00052      300.00000       69.42734
   26    1    1     2496.12603     2527.53267     1097.36080        7.97331      102.89752        0.01293        0.00741        0.90960       24.20000        1.16864        0.83479        0.89977        1.00659        0.00026        0.00419        0.00980        0.70668      102.56251        0.01284        0.00762       24.15637        0.60234        1.59353        0.70721        0.99942        0.00025        0.01454       -0.00053      300.00000        1.22025
   27    1    1     1303.05113     3490.24212     1454.55561        6.23140      204.44916        0.05105        0.08042        0.20369       24.20000        2.06804        1.53725        0.19731        6.49580        0.01027        0.00020        0.00637        0.61842      203.47564        0.05049        0.08212       23.80130        0.89631        2.29196        0.61333        6.45932        0.01017        0.00143        0.00510      300.00000        2.09292
   28    1    1     1315.94393     1780.53283      817.87005        8.47478      183.48247        0.04112        0.01613        1.20817        9.20000        0.16928        0.53711        1.19746       12.05160        0.03516        0.00296        0.01068        0.44880      183.41717        0.04092        0.01631        9.21829        0.50287        0.95262        0.44837       12.05174        0.03575        0.01267        0.00043      300.00000        0.63968
   29    1    0     1925.60615  1994879.23431   639281.77591        6.05383      127.52849        0.01986        0.03434        0.34437        4.40000     1774.27091        1.38962        0.34495       14.74309        0.05384        0.02584       -0.00050      768.55631        0.00000        0.00000        0.00000      123.49364        0.02701     1007.54913      768.55631        0.00000        0.00000        0.00000        0.00000      300.00000        0.00000
   30    1    1     1128.77391     1811.20713      574.10401        7.69471      233.96067        0.06685        0.04606        0.49467       10.50000        0.19503        1.24586        0.48870        2.16176        0.00118        0.05507        0.00591        0.83228      234.21740        0.06693        0.04583       10.69913        0.79415        0.30280        0.83286        2.16824        0.00117        0.06157       -0.00058      300.00000        0.28205
   31    1    1     2865.02857     2009.13252      893.33440        4.04423       89.19914        0.00972        0.04970        0.45716       12.00000        0.49550        1.27910        0.45546        3.43107        0.00289        0.00241        0.00165        0.51081       94.73722        0.01092        0.02793       17.80971        0.72791        1.00273        0.51133        6.84301        0.01162        0.00454       -0.00052      300.00000       51.77560
   32    1    1     2426.87381     9329.00066     3908.88954        6.32027      114.03934        0.01588        0.02388        0.57873       25.30000        9.23962        1.20871        0.52585        8.86982        0.01852        0.01569        0.05287        6.60434      113.37182        0.01567        0.02482       24.98870        0.34123        4.06025        6.57202        8.87026        0.01873        0.03601        0.03232      300.00000        7.06212
   33    1    1     1687.66277     1505.62344      581.59820        6.58134      158.68938        0.03076        0.04025        1.69915        8.70000        0.04071        0.05896        1.67561        9.43986        0.02282        0.00049        0.02352        0.63082      160.41981        0.03127        0.04098        7.17152        0.03118        1.13208        0.61078        9.43818        0.02275        0.00405        0.02004      300.00000        0.86981
   34    1    1     2856.03552     1749.85145      696.40956        6.13406       93.65339        0.01071        0.01776        1.00205       21.30000        0.30009        0.74784        0.98672       12.60579        0.03831        0.01106        0.01526        0.77555       93.97615        0.01078        0.01814       21.10184        0.11889        1.14050        0.77487       12.59543        0.03959        0.02437        0.00067      300.00000        3.79594
   35    1    1     1836.07866     9065.55446     4113.98325        3.23565       66.71768        0.00544        0.04649        0.38119       31.90000        8.85610        1.39070        0.34387        7.10496        0.01303        0.00036        0.03740        6.65997       50.38989        0.00310        0.04600       30.53096        0.53728        3.42511        6.62526        9.56087        0.02173        0.00011        0.03471      300.00000       83.53877
   36    1    1     1954.10174     1877.75517      853.88500        5.28788      134.26115        0.02202        0.05672        0.11181       22.00000        0.27735        1.62391        0.11066        5.91544        0.00859        0.00524        0.00106        0.07479      133.48666        0.02176        0.05247       22.08723        1.36543        0.57202        0.07484        7.20863        0.01281        0.00635       -0.00006      300.00000       15.35771
   37    1    1      903.35303     9419.39001     4651.78993        0.62610       25.58938        0.00080        0.20322        0.74229       17.10000        9.02499        1.02737        0.70719       10.74539        0.02977        0.00003        0.03508        5.73481       68.27994        0.00567        0.29572       34.78472        0.50672        4.38534        5.72853       17.86008        0.07762        0.02259        0.00629      300.00000      136.27199
   38    1    1     1377.66197     2899.56929      557.90818        8.26546      181.71629        0.04033        0.01870        1.29857       36.20000        1.48274        0.44091        1.29366        7.90034        0.01571        0.00660        0.00486        1.72879      181.91919        0.04030        0.01878       36.19463        1.19909        0.29814        1.72006        7.89942        0.01514        0.00331        0.00874      300.00000        0.28323
   39    1    1     2992.98154     1913.16147      789.90057        5.19542       96.12195        0.01128        0.03052        1.27446       16.00000        0.40994        0.47115        1.26341        6.99296        0.01184        0.00744        0.01104        0.44922       96.97241        0.01142        0.02700       18.53840        1.19613        0.50492        0.44808        6.63538        0.01081        0.01713        0.00114      300.00000       40.65812
   40    1    1      972.37546     1896.16599      773.24571        8.98565      219.18198        0.05867        0.01399        1.49911       26.50000        0.19613        0.25359        1.48098       18.19954        0.07965        0.03235        0.01809        1.50479      219.25817        0.05853        0.01407       26.54018        0.19327        0.23234        1.50520       18.19952        0.08184        0.04865       -0.00041      300.00000        0.01831
   41    1    1     3492.34538   837700.21834   316448.35251        0.78038       23.09038        0.00065        0.10627        0.86540       13.50000      790.59699        0.86869        0.86588       20.50865        0.10403        0.00058       -0.00050       29.16083       14.90547        0.00027        0.00659       40.17395        0.18129      763.17749       29.15622        7.95507        0.01544        0.00058        0.00461      300.00000      156.13782
   42    1    1     2095.34877     3194.08552     1254.03714        2.76687       43.73603        0.00234        0.02818        1.32826       25.90000        1.86021        0.45311        1.28145        4.98938        0.00646        0.00690        0.04688        2.35359       52.80793        0.00340        0.06146       32.31565        0.80112        0.42317        2.33962        3.37600        0.00275        0.03997        0.01398      300.00000       87.02485
   43    1    1     4372.75281    12960.25784     5629.88504        4.41189       73.09725        0.00653        0.02700        0.13583       14.90000       13.39030        1.61428        0.12029        5.82870        0.00865        0.00013        0.01551       13.92130       65.93684        0.00531        0.01058       22.29271        0.15620        1.05725       13.92145        8.80116        0.01910        0.01299       -0.00015      300.00000       78.28996
   44    1    1     3230.22826     3476.02605     1575.98887        5.34464       94.99468        0.01102        0.02756        0.12059       16.60000        2.23866        1.61428        0.12029       14.05472        0.04864        0.01557        0.00021        1.12577       91.92994        0.01032        0.02111       20.30306        0.07434        2.78841        1.11775       14.02724        0.04972        0.00665        0.00802      300.00000       39.82595
   45    1    1     2740.16338     1561.60697      596.15553        5.29877       97.28743        0.01156        0.02961        1.20994       13.70000        0.09659        0.57075        1.16382        7.26801        0.01370        0.01088        0.04617        0.60698       98.82026        0.01191        0.02980       16.23559        0.29924        0.97001        0.56582        5.91429        0.00905        0.01604        0.04116      300.00000       25.32020
   46    1    1     2045.10494     1730.11181      876.60487        7.93441      127.04090        0.01971        0.01160        0.87977       27.10000        0.05534        0.86547        0.86909        3.28202        0.00261        0.00242        0.01061        1.07784      127.01145        0.01969        0.01157       27.12075        0.05048        0.67390        1.06558        3.28590        0.00274        0.00069        0.01225      300.00000        0.29485
   47    1    1     1558.37180     1553.67910      643.36867        1.60557       37.29842        0.00170        0.06421        1.11274        8.00000        0.01097        0.62524        1.10933       13.78914        0.04775        0.01931        0.00347        1.17421       54.54374        0.00361        0.06041       14.50948        0.01004        0.58553        1.15483       13.19784        0.04447        0.00366        0.01938      300.00000      111.89277
   48    1    1     3687.67597     1874.30065      760.08318        2.45039       48.88282        0.00292        0.04569        0.90312       22.00000        0.34328        0.85013        0.88443        5.70930        0.00784        0.01556        0.01871        0.66857       55.47347        0.00375        0.01759       36.94107        0.49154        0.95521        0.66121        4.54985        0.00523        0.02666        0.00735      300.00000       26.08558
   49    1    1     1738.24093     2940.94971      595.42120        8.31333      144.58852        0.02553        0.01141        1.35574       33.70000        1.68720        0.37881        1.35575       10.41650        0.02702        0.02673        0.00000        2.06078      144.44819        0.02545        0.01167       33.65899        1.28999        0.09080        2.04084       10.41660        0.02606        0.00771        0.01994      300.00000        0.49465
   50    1    1     2046.66922     2987.84417     1089.98689        4.45786      106.13494        0.01376        0.05547        0.70396       21.10000        1.78050        1.03010        0.70446        9.48323        0.02230        0.03779       -0.00056        2.35980      107.83904        0.01417        0.05396       22.14572        0.43525        0.75070        2.33030        9.44859        0.02130        0.00871        0.02951      300.00000       11.24329
   51    1    1     5280.95745     1782.19601      662.00116        4.66008       73.42335        0.00658        0.02373        0.53559       12.40000        0.35384        1.19880        0.53577       13.68617        0.04661        0.00499       -0.00011        0.29319       53.27164        0.00347        0.03191       25.48866        0.34589        1.47488        0.29161        8.16875        0.01669        0.00411        0.00158      300.00000      166.77210
   52    1    1     4394.38938     3150.72797     1374.96608        2.84831       51.40954        0.00323        0.03656        0.61521        9.90000        1.93955        1.12721        0.60736        7.89459        0.01514        0.01006        0.00792        1.81490       54.97712        0.00368        0.03273       10.39872        0.01699        1.86451        1.81119        0.79495        0.00015        0.01401        0.00371      300.00000       11.75127
   53    1    1     1584.70996     1680.65145      730.54364        0.63414       16.98877        0.00035        0.08731        0.11011        4.90000        0.02630        1.62391        0.11066        6.32615        0.00991        0.00071       -0.00051        1.51191       28.84357        0.00101        0.05927       13.19673        0.01115        0.24081        1.51234       11.73906        0.03405        0.00039       -0.00043      300.00000      144.86748
   54    1    1     1923.34202     2018.18241      746.08808        5.08278      137.58313        0.02312        0.06637        0.72084       16.20000        0.67542        1.01330        0.72127        8.63984        0.01844        0.00000       -0.00042        1.96720      141.81923        0.02454        0.06194       17.49172        0.29086        0.15365        1.96760        8.82130        0.01923        0.00005       -0.00039      300.00000       28.61471
   55    1    1     4247.04717     1730.41495      711.04896        0.69949       12.53972        0.00019        0.03906        0.26265       21.80000        0.31085        1.50206        0.23250       10.48824        0.02828        0.00110        0.03016        0.90357        5.64946        0.00004        0.00269       28.76333        0.04056        1.15493        0.87260       12.92868        0.03983        0.00256        0.03097      300.00000      164.09993
   56    1    1     2772.20377     3441.55405     1738.65686        5.89022       96.44990        0.01136        0.02139        0.32837        9.80000        2.08556        1.40945        0.32512        2.81309        0.00199        0.01701        0.00334        0.28795       95.82838        0.01121        0.02022       10.35825        1.33658        2.21338        0.27072        3.24285        0.00268        0.00309        0.01722      300.00000        5.83705
   57    1    1     2487.26650     8698.14633     3973.07700        0.63729        6.44421        0.00005        0.01244        1.14378       41.60000        8.31966        0.59319        1.14137        2.57118        0.00166        0.02964        0.00244        0.70310       12.90816        0.00020        0.04916       21.22817        0.16824        9.14280        0.69159        7.92273        0.01518        0.02173        0.01150      300.00000      174.27727
   58    1    1     1654.46466     8246.88434     3506.64279        7.23953      161.63341        0.03191        0.02897        1.35301       20.20000        7.53562        0.38444        1.35012       12.80311        0.04112        0.00763        0.00288        7.72349      161.61414        0.03184        0.02898       20.23945        0.20470        1.35038        7.71519       12.79991        0.03977        0.00356        0.00829      300.00000        0.97529
   59    1    1     2587.95514     1464.68934      603.11782        8.15307       97.74342        0.01167        0.00589        0.89175       20.70000        0.03778        0.84813        0.88643        7.91032        0.01576        0.00099        0.00534        1.03296       97.78163        0.01167        0.00578       20.70299        0.03132        0.70784        1.03321        7.91365        0.01546        0.00694       -0.00025      300.00000        0.29063
   60    1    1     4195.37671     1513.02101      595.52270        6.26308       65.21898        0.00519        0.00805        1.66812        9.80000        0.14740        0.10306        1.63150        3.50355        0.00292        0.01784        0.03670        0.80050       65.61601        0.00525        0.00740       10.03102        0.14950        0.97878        0.75392        3.70109        0.00324        0.00792        0.04658      300.00000        6.16549
   61    1    1     3273.60363     3734.17414      863.22969        8.01945       81.92037        0.00820        0.00455        0.99878       29.10000        2.56179        0.73690        0.99766       16.97815        0.07079        0.00260        0.00111        1.07820       82.56361        0.00832        0.00446       29.10235        1.84948        1.36826        1.07862       16.97815        0.07162        0.00327       -0.00042      300.00000        4.35986
   62    1    1     6713.52207     1526.19664      628.69401        0.09364        0.80615        0.00000        0.00905        0.54797       13.70000        0.07315        1.21070        0.52387        6.05400        0.00939        0.01957        0.02410        1.06493       11.01641        0.00015        0.00646       19.98983        0.02373        0.73784        1.05692        2.68818        0.00175        0.03496        0.00801      300.00000      129.83430
   63    1    1     1493.22753     2908.36408     1279.69519        8.14554      172.18088        0.03621        0.01836        0.37508       10.90000        1.60532        1.36199        0.37257       14.66173        0.05390        0.01924        0.00251        0.44433      172.66504        0.03635        0.01864       10.46791        0.64843        2.26889        0.42211       14.66207        0.05153        0.00194        0.02222      300.00000        0.83086
   64    1    1     3235.56168     1743.91470      849.65501        2.71678       49.57974        0.00300        0.03767        1.08863       15.10000        0.17323        0.64806        1.08651        3.69011        0.00334        0.00188        0.00206        0.02307       44.95842        0.00246        0.00910       17.00866        0.93768        0.97170        0.02339        5.47650        0.00746        0.00434       -0.00032      300.00000       37.12040
   65    1    1     2803.94387     1469.34646      706.36968        1.23784       23.08057        0.00065        0.04181        0.39250       12.20000        0.01039        1.34308        0.39149        5.81391        0.00830        0.06148        0.00097        1.40713       20.15495        0.00050        0.01076       21.06503        0.01829        0.33587        1.40482        9.62063        0.02320        0.06249        0.00231      300.00000      130.69911
   66    1    1     4929.93667     2027.99012      716.98879        4.79962       41.27737        0.00208        0.00695        0.71505       33.70000        0.59912        1.03503        0.69954        3.44960        0.00287        0.00193        0.01548        0.57071       35.45667        0.00153        0.01042       26.64578        0.58823        1.16867        0.55351        9.79965        0.02311        0.00035        0.01720      300.00000        2.90047
   67    1    1     6401.03350     3668.80429     1486.67768        6.31512       62.68377        0.00480        0.00723        0.99063       13.10000        2.73705        0.74500        0.98956       10.48819        0.02749        0.03101        0.00096        1.46347       41.17980        0.00207        0.01541       16.55983        0.83286        2.18168        1.45136       10.72329        0.02780        0.01994        0.01212      300.00000       93.61173
   68    1    1     2475.76339     4944.23235     2214.52728        2.08229       49.02362        0.00294        0.06476        1.49585       10.40000        3.73207        0.25457        1.48000       17.85164        0.07678        0.01776        0.01578        1.23173       12.50511        0.00019        0.01217       39.23709        0.98995        3.30222        1.22056       18.66472        0.08431        0.02416        0.01117      300.00000      119.15228
   69    1    1     1611.86236    23940.48494    10964.85500        2.23796       48.01179        0.00282        0.05340        0.49121       21.30000       24.81804        1.24283        0.49173       13.15439        0.04282        0.00061       -0.00049        3.30646       22.26893        0.00061        0.06092       23.34523        0.14982       23.08021        3.30624       14.67784        0.05369        0.00005        0.00022      300.00000      129.13628
   70    1    1     1647.66597     3640.16563     1434.07200        0.92873       18.85070        0.00043        0.04988        0.74763       28.10000        2.06502        0.98728        0.74728       20.09276        0.10065        0.03018        0.00030        0.90247       32.56606        0.00129        0.07138       34.44177        1.74823        1.10874        0.89800       22.34650        0.12560        0.02339        0.00447      300.00000      138.89133
   71    1    1     1917.66438     1823.80430      666.37776        2.46134       46.46863        0.00264        0.04089        0.81515       21.90000        0.30683        0.92130        0.81327       17.68797        0.07668        0.01876        0.00200        1.76379       26.92691        0.00088        0.05685       16.52389        0.12354        0.15223        1.75878       16.79131        0.07098        0.01400        0.00501      300.00000      104.10678
   72    1    1     9216.79596     1418.77465      573.51659        1.93560       23.17723        0.00066        0.01686        0.63602        5.60000        0.02374        1.13679        0.59777        3.18410        0.00241        0.00000        0.03820        1.60763       15.33788        0.00029        0.00139       18.22410        0.05704        0.13037        1.58819        3.20017        0.00261        0.01715        0.01944      300.00000       18.09238
   73    1    1     1392.22392     1847.25009      752.31047        0.78644       18.99947        0.00044        0.07084        1.20294       22.80000        0.35535        0.53895        1.19562        5.27321        0.00702        0.05416        0.00741        0.90622       36.38048        0.00161        0.06793       25.44821        0.03679        1.20793        0.84763        3.26835        0.00279        0.00643        0.05858      300.00000      145.96967
   74    1    1     4659.91956     2622.97002     1162.95384        0.22842        4.44817        0.00002        0.04629        0.79355        8.20000        1.20932        0.95369        0.78088       12.48303        0.03765        0.00035        0.01257        0.18035       30.18847        0.00111        0.00234       35.16454        2.51199        0.30644        0.17286       11.73858        0.03348        0.00517        0.00749      300.00000       91.61075
   75    1    1     1481.82338    62025.55334    24595.12481        1.72498       42.04509        0.00216        0.07040        1.08779       29.70000       64.37936        0.64701        1.08755       12.60571        0.03913        0.02525        0.00018       37.86547      108.45152        0.01434        0.10465       28.03821        0.27287       27.90687       37.86360       16.09556        0.06487        0.02204        0.00186      300.00000       74.22656
   76    1    1     3835.08126     4417.73473     1423.02650        2.91227       25.93469        0.00082        0.00886        0.70161       40.50000        3.39661        1.06766        0.66690        7.75987        0.01552        0.00079        0.03475        1.77297       38.25012        0.00179        0.00847       41.40674        2.35214        1.04204        1.73892        7.06902        0.01189        0.00260        0.03405      300.00000       78.45640
   77    1    1     2220.65259     3287.59973      840.96113        8.00501      116.76953        0.01665        0.00933        1.08154       42.40000        1.89918        0.70041        1.03416       22.51067        0.11965        0.00001        0.04732        2.44579      116.60395        0.01657        0.00940       42.41744        0.70540        0.51923        2.40921       22.51084        0.12035        0.01002        0.03658      300.00000        0.19167
   78    1    1     5457.06727     1596.80465      803.92178        5.39389       52.33499        0.00335        0.00815        1.41041        3.70000        0.00810        0.34110        1.39346        4.87810        0.00573        0.00617        0.01692        1.57825       55.32881        0.00373        0.00716       10.44048        0.00972        0.16866        1.56859        2.32406        0.00137        0.01412        0.00965      300.00000       52.96231
   79    1    1     1513.06063     1516.13603      693.01894        0.91502       22.05684        0.00059        0.07037        0.55714       23.00000        0.02500        1.20497        0.52959        3.59112        0.00331        0.00009        0.02744        0.58217       15.27806        0.00028        0.05782       26.72157        0.03885        1.15119        0.57977        4.65727        0.00544        0.02573        0.00240      300.00000      156.22486
   80    1    1      918.18022    18947.25839     8482.47544        8.09080      279.37878        0.09533        0.05030        0.40706       29.30000       20.12071        1.33629        0.39827        6.54768        0.01084        0.00038        0.00886       12.58340      279.35152        0.09527        0.05040       29.30444        1.18253        8.09389       12.57880        6.54785        0.01079        0.00465        0.00459      300.00000        0.08023
   81    1    1     1689.91990     2522.39434      861.37482        3.03108       79.01926        0.00763        0.07538        0.77671       38.40000        1.19299        0.95738        0.77719        2.36233        0.00138        0.00261       -0.00053        1.60596       91.97682        0.01031        0.06139       44.36537        0.63299        0.69771        1.60612        3.83081        0.00365        0.00207       -0.00016      300.00000       51.23517
   82    1    1     8954.66512     1472.34258      618.28299        4.51273       40.42625        0.00200        0.00781        1.27075       18.10000        0.12626        0.47128        1.26328        7.03292        0.01202        0.01088        0.00741        1.73008       49.18189        0.00295        0.01366        7.94325        0.08271        0.04504        1.72334        8.10906        0.01659        0.00997        0.00674      300.00000      128.83008
   83    1    1     1660.41096     1683.39125      745.68268        6.22535      161.18441        0.03173        0.05014        1.42010       29.10000        0.17859        0.35146        1.38311        5.66734        0.00829        0.03207        0.03704        0.49992      161.03738        0.03157        0.04820       29.51571        0.04617        1.41059        0.45761        5.96517        0.00921        0.02672        0.04231      300.00000        2.28063
   84    1    1     1673.51826     5446.16770     2308.36116        8.87740      130.68895        0.02086        0.00561        0.82577       35.90000        4.48004        0.94556        0.78900       13.17777        0.04124        0.00448        0.03677        5.03724      130.58535        0.02081        0.00564       35.91491        0.54565        0.65529        5.01371       13.17782        0.04159        0.01733        0.02353      300.00000        0.59033
   85    1    1     2102.15368     3666.40386     1517.53021        6.12382      130.72272        0.02087        0.03478        1.40238       21.40000        2.43130        0.47927        1.25529        2.61652        0.00184        0.03044        0.14707        2.84412      130.83032        0.02085        0.03467       21.54953        0.16854        1.32848        2.66917        2.53720        0.00145        0.00277        0.17495      300.00000        8.06017
   86    1    1     3596.71585     3855.62332     1917.46132        3.42762       36.50424        0.00163        0.01223        0.56662       13.70000        2.53259        1.16739        0.56718       10.24796        0.02604        0.02021       -0.00059        1.48625       45.48058        0.00251        0.01335       23.22855        0.32665        2.46937        1.47361        9.59617        0.02225        0.00632        0.01264      300.00000       61.40901
   87    1    1     1494.49958   122295.18722    48080.00102        4.00806       81.25805        0.00806        0.04213        0.00113       52.00000      123.39317        1.73292        0.00165       15.08724        0.05634        0.00071       -0.00051       23.22028      117.29849        0.01678        0.28320       25.37049        0.12228      101.52873       23.22022       15.87158        0.06208        0.00113        0.00006      300.00000       64.63781
   88    1    1     2079.02384    11680.35973     5258.29601        6.44513      129.92447        0.02062        0.02901        0.89207       29.40000       11.82399        0.84482        0.88975        5.41060        0.00734        0.00148        0.00229        4.86912      129.19719        0.02036        0.02970       29.26255        0.05100        8.63792        4.86935        5.37808        0.00719        0.00401       -0.00024      300.00000        2.55170
   89    1    1     3071.93061     2082.62469      653.00029        2.43778       38.49493        0.00181        0.02864        1.03387       16.40000        0.75964        0.70041        1.03416        8.11957        0.01628        0.00096       -0.00035        1.48331       54.44311        0.00361        0.01079       22.92700        0.34839        0.67529        1.48380        8.83608        0.01931        0.00091       -0.00050      300.00000       59.41451
   90    1    1     4301.08962     1617.03635      713.25197        3.70953       42.74508        0.00223        0.01399        1.46084       32.30000        0.11734        0.27325        1.46131        2.68101        0.00178        0.00003       -0.00052        1.19451       46.10299        0.00259        0.00528       34.67901        0.13894        0.52622        1.19498        2.77932        0.00192        0.00001       -0.00047      300.00000       32.05890
   91    1    1     6953.95167     2048.71760      865.87510        0.72935       16.05115        0.00031        0.05884        0.00636       19.60000        0.37018        1.72802        0.00654       18.93225        0.08843        0.00361       -0.00016        1.86465       36.05588        0.00158        0.00477       27.19578        0.04039        0.22187        1.85858       22.39888        0.12214        0.00037        0.00607      300.00000       14.65142
   92    1    1     1579.68050     1909.78876      858.82233        8.98801      132.56648        0.02146        0.00511        0.11297        7.70000        0.51721        1.62453        0.11003        7.46658        0.01399        0.00369        0.00294        0.97018      132.75385        0.02151        0.00504        7.82127        0.13033        1.15777        0.96376        7.46688        0.01357        0.00055        0.00642      300.00000        0.65477
   93    1    1     3020.99208     1560.97949      475.63011        8.90586       71.30698        0.00621        0.00162        1.36707       16.50000        0.15523        0.38658        1.34798        8.82965        0.01873        0.00295        0.01912        0.81713       71.01982        0.00615        0.00163       16.49813        0.51527        0.56551        0.80903        8.83028        0.01893        0.01379        0.00810      300.00000        0.93191
   94    1    1     3861.14393    53057.28464    22399.85301        4.24502       25.96615        0.00082        0.00375        0.09574       32.50000       55.08977        1.63860        0.09596       11.21889        0.03106        0.07030       -0.00023        1.74501       42.71262        0.00223        0.04122       27.07988        0.51404       54.57013        1.69568       11.84574        0.03644        0.02099        0.04933      300.00000       76.16977
   95    1    1     2287.54848     6658.40670     3122.57474        3.36828       44.74007        0.00244        0.01910        1.56369       32.40000        5.69277        0.17312        1.56145       19.42298        0.09240        0.04556        0.00233        5.59135       32.39682        0.00128        0.06608       24.38206        0.51672        1.29877        5.56880       19.44121        0.09059        0.02429        0.02255      300.00000       96.78310
   96    1    1     2009.37609     1990.64896      765.36266        6.13771      134.33383        0.02204        0.03647        1.35292        6.30000        0.67247        0.38127        1.35330        5.29662        0.00697        0.00184       -0.00027        1.27949      131.84000        0.02112        0.03761        5.76205        0.06091        1.06591        1.27987        5.31245        0.00701        0.00192       -0.00037      300.00000        4.43694
   97    1    1     3053.53596     2025.60079      799.66115        4.76608       61.52750        0.00462        0.01573        1.13887       19.40000        0.59224        0.59551        1.13906        5.96092        0.00877        0.00099       -0.00016        0.38377       66.07869        0.00533        0.02038       19.67079        1.77546        0.16883        0.38295        3.45332        0.00293        0.00002        0.00082      300.00000       28.97777
   98    1    1     5015.36175     5841.87869     2339.78429        0.31349        4.27991        0.00002        0.02274        0.36946       36.00000        5.25957        1.36463        0.36994        1.37810        0.00047        0.00417       -0.00053        2.86539       48.48054        0.00287        0.01893       30.82103        0.83657        3.29232        2.86373        2.63817        0.00174        0.00326        0.00166      300.00000       72.00085
   99    1    1     5241.83675     3160.30522     1274.32391        6.50184       49.65229        0.00301        0.00411        0.94809       41.90000        1.95453        0.82700        0.90756       13.53054        0.04338        0.00404        0.04053        0.99394       49.50881        0.00299        0.00415       41.91152        0.36026        2.35445        0.97440       13.51956        0.04667        0.02173        0.01954      300.00000        4.82212
  100    1    1     1922.40241     8304.56569     3669.74954        6.03279      138.43769        0.02341        0.04091        0.20698       48.10000        7.64759        1.52740        0.20717        6.97085        0.01199        0.00274       -0.00016        1.95891      138.61896        0.02344        0.04079       48.03399        4.59700        2.82752        1.95781        6.94070        0.01204        0.00130        0.00110      300.00000        4.28925
