    1    1    1     1581.91382     3126.81882      742.13773        4.24805      129.76207        0.02056        0.09339        1.67438       23.40000        1.85967        0.06646        1.66810       13.52371        0.04451        0.00229   -33197.37757        2.16111      134.78232        0.02203        0.09235       21.52124        0.60905        0.81804        2.16127       14.31394        0.05097        0.00773       -0.00016      300.00000        1.92886
    2    1    1     2261.14202     2452.76485     1027.53953        1.79103       21.69142        0.00057        0.01734        0.42754       18.30000        1.08221        1.31200        0.42257        8.82175        0.01897        0.00851        0.00495        1.44942       16.61653        0.00033        0.08088       21.53966        0.56561        0.73350        1.44925       10.10215        0.02515        0.01226        0.00017      300.00000      136.92345
    3    1    0      562.74881 43850276.68585 15413982.47563        1.68944       27.92724        0.00095        0.03242        0.21112       17.30000    38306.58722        1.52719        0.20744        1.49482        0.00055        0.00029        0.00371     2195.45506        0.00000        0.00000        0.00000       37.65605        0.00478    36112.88880     2195.45506        0.00000        0.00000        0.00000        0.00000      300.00000        0.00000
    4    1    1     2389.77867     3661.58235     1206.31439        2.77077       34.34582        0.00144        0.01733        1.09297       42.60000        2.36483        0.64584        1.08872       14.60157        0.05361        0.00188        0.00350        0.64711       52.46196        0.00335        0.05426       39.85005        2.69844        0.73524        0.64694       11.44940        0.03229        0.00720        0.00017      300.00000       83.45950
    5    1    1     2583.27929     1753.51874      840.66565        0.26064        2.34107        0.00001        0.00985        1.00289       32.10000        0.09216        0.73202        1.00255       12.62347        0.03922        0.01803        0.00042        0.57151       55.83385        0.00380        0.05152       29.02293        0.13369        1.12572        0.55763        3.84216        0.00356        0.00437        0.01388      300.00000      133.90767
    6    1    1     3485.21305     2184.60609      975.84804        1.89620       29.17229        0.00104        0.02787        1.13335       20.40000        0.74224        0.60493        1.12963        9.69099        0.02359        0.03564        0.00368        1.83578       42.78888        0.00224        0.03022       24.81621        0.06865        0.61568        1.79756        7.84698        0.01590        0.00018        0.03822      300.00000       81.52406
    7    1    1     1833.18679    19314.01964     9034.86682        4.72237      112.54065        0.01547        0.05389        0.43541       17.70000       19.67170        1.30935        0.42521       11.54928        0.03231        0.02855        0.01026        5.62585      121.64006        0.01799        0.06500       18.23730        0.07821       15.73462        5.58783        8.51989        0.01723        0.00778        0.03803      300.00000        6.97788
    8    1    1     1672.56401     3044.85659     1325.08931        4.47605      137.09835        0.02296        0.09162        0.30588       23.60000        1.57440        1.42901        0.30556       12.00896        0.03596        0.00088        0.00034        2.78549      141.78121        0.02426        0.10541       25.95968        0.11702        0.40510        2.78431        9.67551        0.02340        0.00002        0.00118      300.00000       31.36508
    9    1    1     1727.88967     2060.41367      902.96376        3.08988       66.85776        0.00546        0.05172        0.55972       16.00000        0.45645        1.17514        0.55943       14.62150        0.05329        0.03450        0.00028        1.23861       70.04622        0.00599        0.09684       19.25259        0.21456        0.75490        1.21389        7.47730        0.01338        0.01202        0.02472      300.00000       62.35479
   10    1    1     2079.89025     1648.26571      603.75630        2.30022       61.45236        0.00461        0.08256        1.48087        9.10000        0.05058        0.29326        1.44131       13.53067        0.04732        0.00112        0.03952        0.18877       70.13379        0.00601        0.02317       37.59003        0.13551        1.55873        0.16248       11.85216        0.03358        0.01454        0.02628      300.00000       63.61055
   11    1    1      916.57798    15024.83919     6689.10241        8.69348      253.08024        0.07823        0.02528        0.50295       31.00000       15.00875        1.23234        0.50223        8.98047        0.02013        0.00477        0.00068       12.13580      252.98512        0.07804        0.02559       30.94393        0.93996        3.67055       12.13264        8.98095        0.02024        0.00227        0.00316      300.00000        0.08059
   12    1    1     1546.94541  1641572.54261   506751.08717        4.04379      109.09116        0.01453        0.07435        0.03502       24.50000     1472.09879        1.69925        0.03532        1.83698        0.00084        0.05831       -0.00027      185.74927      102.67755        0.01288        0.08413       28.62375        0.33655     1287.74360      185.74177        3.68996        0.00331        0.05149        0.00750      300.00000       38.01872
   13    1    1     2342.70534     1827.49878      578.01692        6.76076      114.23347        0.01594        0.01893        1.32093       25.70000        0.40702        0.41389        1.32068        2.89299        0.00209        0.00049        0.00035        1.27527      114.00984        0.01583        0.01875       25.80506        0.51190        0.35447        1.27552        2.88818        0.00206        0.00102       -0.00024      300.00000        1.41501
   14    1    1     2521.30477     3482.60683     1771.38444        2.74611       31.90553        0.00124        0.01524        0.05756       19.50000        1.86991        1.67746        0.05710       11.90111        0.03486        0.00376        0.00050        0.74337       46.28997        0.00262        0.02912       24.53636        0.69788        2.17501        0.74387        5.60236        0.00778        0.00423       -0.00050      300.00000      106.86162
   15    1    1     2739.05715     5120.50324     1656.99800        6.37413       99.38505        0.01206        0.01763        1.10524       36.30000        4.22078        0.63202        1.10255       12.09196        0.03578        0.01883        0.00270        4.56946      101.74435        0.01261        0.01707       36.32354        0.95564        0.44450        4.55527       12.09200        0.03718        0.00589        0.01420      300.00000        5.74488
   16    1    1     2798.49553     1739.63876      856.20217        7.92362       92.34036        0.01041        0.00617        1.16903       35.00000        0.11884        0.56931        1.16526        4.03249        0.00409        0.01167        0.00367        0.83784       92.25834        0.01039        0.00619       35.01744        0.13737        0.87955        0.83656        4.03799        0.00408        0.01411        0.00128      300.00000        0.91709
   17    1    1     1448.29653     7151.90797     3350.24184        8.67607      160.58836        0.03150        0.01035        1.42986       30.10000        6.41002        0.30607        1.42850       27.77192        0.19289        0.02610        0.00136        4.04758      160.57144        0.03147        0.01030       30.13603        0.04821        4.08432        4.01212       27.77187        0.18330        0.00158        0.03546      300.00000        0.03065
   18    1    1     1009.22036     1897.83283      720.29493        2.80090      125.80479        0.01933        0.22706        0.84685        7.70000        0.00781        0.88979        0.84478        9.94877        0.02425        0.00166        0.00209        1.53742      126.42915        0.01949        0.22563       20.77816        0.03005        0.18230        1.53649        8.87107        0.01934        0.00254        0.00093      300.00000       46.00739
   19    1    1     1386.61728     2400.04943      780.24192        6.05097      191.16940        0.04463        0.07727        0.38065       15.30000        0.95820        1.35725        0.37731        9.17103        0.02112        0.00025        0.00336        1.55480      189.97478        0.04378        0.07598       16.66713        0.26095        0.88264        1.55142        9.15829        0.02106        0.00017        0.00338      300.00000        2.59059
   20    1    1     2310.73780     5072.68861     2545.13583        0.01435        0.37688        0.00000        0.08428        0.89560        9.00000        4.22553        0.84482        0.88975        6.17589        0.00961        0.01731        0.00577        0.96320       10.80998        0.00014        0.01430       12.27110        0.01864        4.97762        0.94492       17.95498        0.07752        0.02571        0.01827      300.00000      173.54990
   21    1    1     1424.64667     1659.92400      577.84794        1.30720       38.18815        0.00178        0.10245        1.34936       23.20000        0.07873        0.38794        1.34662        6.48552        0.01029        0.01603        0.00274        0.78609       53.78582        0.00353        0.09806       13.58214        0.16746        0.84172        0.78555       12.03564        0.03563        0.01411        0.00053      300.00000      130.45482
   22    1    1     2206.51619    17122.34227     7507.97299        7.82571      120.77809        0.01782        0.01128        1.26250       13.50000       17.55500        0.48218        1.25238       10.21268        0.02642        0.00082        0.01007        5.48461      120.84111        0.01781        0.01097       13.71986        0.17978       13.62552        5.48458       10.21265        0.02570        0.01162        0.00003      300.00000        1.66540
   23    1    1     1674.07127     2610.31389      853.04195        5.09873      151.06748        0.02787        0.07934        0.90389       44.00000        1.12916        0.83020        0.90437        2.68099        0.00178        0.00007       -0.00057        1.99614      156.13179        0.02970        0.08283       42.51837        0.58457        0.27578        1.99666        3.64601        0.00329        0.00001       -0.00053      300.00000       20.17165
   24    1    1     1958.72753     1577.28989      726.56225        5.71154      133.59519        0.02180        0.04502        0.38101       29.70000        0.05425        1.36129        0.37328        9.78779        0.02420        0.02016        0.00764        0.84125      134.32026        0.02197        0.04885       28.25391        0.03913        0.91196        0.83340        9.84544        0.02354        0.02102        0.00785      300.00000        8.82013
   25    1    0      722.68936 22089972.31583  7355154.23981        0.32904        4.74531        0.00003        0.02537        0.13836       12.50000    19073.55378        1.62431        0.11025       17.14298        0.07016        0.00877        0.02811     8778.43622        0.00000        0.00000        0.00000       26.46639        0.00596    10296.94900     8778.43622        0.00000        0.00000        0.00000        0.00000      300.00000        0.00000
   26    1    1     2113.23211     6899.43415     3420.65051        3.46992       68.89767        0.00580        0.04235        1.49759       15.10000        6.47079        0.23691        1.49766       13.33219        0.04424        0.00002       -0.00020        2.88018       63.05593        0.00484        0.04468       10.40318        0.02796        5.28799        2.88070       14.38106        0.05124        0.00079       -0.00052      300.00000       47.82105
   27    1    1     3296.62579     1774.09204      683.87566        1.17755       31.72479        0.00123        0.08742        0.73108       28.40000        0.18836        1.00302        0.73155       15.33108        0.05835        0.00668       -0.00043        1.36872       42.67548        0.00222        0.00792       40.56027        0.11677        0.48786        1.36773       18.75379        0.08787        0.00478        0.00100      300.00000       71.77782
   28    1    1     2378.66247     1692.66461      479.43765        3.40072       53.60556        0.00351        0.02684        1.52598       22.80000        0.20264        0.20976        1.52481       15.95127        0.06360        0.00491        0.00117        1.20552       51.25119        0.00320        0.03952       33.44377        0.33203        0.43051        1.20592        9.13966        0.02063        0.00582       -0.00039      300.00000       64.25059
   29    1    1     2122.61929     1475.84871      590.89312        6.04337      127.53917        0.01987        0.03453        1.29268       13.30000        0.01424        0.44331        1.29126        7.79376        0.01519        0.00009        0.00136        1.10947      127.21952        0.01970        0.03650       11.79144        0.03409        0.60429        1.10849        7.83827        0.01535        0.00050        0.00098      300.00000        7.42511
   30    1    1     1370.77461    13567.66027     5149.29252        8.43039      179.60641        0.03940        0.01604        0.16614       22.90000       14.15512        1.57645        0.15812        6.11722        0.00909        0.00627        0.00799        3.27549      179.65851        0.03940        0.01587       22.99194        0.35703       12.26865        3.26421        6.11898        0.00906        0.00300        0.01128      300.00000        0.67213
   31    1    1     2161.10784     2697.53830      820.42846        2.96290       67.18379        0.00551        0.05728        1.34961       26.80000        1.45315        0.42235        1.31222        4.24327        0.00465        0.00337        0.03739        0.91852       61.36215        0.00459        0.05223       27.70827        0.78768        1.52008        0.88345        5.87728        0.00821        0.00461        0.03508      300.00000       38.71018
   32    1    1     1656.17475     2233.27876      753.20447        5.38266      156.02217        0.02973        0.07288        0.57149       25.30000        0.69258        1.16735        0.56721        6.20272        0.00939        0.02224        0.00422        1.70908      159.52533        0.03099        0.07032       25.15998        0.21092        0.52650        1.68932        6.74408        0.01092        0.00693        0.01975      300.00000       11.21494
   33    1    1     2418.58283     2104.92772      865.03145        0.10716        2.32353        0.00001        0.05742        0.30009       22.30000        0.76598        1.44041        0.29415        8.25452        0.01718        0.01254        0.00597        0.98004       22.86132        0.00064        0.01017       39.37065        0.12440        1.45809        0.96964        7.32227        0.01358        0.00671        0.01039      300.00000      145.76919
   34    1    1     2452.61490     1760.10665      836.61422        6.53257      109.90605        0.01475        0.01982        0.17332       10.00000        0.07077        1.60855        0.12602       12.55150        0.04088        0.00001        0.04727        0.27668      110.33804        0.01486        0.01877       10.92060        0.03179        1.49902        0.27554       12.55087        0.03938        0.04760        0.00114      300.00000        1.63283
   35    1    1     1563.15777     1680.45903      566.13492        0.63236       13.46085        0.00022        0.05512        0.98382       47.60000        0.17500        0.76739        0.96717        4.40258        0.00494        0.00061        0.01659        1.31884       19.04723        0.00044        0.09558       19.89825        0.04902        0.46524        1.31231       13.88003        0.04687        0.01112        0.00652      300.00000      160.87170
   36    1    1     1891.58373    73628.29795    29913.65605        0.88217       14.05828        0.00024        0.03078        0.35375       10.60000       75.43702        1.40446        0.33010        7.73865        0.01434        0.00263        0.02356       59.97738       22.19199        0.00060        0.08780       25.92080        0.17982       16.97216       59.94616        6.81486        0.01195        0.01348        0.03122      300.00000      158.16516
   37    1    1     2326.40000     1638.53404      727.58507        0.32542        6.23388        0.00005        0.04477        0.79110        9.50000        0.00572        1.04054        0.69402        1.97950        0.00091        0.01833        0.09702        0.74784        4.61971        0.00003        0.01686       20.86868        0.16984        0.95019        0.62706        7.78181        0.01613        0.00053        0.12078      300.00000      176.21156
   38    1    1     2697.62486     7060.52904     3382.25577        2.95427       57.66648        0.00406        0.04247        1.10394        7.40000        6.33955        0.63846        1.09610        7.82243        0.01486        0.00010        0.00784        4.77742       61.87830        0.00467        0.01708       18.24851        1.71781        1.59094        4.77131       11.69211        0.03446        0.00106        0.00611      300.00000       34.30728
   39    1    1     2130.87436     2345.40624     1074.56976        0.95646       15.89844        0.00031        0.03344        0.25579        1.70000        0.97666        1.49397        0.24060        6.73541        0.01154        0.00005        0.01525        0.81520       19.98812        0.00049        0.04547        4.99292        0.17005        1.73775        0.80053        3.38445        0.00276        0.00004        0.01467      300.00000      133.54873
   40    1    1      811.45326     2952.15053     1105.76777        8.08832      317.24157        0.12292        0.06497        0.89504       41.80000        1.40709        0.84837        0.88620        5.29994        0.00681        0.05744        0.00888        2.01566      317.24912        0.12198        0.06607       41.76416        0.11663        1.07510        1.94978        5.29288        0.00656        0.00066        0.06587      300.00000        0.13863
   41    1    1     2944.61648     7161.86303     3410.68394        4.87341       99.20480        0.01202        0.03859        1.56207       33.30000        6.85759        0.17249        1.56207        9.37833        0.02189        0.00060       -0.00003        2.18923       98.09604        0.01170        0.03231       39.22032        0.39161        6.03076        2.18868        5.60933        0.00785        0.00176        0.00056      300.00000       69.07949
   42    1    1     6016.64173     3511.11391     1243.33851        3.96380       64.42098        0.00507        0.02719        0.56468       29.00000        2.23844        1.20810        0.52646       12.54397        0.03734        0.00336        0.03824        2.89365       51.35209        0.00322        0.07162       31.80267        0.62509        0.47110        2.86993        3.45800        0.00286        0.01665        0.02372      300.00000       94.85648
   43    1    1     2599.55376    53728.39526    22231.88157        7.12920      104.72623        0.01340        0.01296        1.07045       37.80000       54.41265        0.68564        1.04892        9.18259        0.02022        0.00713        0.02150       19.86803      104.83141        0.01341        0.01345       37.76598        0.23426       36.07163       19.84080        9.18877        0.02167        0.00001        0.02723      300.00000        1.43125
   44    1    1     2887.49768     2867.89703     1078.70490        4.86202       66.61714        0.00542        0.01751        0.23372       12.80000        1.53089        1.50206        0.23250       18.82714        0.08862        0.03199        0.00124        1.64330       66.32745        0.00536        0.05457       15.69241        0.84512        0.77620        1.61762       17.78969        0.08115        0.00450        0.02568      300.00000       11.45551
   45    1    1     2283.19869     1691.09651      806.92578        3.85790       53.99410        0.00356        0.02036        0.28072       31.20000        0.10929        1.45337        0.28119        4.57150        0.00517        0.01173       -0.00054        1.69730       82.55201        0.00830        0.04677        8.44067        0.03362        0.07214        1.68711       10.14797        0.02608        0.00000        0.01019      300.00000       53.54932
   46    1    1     1523.22336     1818.59884      863.34500        7.98109      171.43909        0.03590        0.02046        0.25502        7.90000        0.26987        1.48278        0.25178        5.32085        0.00711        0.00061        0.00327        1.74193      171.52164        0.03584        0.02039        8.09042        0.03594        0.23004        1.73862        5.32184        0.00692        0.00070        0.00331      300.00000        0.65590
   47    1    1     4877.18200     3361.33792     1174.31158        2.36035       58.95530        0.00425        0.07195        0.86251       25.70000        2.20472        0.87207        0.86250        7.68951        0.01458        0.00833       -0.00003        2.18384       53.27059        0.00346        0.00589       38.18317        0.52955        1.29043        2.17971        9.23606        0.02144        0.00378        0.00413      300.00000       28.21276
   48    1    1     3748.19826    51203.90115    21627.82680        7.31128       72.60081        0.00644        0.00561        0.33801       41.30000       53.05484        1.39981        0.33475        5.91554        0.00856        0.02988        0.00328       15.03660       72.76416        0.00646        0.00560       41.33548        0.08395       39.66945       15.03588        5.92383        0.00876        0.03227        0.00072      300.00000        1.33087
   49    1    1     1075.85326     9125.06140     3930.69770        0.37218       17.31501        0.00037        0.26397        1.10974       22.10000        8.61027        0.62438        1.11019        6.98122        0.01206        0.00363       -0.00047        0.73322       18.30081        0.00041        0.11649       34.50271        3.11077        6.61353        0.73371       13.14003        0.04280        0.00719       -0.00049      300.00000      164.89841
   50    1    1     2258.14088     3550.40262     1536.03261        4.31182       75.86272        0.00703        0.03078        1.11876       21.40000        2.34949        0.62646        1.10810       11.66123        0.03292        0.04848        0.01072        3.27206       84.60790        0.00869        0.04898       13.70475        0.08195        0.72140        3.27234        9.59113        0.02286        0.05798       -0.00028      300.00000       20.84743
   51    1    1     3564.94385     1546.57005      592.51561        5.36134       89.14394        0.00971        0.02406        1.09734       13.60000        0.06122        0.64195        1.09261       11.95226        0.03595        0.00006        0.00476        1.59771      100.45434        0.01232        0.02730        8.49031        0.03367        0.15945        1.59689       11.94185        0.03505        0.00480        0.00082      300.00000       81.36357
   52    1    1     1086.07921     1761.66371      596.11652        8.97224      195.88298        0.04686        0.01135        1.38876       12.30000        0.23085        0.34622        1.38834       12.75461        0.04057        0.00877        0.00034        0.71724      196.02207        0.04678        0.01148       12.28943        0.54720        0.70226        0.71594       12.75508        0.04068        0.00775        0.00129      300.00000        0.41191
   53    1    1      867.96416     4218.01602     1435.14718        8.16500      294.40410        0.10586        0.05293        1.03128       31.10000        2.92593        0.70599        1.02857       16.54990        0.06703        0.00904        0.00275        2.36841      294.30331        0.10539        0.05353       31.05221        0.83252        1.46317        2.36467       16.54994        0.06882        0.00622        0.00374      300.00000        0.21944
   54    1    1     3351.56439     3002.75935     1317.90562        2.31805       33.07067        0.00134        0.02352        0.89789       30.60000        1.73707        0.84353        0.89104        6.13865        0.00916        0.01691        0.00683        1.57745       23.21883        0.00066        0.00770       34.28388        0.05069        1.88154        1.55675        5.76090        0.00848        0.00290        0.02070      300.00000       97.11304
   55    1    1     2358.92963    13774.30403     6382.26957        8.39203      102.59706        0.01286        0.00540        0.54439       28.50000       13.88464        1.20601        0.52855        3.58453        0.00327        0.00135        0.01576        9.56545      102.37411        0.01280        0.00545       28.49778        0.20041        5.86871        9.55007        3.61171        0.00314        0.00197        0.01537      300.00000        1.50752
   56    1    1     2311.97101     2175.70633     1058.48342        3.62839       75.71895        0.00700        0.04619        0.44431       21.90000        0.55887        1.29135        0.44322        4.42602        0.00490        0.00606        0.00110        0.67948       64.83780        0.00512        0.02499       28.13526        0.25691        1.37877        0.67823        5.47388        0.00749        0.00589        0.00125      300.00000       39.94494
   57    1    1     1319.71433    10089.22219     4225.47124        6.64056      206.59474        0.05213        0.06608        0.67292       24.10000        9.67236        1.06834        0.66622        3.46090        0.00302        0.01017        0.00676        4.64576      205.66942        0.05145        0.06713       23.98805        0.42937        6.33647        4.64064        3.45764        0.00291        0.01192        0.00511      300.00000        2.06991
   58    1    1     2499.30967     7051.35933     3058.48060        7.62073      107.15683        0.01402        0.01012        1.60125       28.50000        6.25119        0.15763        1.57694       20.43444        0.09995        0.01929        0.02444        0.20683      106.77510        0.01391        0.01009       28.52138        1.65449        6.16176        0.16958       20.43477        0.09914        0.00722        0.03726      300.00000        0.23862
   59    1    1     1702.16715     2430.27776      664.07090        1.19328       21.96486        0.00059        0.04079        1.55247       43.80000        0.93859        0.18272        1.55184       12.08517        0.03592        0.00042        0.00059        1.58794       62.57687        0.00477        0.06971       36.87541        0.80222        0.27217        1.58827        7.38173        0.01354        0.00116       -0.00032      300.00000      118.66030
   60    1    1     1476.22232   150519.44915    61268.13148        2.93405       81.46681        0.00811        0.08605        0.28606       18.80000      152.25041        1.44930        0.28526        5.81103        0.00843        0.00003        0.00090       31.70413       93.25543        0.01061        0.09606       11.11193        0.02319      122.23908       31.70435        7.05607        0.01229        0.00299       -0.00022      300.00000       53.50347
   61    1    1     2916.64743     1626.48886      817.42168        7.36786       90.75959        0.01006        0.00847        0.99021        8.40000        0.09831        0.74385        0.99072        7.31910        0.01326        0.00005       -0.00055        1.05678       89.58721        0.00980        0.00817        9.03926        0.09839        0.67781        1.05727        7.31945        0.01325        0.00002       -0.00049      300.00000        2.40379
   62    1    1     1887.99469     2576.13184     1154.85698        3.38151       81.57176        0.00813        0.06294        0.99007        7.20000        1.15025        0.75968        0.97488        6.73541        0.01154        0.00005        0.01523        0.66639       59.29974        0.00429        0.05882       18.35553        0.64309        1.57648        0.66458        9.07849        0.02021        0.01340        0.00181      300.00000       41.14478
   63    1    1     1286.71743     2845.94168      920.83652        0.60378       16.55183        0.00033        0.09145        1.71550       14.80000        1.50545        0.02882        1.70575       18.77421        0.08924        0.00241        0.00978        1.40460       14.10542        0.00024        0.14383       25.91672        0.51510        1.33152        1.40382        9.69529        0.02311        0.01482        0.00078      300.00000      160.32636
   64    1    1     2179.22024     3485.96414      949.81616        4.25483       85.55283        0.00894        0.04044        1.45545       48.20000        2.29537        0.29323        1.44134        9.20211        0.02043        0.00188        0.01413        1.52628       93.70014        0.01072        0.05299       45.86373        1.99275        0.49776        1.52602        8.98487        0.01988        0.01535        0.00026      300.00000        2.60404
   65    1    1     1342.04409    92886.89205    37333.65483        6.60190      202.07493        0.04987        0.06455        1.50513        4.10000       93.92143        0.23146        1.50310        6.55954        0.01078        0.02293        0.00207       78.14676      200.64972        0.04917        0.06543        5.29395        0.00508       17.52797       78.12256        6.58502        0.01038        0.00132        0.02420      300.00000        1.78626
   66    1    1     1755.62491     3203.29046     1008.90079        1.00761       21.57101        0.00057        0.05541        0.84214       27.50000        1.84487        0.90909        0.82548        9.55506        0.02198        0.00008        0.01676        1.26151        0.59941        0.00000        0.05170       40.47507        1.30442        0.96210        1.25622       18.77605        0.08591        0.00849        0.00529      300.00000      162.81484
   67    1    1     2556.99237     2592.84880     1215.17566        4.96865       95.82560        0.01121        0.03421        0.49416       23.10000        1.06835        1.25014        0.48443        9.02904        0.01976        0.01180        0.00966        0.81332      101.93482        0.01261        0.03831       26.18246        0.49283        1.51269        0.80586        5.03671        0.00641        0.01346        0.00747      300.00000       22.97576
   68    1    1     1768.97503    14818.65971     7923.98307        6.26190      151.70287        0.02811        0.04357        1.50141       24.50000       13.90660        0.23679        1.49778        2.44798        0.00151        0.00035        0.00368        7.04610      151.85271        0.02814        0.04344       24.76398        0.16862        8.43076        7.04267        2.07015        0.00108        0.00023        0.00343      300.00000        2.90956
   69    1    0     1279.55524  6030649.45888  1940778.97665        5.63853      128.95464        0.02031        0.04357        1.65068       19.60000     5189.61214        0.08367        1.65089       14.34682        0.05080        0.01619       -0.00024      321.60783        0.00000        0.00000        0.00000      148.84240        0.09075     4869.74670      321.60783        0.00000        0.00000        0.00000        0.00000      300.00000        0.00000
   70    1    1     2657.49654    87676.10887    37534.02285        6.33546      103.89055        0.01318        0.01966        0.90422       16.30000       90.24809        0.83945        0.89511        1.00975        0.00026        0.00157        0.00968       19.25430      105.06249        0.01346        0.02065       15.20142        0.09818       72.62985       19.25322        0.94183        0.00022        0.00972        0.00107      300.00000        7.84447
   71    1    1     2037.63189     1725.25131      764.44253        1.87851       32.90542        0.00132        0.03615        1.01372       29.50000        0.12470        0.72157        1.01299        7.72822        0.01469        0.00596        0.00074        1.66212       37.38634        0.00170        0.04670       35.16829        0.17893        0.01660        1.66268        4.81164        0.00573        0.00634       -0.00057      300.00000      107.94228
   72    1    1     1758.75855     1611.09846      518.26835        0.07089        1.87844        0.00000        0.08575        1.34132        8.50000        0.09505        0.43741        1.29715       10.46393        0.02837        0.00043        0.04414        1.44987       45.85322        0.00257        0.05377       24.77729        0.32326        0.12490        1.41542       11.44872        0.03379        0.00017        0.03445      300.00000      124.83788
   73    1    1     1680.93913     3355.35453      824.14565        3.37594      102.87362        0.01293        0.10048        1.49787       43.10000        1.99579        0.24380        1.49076        4.61813        0.00518        0.00147        0.00710        1.92891       98.99728        0.01195        0.06675       39.26397        1.49355        0.31037        1.92461       12.98681        0.04241        0.00358        0.00430      300.00000       12.17437
   74    1    1     1022.92434     1645.44630      699.19817        8.83748      218.07015        0.05808        0.01629        0.99608       24.80000        0.08075        0.73844        0.99613        3.20372        0.00253        0.00022       -0.00003        1.15191      218.17498        0.05806        0.01635       24.77760        0.08165        0.58159        1.15201        3.20253        0.00255        0.00028       -0.00011      300.00000        0.01796
   75    1    1     3402.24915     1793.21076      746.17190        0.08230        1.53992        0.00000        0.04275        1.32041       30.20000        0.23068        0.43780        1.29677        8.40641        0.01692        0.00878        0.02363        0.66830       14.98528        0.00027        0.04038       22.00023        0.13910        1.20152        0.63530        5.64599        0.00759        0.00022        0.03299      300.00000      118.04427
   76    1    1     2152.13200     1554.99211      638.44010        1.14631       21.66431        0.00057        0.04305        0.30688        3.60000        0.08820        1.44624        0.28832        8.70147        0.01932        0.02052        0.01852        0.12383       25.22210        0.00078        0.03312        0.39032        0.00085        1.71886        0.10689       10.26754        0.02686        0.02048        0.01694      300.00000      128.93628
   77    1    1     3473.59040     3235.08680     1601.94931        2.69892       43.11468        0.00227        0.02890        0.64961       18.70000        1.86476        1.08637        0.64819        7.79376        0.01519        0.00009        0.00143        0.61673       24.88560        0.00075        0.01463       23.84158        0.51124        2.49130        0.61643        6.70372        0.01107        0.00145        0.00030      300.00000       61.14199
   78    1    1     1779.64808     4390.78196     1942.74563        2.51273       54.17355        0.00358        0.05319        0.23712       16.00000        3.22810        1.57833        0.15623        5.86896        0.00801        0.00865        0.08096        4.38516       53.11567        0.00342        0.07241       19.87045        0.39303        0.16057        4.35406       13.05165        0.04059        0.06181        0.03110      300.00000       84.69597
   79    1    1     2691.96417     6275.12658     2703.04940        1.85895       32.33905        0.00128        0.03568        0.72313       26.00000        5.41291        1.02122        0.71334        4.56688        0.00505        0.01034        0.00978        1.32809       28.09494        0.00096        0.01307       40.52087        2.93006        2.89157        1.31777       12.35522        0.03697        0.00890        0.01031      300.00000      121.34201
   80    1    1     1202.49707     3702.22763     1380.97006        8.26403      206.93947        0.05230        0.02428        0.81536       12.50000        2.65753        0.95369        0.78088        9.12624        0.02147        0.03442        0.03445        2.96651      207.01657        0.05233        0.02425       12.51452        0.36606        1.06427        2.96179        9.12709        0.02096        0.06466        0.00472      300.00000        0.65498
   81    1    1     1616.92739     2027.80939      770.83126        2.76535       61.98742        0.00469        0.05667        1.38324       19.60000        0.61991        0.38265        1.35191       12.66716        0.04129        0.00001        0.03135        0.60647       48.30668        0.00285        0.07340       11.67725        0.36002        1.41250        0.57506       11.36377        0.03323        0.00001        0.03141      300.00000       96.00371
   82    1    1     5127.77172    36480.53691    15289.57437        5.59697       72.43913        0.00641        0.01405        0.68963       18.90000       37.81891        1.04447        0.69009       12.06340        0.03602        0.00590       -0.00055       13.54013       51.79149        0.00328        0.02493       11.30696        0.02844       25.98659       13.53974        9.83501        0.02381        0.00817        0.00039      300.00000       94.87752
   83    1    1     1897.61975     1568.16579      553.15668        1.16379       17.27647        0.00036        0.02655        0.36969       26.00000        0.04438        1.47179        0.26278       11.79007        0.03202        0.00044        0.10697        0.94588       54.25295        0.00356        0.10739        9.64171        0.44955        0.40891        0.85444        2.49102        0.00164        0.02832        0.09144      300.00000      126.99516
   84    1    1     1915.76792     3697.70499     1540.43553        4.23219       82.62610        0.00834        0.03821        1.22420       33.50000        2.60301        0.52982        1.20475        8.98564        0.02061        0.00406        0.01949        2.95021       63.01892        0.00484        0.08249        9.88222        0.05163        1.29563        2.94066       11.36693        0.03271        0.01076        0.00955      300.00000       48.95564
   85    1    1     2426.28763     1478.37538      550.15542        1.35227       22.55401        0.00062        0.03335        1.14742       19.40000        0.05269        0.58669        1.14787        1.26280        0.00040        0.00003       -0.00048        1.56044       13.51520        0.00022        0.02255       21.68145        0.11880        0.08670        1.56072       11.47442        0.03250        0.00001       -0.00028      300.00000      138.83631
   86    1    1     1701.09927     1583.68040      735.00809        8.71463      133.91865        0.02190        0.00694        0.80332        6.00000        0.01763        0.93347        0.80110       10.94783        0.03003        0.00060        0.00217        0.40142      133.77068        0.02183        0.00704        5.86180        0.16178        1.18892        0.40141       10.94804        0.02984        0.00305        0.00001      300.00000        1.02313
   87    1    1     2234.62557     1705.08498      801.55309        0.42457        8.54883        0.00009        0.04943        0.97898       30.40000        0.11059        0.77271        0.96185        2.56793        0.00168        0.00659        0.01718        1.66448       41.94362        0.00214        0.01719       14.81810        0.03485        0.14280        1.63856       15.55400        0.05784        0.00076        0.02591      300.00000      134.07950
   88    1    1     3438.89414     1507.37064      636.47532        3.36325       54.78803        0.00367        0.02874        0.94445       13.10000        0.01073        0.78966        0.94491       15.08724        0.05634        0.00071       -0.00054        1.17850       50.03366        0.00306        0.01095       25.87672        0.03325        0.55497        1.17889       14.66026        0.05340        0.00015       -0.00039      300.00000       18.18291
   89    1    1     1651.80775     2180.68016     1097.00293        1.58944       41.58099        0.00211        0.08147        0.26509       16.90000        0.52769        1.47024        0.26432        5.11721        0.00654        0.01042        0.00072        1.15191       50.47187        0.00309        0.06298       24.63601        0.12260        1.01582        1.14659        2.31662        0.00135        0.00581        0.00533      300.00000      101.69890
   90    1    1     5604.77960     3002.87451     1282.43191        4.13332       69.68093        0.00593        0.02878        1.26899        9.50000        1.79121        0.47890        1.25567        7.15864        0.01238        0.02093        0.01338        2.68507       64.95833        0.00514        0.01726       17.66871        0.08532        0.78339        2.67753        3.63501        0.00334        0.02759        0.00753      300.00000      136.59356
   91    1    1     1831.01257     1940.26204      809.36319        7.52836      144.63796        0.02555        0.01953        0.97002        6.70000        0.47384        0.76684        0.96773       11.91823        0.03560        0.06441        0.00234        1.09426      144.51129        0.02542        0.01977        6.48563        0.16759        0.95285        1.08782       11.91862        0.03456        0.06133        0.00644      300.00000        1.32080
   92    1    1     2428.74255     1710.11812      767.46862        3.91283       69.61131        0.00592        0.03274        0.63966       10.40000        0.10645        1.11247        0.62210       12.40832        0.03704        0.00383        0.01763        0.92267       64.12070        0.00501        0.02172        7.80115        0.03637        0.88633        0.91615       14.68740        0.05442        0.01158        0.00652      300.00000       51.55362
   93    1    1     4411.46291     3349.21944     1475.08565        1.22362        5.44213        0.00004        0.00238        0.45185       19.60000        2.08829        1.30458        0.42999        8.62903        0.01785        0.00142        0.02186        1.65222       24.13234        0.00071        0.03880       27.34220        1.17327        0.94984        1.65179       10.88625        0.02956        0.02202        0.00043      300.00000      140.60074
   94    1    1     2234.78904     1989.69895      919.97204        6.61391      122.20077        0.01824        0.02345        0.66205       29.00000        0.43901        1.07388        0.66069        8.38181        0.01725        0.03226        0.00131        1.04932      122.41649        0.01829        0.02489       28.46990        0.30099        0.84800        1.02300        8.42193        0.01820        0.00645        0.02632      300.00000        3.06677
   95    1    1     2948.17037     1634.13581      730.90709        0.16725        2.44459        0.00001        0.02608        0.69966       22.40000        0.03799        1.03597        0.69860        8.83073        0.01949        0.02484        0.00108        0.21494       12.73761        0.00020        0.00779       25.67664        0.13989        1.42673        0.21415       10.90399        0.02969        0.02480        0.00079      300.00000      156.91697
   96    1    1     4986.82998     1646.33729      727.57101        1.08124        9.00451        0.00010        0.00837        0.69851        9.40000        0.00541        1.03597        0.69860       12.82903        0.04097        0.10093       -0.00008        0.31833        9.51211        0.00011        0.03592       12.79543        0.41969        1.09212        0.23586        5.01045        0.00661        0.01747        0.08247      300.00000      155.68215
   97    1    1     1732.45381     3614.77128     1603.35407        3.66871       97.54813        0.01162        0.07472        1.03900       16.00000        2.33457        0.71373        1.02083        1.20019        0.00035        0.01545        0.01808        0.93841      103.90356        0.01317        0.07747       23.77456        1.19714        1.93300        0.92282        7.39869        0.01393        0.01631        0.01559      300.00000       12.11535
   98    1    1     6276.23517     1970.16017      778.00407        3.42038       61.87298        0.00468        0.03529        0.46459       28.20000        0.49580        1.26952        0.46504        9.41016        0.02189        0.00835       -0.00042        1.62049       63.85244        0.00496        0.01779       25.43822        0.11536        0.50337        1.61605       11.93266        0.03582        0.00233        0.00445      300.00000      156.31125
   99    1    1     1502.44088     2352.68634     1060.04601        3.45198       84.87911        0.00880        0.06504        0.52752       16.00000        0.63670        1.26014        0.47442       18.35355        0.08763        0.00059        0.05306        0.29511       98.73745        0.01182        0.08029       12.30187        1.66312        0.42197        0.27719       17.45437        0.07328        0.04085        0.01792      300.00000       62.67609
  100    1    1     2830.42443     2096.82312     1060.05079        3.89623       80.27750        0.00787        0.04398        0.05419       10.30000        0.44377        1.67985        0.05471        5.64818        0.00790        0.00191       -0.00049        1.22761       91.47581        0.01021        0.02957       13.80048        0.03121        0.92437        1.22817        7.68857        0.01466        0.00185       -0.00056      300.00000       43.60024
