    1    1    1     1395.74043     1966.73038      660.73587        7.86973      187.82503        0.04309        0.02648        1.19523       15.10000        0.67406        0.55554        1.17902        2.63556        0.00177        0.00046   -33197.36758        1.79439      188.25420        0.04327        0.02680       14.73648        0.16370        0.46495        1.77942        2.63945        0.00168        0.00184        0.01498      300.00000        0.27015
    2    1    1     3436.40114     1544.68263      600.25112        2.58417       41.40559        0.00209        0.02926        0.09192       16.90000        0.12534        1.65367        0.08089        9.09860        0.02004        0.00091        0.01106        0.54924       49.27042        0.00296        0.01615       18.68334        0.05717        1.26082        0.53943       12.05898        0.03682        0.00007        0.00981      300.00000        2.62648
    3    1    1     1340.58388     1659.17060      650.74306        8.43189      183.98840        0.04134        0.01681        0.98754        6.30000        0.02689        0.78258        0.95198       15.02633        0.05824        0.01420        0.03556        1.10776      183.97142        0.04131        0.01685        6.26807        0.01502        0.69159        1.05484       15.02631        0.05316        0.00191        0.05292      300.00000        0.70864
    4    1    1     1521.85709    16769.17052     7521.34806        1.89388       34.07451        0.00142        0.03812        1.69888       31.60000       16.74573        0.03557        1.69900        8.93013        0.01968        0.00000       -0.00019       12.01081       62.20616        0.00468        0.22458       52.77540        1.66584        4.59217       12.01126       12.69240        0.03982        0.00151       -0.00045      300.00000      115.47337
    5    1    1     2650.81456     1695.22023      636.55364        7.72681       99.28500        0.01204        0.00813        1.60233       20.10000        0.31945        0.13352        1.60105        2.31213        0.00131        0.13385        0.00122        0.44047       99.29282        0.01202        0.00814       20.08903        0.14203        1.59657        0.31540        2.33997        0.00146        0.00993        0.12507      300.00000        0.37750
    6    1    1     4392.81147     2036.24203      774.93627        4.50182       41.26613        0.00208        0.00818        1.19496       14.20000        0.69453        0.53933        1.19524       11.90356        0.03523        0.01447       -0.00028        0.56909       34.03317        0.00141        0.00775       13.02607        0.32013        1.53824        0.56922       12.26145        0.03740        0.01475       -0.00013      300.00000       55.59792
    7    1    1     2003.47640     3548.93184     1813.90079        8.02670      129.18250        0.02038        0.01125        1.53983       20.70000        2.23226        0.20092        1.53365        6.01011        0.00879        0.02068        0.00622        3.45405      129.69173        0.02052        0.01169       20.42086        0.07823        0.45215        3.43588        6.01191        0.00922        0.00830        0.01817      300.00000        0.12560
    8    1    1     2079.50868     1734.28279      638.79781        6.54172      128.82000        0.02027        0.02709        0.99074       12.90000        0.23850        0.80056        0.93401        5.44266        0.00696        0.00002        0.05678        0.51461      130.92547        0.02085        0.02699       12.59124        1.06114        0.42870        0.48281        5.42739        0.00758        0.02426        0.03180      300.00000        1.56891
    9    1    1     5492.51616     8190.57658     3876.71940        1.13160        4.48592        0.00002        0.00189        1.21238       16.60000        8.16628        0.53197        1.20260        6.21027        0.00977        0.00014        0.00978        4.67906        7.49608        0.00007        0.00513       20.15782        0.28869        4.94849        4.67002        1.38479        0.00049        0.00053        0.00903      300.00000      159.57091
   10    1    1     2272.27498     1568.53887      522.48226        3.43911       57.87118        0.00409        0.03049        1.27346       13.90000        0.08966        0.46302        1.27154        8.53378        0.01785        0.01812        0.00188        0.52340       39.78689        0.00193        0.04803       20.18008        0.56159        0.73604        0.50901        9.41534        0.02254        0.00319        0.01439      300.00000       71.70474
   11    1    1     2152.58646     1459.00101      606.43000        2.81813       47.28093        0.00273        0.03165        0.46176        2.10000        0.00275        1.27380        0.46077       11.34619        0.03163        0.03764        0.00101        1.23031       49.87929        0.00303        0.05367        6.56515        0.03235        0.51261        1.19089        6.14013        0.00894        0.00104        0.03942      300.00000       79.42089
   12    1    1     3038.00912     2595.93605     1052.49136        0.13231        1.74801        0.00000        0.02131        0.95519       24.70000        1.26900        0.79481        0.93976        6.53399        0.01087        0.01991        0.01539        1.19758        5.87312        0.00004        0.00609       18.16012        0.23857        1.57516        1.17615       12.58883        0.03801        0.01565        0.02143      300.00000      168.79426
   13    1    1     3251.54167     2435.58798      769.16149        7.18874       86.12685        0.00906        0.00847        1.08382       22.00000        1.12210        0.70056        1.03401       11.18971        0.02953        0.00260        0.04985        0.92594       87.02364        0.00925        0.00869       21.85556        0.66573        1.28379        0.90679       11.18997        0.03009        0.03264        0.01915      300.00000        6.27478
   14    1    1     1406.97335    67420.07326    28794.71226        4.92787      179.01659        0.03914        0.12204        1.35927       22.80000       69.45838        0.42589        1.30868        6.82805        0.01099        0.00408        0.05055       54.22834      169.89720        0.03519        0.12049       22.97478        0.07249       16.91775       54.19872        9.13179        0.01989        0.02566        0.02962      300.00000       18.37571
   15    1    1     2570.42027     1556.46628      612.07436        0.13589        2.19440        0.00001        0.03184        0.40463        1.70000        0.06505        1.35764        0.37692        8.30638        0.01771        0.00073        0.02775        1.25375       15.37488        0.00029        0.01999        7.83842        0.30230        0.23674        1.24850       12.95497        0.04090        0.02366        0.00525      300.00000      159.00786
   16    1    1     5414.14877     1595.64810      806.39276        1.78503       15.06073        0.00028        0.00842        1.18055        1.90000        0.00613        0.55363        1.18093        8.03746        0.01604        0.00411       -0.00038        0.16202       13.98045        0.00024        0.00300       11.59840        0.04593        1.54022        0.16259        7.40430        0.01358        0.00417       -0.00057      300.00000      134.32449
   17    1    1     2235.91070     1712.69624      655.53193        7.97952      113.70365        0.01579        0.00901        1.30738        8.20000        0.33833        0.43270        1.30186       11.86462        0.03429        0.00150        0.00545        1.73238      113.58994        0.01573        0.00891        8.43244        0.08320        0.26249        1.72740       11.86469        0.03432        0.00197        0.00498      300.00000        1.95238
   18    1    0      368.67092185106691.69089 64021945.14354        6.04178      164.40118        0.03301        0.05742        0.42581       36.60000   164858.39491        1.31034        0.42421        5.71349        0.00801        0.02994        0.00160    17088.33450        0.00000        0.00000        0.00000      184.33767        0.05285   147772.08386    17088.33450        0.00000        0.00000        0.00000        0.00000      300.00000        0.00000
   19    1    1     2109.55078     1666.62450      626.46896        7.70100      124.66065        0.01898        0.01302        0.46569       10.90000        0.02932        1.50773        0.22684        8.88533        0.01751        0.00020        0.23876        0.97491      125.15595        0.01913        0.01307       10.70809        0.01204        1.00221        0.74942        8.88568        0.02158        0.00951        0.22549      300.00000        0.56405
   20    1    1     2205.72949     1761.36449      795.57770        1.35933       25.06299        0.00077        0.04075        1.10828        6.90000        0.05338        0.65349        1.08107       18.68184        0.08958        0.00989        0.02728        0.95251       53.81597        0.00352        0.02540       14.61588        0.06918        0.79263        0.93887       18.98704        0.08703        0.02585        0.01365      300.00000       98.86184
   21    1    1     2128.83590     1741.13054      673.78803        4.99622      123.72146        0.01869        0.05620        1.10528        9.10000        0.29288        0.64071        1.09385        4.91455        0.00584        0.00771        0.01150        0.71830      124.52683        0.01889        0.05435        7.65696        0.77612        0.54701        0.70389        5.77986        0.00850        0.00415        0.01442      300.00000       29.24719
   22    1    1     4281.59983     1742.42027      707.37271        5.35757       83.32048        0.00848        0.02106        0.55189       22.20000        0.33796        1.18352        0.55104        6.64677        0.01103        0.00877        0.00085        1.03719       75.53850        0.00693        0.03143       14.47796        0.02269        1.00863        1.02873        7.71241        0.01444        0.00141        0.00846      300.00000      141.56771
   23    1    1     1872.03453    36741.22397    16036.26362        3.46523       87.07798        0.00926        0.06786        0.55328       22.40000       39.37468        1.18939        0.54518        8.44910        0.01804        0.06075        0.00819       38.68545       73.52531        0.00659        0.04070       36.99185        0.13204        2.36533       38.61667       12.23878        0.03922        0.00393        0.06878      300.00000       50.13310
   24    1    1     1673.55182     1587.33332      536.78040        5.66529      151.98819        0.02821        0.05969        0.98456        8.40000        0.09151        0.76946        0.96510        3.83670        0.00354        0.00084        0.01946        0.45465      152.22445        0.02812        0.06011        8.54746        0.52376        0.85579        0.44667        3.57735        0.00311        0.01228        0.00798      300.00000        1.29781
   25    1    1     1028.43268     5417.14650     1522.16811        7.69946      258.49722        0.08161        0.05605        1.18814       33.00000        4.55620        0.55949        1.17508        7.54464        0.01446        0.00004        0.01307        2.93090      258.59390        0.08113        0.05662       32.97351        2.42071        0.94724        2.92274        7.54360        0.01382        0.00558        0.00816      300.00000        0.09157
   26    1    1     4469.83941     1798.04071      759.38476        2.62023       26.37857        0.00085        0.01153        0.89576       25.10000        0.26909        0.84812        0.88644       15.37191        0.05730        0.00256        0.00927        0.18258       17.31507        0.00037        0.07314        5.67303        0.31263        1.47934        0.18250       10.35246        0.02642        0.01075        0.00007      300.00000       57.27834
   27    1    1     3076.16831     1955.28806      658.54175        4.31575       66.54974        0.00541        0.02363        0.65902       47.40000        0.54197        1.07527        0.65929       13.33987        0.04424        0.00370       -0.00025        0.46951       65.24691        0.00520        0.01492       56.62652        0.37038        1.48705        0.46732        4.42033        0.00490        0.00131        0.00218      300.00000       23.72451
   28    1    1     1686.21638     1982.54694      765.53055        6.22697      157.68977        0.03037        0.04795        0.19795       14.30000        0.45582        1.53614        0.19842       10.60969        0.02785        0.01989       -0.00048        1.57012      158.05681        0.03042        0.04638       15.32173        0.08850        0.53309        1.57035       10.60742        0.02777        0.01970       -0.00024      300.00000        1.66086
   29    1    1     4157.37435     2818.21962     1071.23936        5.45144       42.47757        0.00220        0.00521        1.33929       17.10000        1.64449        0.40347        1.33109       14.22647        0.05115        0.00028        0.00820        1.53813       24.00893        0.00070        0.03397       17.03365        0.36377        1.45210        1.53743       14.31080        0.05035        0.00708        0.00071      300.00000       41.47536
   30    1    1     2644.18806     1529.66792      646.11488        2.40760       60.42431        0.00446        0.07247        0.19258       21.30000        0.03357        1.54151        0.19305        8.09620        0.01627        0.00185       -0.00052        0.40050       67.43873        0.00555        0.01881       37.65980        0.07177        1.34457        0.39937        9.26987        0.02148        0.00004        0.00113      300.00000       24.36021
   31    1    1     1084.21190     2172.33095      760.03074        2.33210       84.27260        0.00867        0.15081        1.09525       21.40000        0.54234        0.64044        1.09412       15.86693        0.06293        0.01185        0.00117        1.39720       67.20338        0.00549        0.21621       13.72337        0.05268        0.81828        1.39214        6.86417        0.01149        0.01096        0.00506      300.00000       85.60965
   32    1    1     7475.43592     6657.93590     2477.94411        2.61033       38.25517        0.00179        0.02444        0.43193       31.30000        6.21083        1.31824        0.41632        5.60635        0.00757        0.03348        0.01561        1.69969       33.33612        0.00135        0.01295       32.11915        3.38825        2.91148        1.65810        5.93547        0.00834        0.00623        0.04158      300.00000      134.59874
   33    1    1     3446.19033    92583.94392    37594.97969        8.37929       72.79515        0.00647        0.00275        0.39713       37.10000       94.51068        1.33838        0.39619        7.19873        0.01273        0.00039        0.00105       36.62216       72.61643        0.00644        0.00279       37.09386        0.50400       59.11958       36.62159        7.19951        0.01293        0.00064        0.00057      300.00000        1.17181
   34    1    1     1369.56460     8390.01528     3918.37492        3.16253       83.93192        0.00860        0.07742        0.54474       41.40000        7.90705        1.20827        0.52629       11.09712        0.02961        0.01522        0.01844        7.11791      133.63468        0.02174        0.13727       10.96545        0.01595        2.44172        7.11733       11.10303        0.03077        0.02555        0.00058      300.00000       46.28892
   35    1    1     1700.51921    84923.44099    35092.35531        4.92935      140.46338        0.02410        0.07507        0.99797       20.60000       86.06522        0.73652        0.99804        2.71479        0.00182        0.03114       -0.00015       33.70623      141.36590        0.02438        0.07361       19.44605        0.05811       54.03692       33.70377        3.89497        0.00371        0.02887        0.00246      300.00000        6.96528
   36    1    1     1824.68987     6686.94622     3067.10269        8.16489      139.32635        0.02371        0.01185        0.10897       21.90000        6.38351        1.64835        0.08622        8.75012        0.01835        0.00317        0.02288        3.47499      139.49037        0.02372        0.01230       21.64596        0.12100        4.52709        3.46945        8.75080        0.01865        0.02015        0.00554      300.00000        0.22242
   37    1    1     1397.22422     2054.50054      722.27898        6.71568      195.32624        0.04660        0.05672        0.72150       13.80000        0.52179        1.01451        0.72005       14.25031        0.05080        0.01163        0.00149        0.47190      193.95520        0.04569        0.05669       14.45081        0.64080        1.14473        0.47177       14.25036        0.05002        0.01371        0.00013      300.00000        1.75627
   38    1    1     2126.62666     2086.08518      658.24709        6.71984      127.67859        0.01991        0.02418        1.00604       15.20000        0.78975        0.73080        1.00377        6.89005        0.01163        0.00493        0.00227        1.46649      126.17957        0.01938        0.02440       15.27669        0.22110        0.83949        1.46384        6.93852        0.01207        0.00431        0.00264      300.00000        0.93815
   39    1    1     1526.30540     2437.30857      652.56150        7.04668      176.07924        0.03787        0.03839        1.69184       13.60000        0.95456        0.06215        1.67242       19.74846        0.09957        0.02370        0.01940        1.09493      176.62141        0.03797        0.03876       13.24606        0.56514        1.02806        1.09544       19.74856        0.09653        0.04668       -0.00051      300.00000        0.45181
   40    1    1     1627.53531   624953.31114   241703.90595        2.93072       59.03365        0.00426        0.04530        0.82115       10.60000      605.76772        0.97116        0.76341       11.45276        0.03419        0.01600        0.05782       62.64597       55.70123        0.00379        0.10249        8.22584        0.00668      544.69405       62.62385       11.89787        0.03394        0.17304        0.02211      300.00000       91.08709
   41    1    1     4325.79976     1731.68065      675.00953        0.45343        6.21098        0.00005        0.02287        1.18097       25.30000        0.34191        0.56369        1.17087        4.41306        0.00493        0.00826        0.01015        0.89876       44.86728        0.00246        0.00682       23.55684        0.54382        0.64393        0.88145       10.41103        0.02608        0.00082        0.01731      300.00000       60.84686
   42    1    1     1579.67713     1691.48933      799.58295        7.82748      165.24927        0.03335        0.02108        1.64985       18.70000        0.04563        0.09648        1.63808        8.64081        0.01806        0.03572        0.01177        0.12516      165.32751        0.03335        0.02074       18.91002        0.83229        0.86470        0.08362        8.63854        0.01931        0.00463        0.04153      300.00000        0.49394
   43    1    1     1797.68826     1788.07015      856.95477        3.64239       94.77373        0.01097        0.07172        1.25935        9.80000        0.00899        0.47997        1.25459       11.32596        0.03128        0.00115        0.00470        0.27028       93.51497        0.01067        0.07789        9.36442        0.00483        1.47464        0.26399       10.15587        0.02510        0.00000        0.00629      300.00000       12.12963
   44    1    1     1693.12244     1540.05604      672.12287        8.59767      139.29122        0.02370        0.00836        0.37681       22.90000        0.03064        1.36194        0.37262        8.07657        0.01592        0.00287        0.00423        1.67435      139.34636        0.02369        0.00820       22.95259        0.02637        0.07094        1.66802        8.07793        0.01646        0.00024        0.00633      300.00000        0.11718
   45    1    1     5291.68988     2475.30242     1057.30145        0.30541        2.98282        0.00001        0.01164        1.08187       12.60000        1.00108        0.65990        1.07466       19.22617        0.08985        0.03258        0.00727        0.23563       20.12462        0.00049        0.00809       13.60412        0.40817        2.11574        0.21671       18.66241        0.08889        0.01993        0.01892      300.00000      110.66145
   46    1    1     1414.29884     1508.54658      728.46578        8.07565      182.43251        0.04065        0.02168        0.72323       19.70000        0.02046        1.04811        0.68645        6.31199        0.00946        0.00950        0.03677        0.44121      182.19952        0.04049        0.02131       19.98764        0.02023        1.30349        0.43190        6.31718        0.01010        0.03628        0.00932      300.00000        0.41911
   47    1    1     1485.54550    97327.00494    41660.80592        1.24159       22.70451        0.00063        0.04021        0.30693       32.20000       99.81376        1.42826        0.30631        3.17165        0.00251        0.00664        0.00063       22.45004       27.62740        0.00093        0.12655       59.74179        3.65512       75.32749       22.42449       10.40498        0.02776        0.01101        0.02554      300.00000      156.94098
   48    1    1     2017.52560     2115.73689      400.62500        5.59549      129.05337        0.02034        0.04463        1.57706       20.20000        0.62957        0.16680        1.56777       12.57922        0.03837        0.00696        0.00920        1.13710      128.98867        0.02028        0.04389       20.59815        1.04896        0.17949        1.13655       12.56734        0.03886        0.01515        0.00054      300.00000        6.76532
   49    1    1     1483.36190    28897.67995    14066.97960        4.26117      115.00712        0.01615        0.07281        0.50314       21.10000       30.52338        1.23805        0.49652       17.11286        0.07388        0.00494        0.00670       24.62220      120.35783        0.01762        0.10042       21.81147        0.09699        7.56424       24.61247       11.03395        0.02951        0.00140        0.00973      300.00000       31.67509
   50    1    1     2651.29273     2996.02127      880.29670        3.36590       38.53578        0.00181        0.01420        1.27853       21.00000        1.81539        0.45546        1.27910       11.85071        0.03482        0.00097       -0.00058        0.57015       41.51130        0.00210        0.04726       20.82643        1.79795        1.17833        0.57009        4.60860        0.00529        0.00010        0.00005      300.00000       80.21994
   51    1    1     5175.76860     1554.99988      666.37242        2.29902       43.64601        0.00233        0.04169        0.56416        1.20000        0.07015        1.17687        0.55770        7.85064        0.01554        0.01894        0.00646        0.28453       55.38485        0.00374        0.01029       26.11419        0.03732        1.52695        0.27865        6.73877        0.01145        0.01541        0.00588      300.00000       40.55133
   52    1    1     2602.73664    10348.38377     4711.58427        3.45836       60.33960        0.00445        0.03273        0.11700       13.40000        9.74379        1.62063        0.11394        7.44848        0.01357        0.01295        0.00312        9.95633       62.40215        0.00475        0.02384        8.93308        0.00322        1.53481        9.94151        8.92535        0.02026        0.00191        0.01481      300.00000       32.42598
   53    1    1     1039.94107    34658.22442    15363.74000        0.13194        3.85897        0.00002        0.10446        0.06947       14.60000       35.59814        1.67497        0.05959        7.74014        0.01452        0.01210        0.00992       23.00139       14.43312        0.00025        0.28234        8.73342        0.00700       14.10916       23.00194       14.87597        0.05474        0.01879       -0.00055      300.00000      171.23142
   54    1    1     2611.18432     1872.26664      720.39924        0.20588        2.83343        0.00001        0.02312        0.53053       17.00000        0.44723        1.20372        0.53084        8.45343        0.01777        0.00042       -0.00032        1.04149        8.56627        0.00009        0.02575       17.79451        0.29465        0.85838        1.04169        2.83675        0.00199        0.00047       -0.00020      300.00000      170.95578
   55    1    1     2167.39563   146127.15494    59239.55847        8.59767      107.66350        0.01416        0.00499        1.31522       25.40000      147.68035        0.42355        1.31102        2.35776        0.00136        0.01259        0.00415       66.70811      107.75385        0.01417        0.00496       25.25934        0.11674       82.58953       66.70866        2.35979        0.00138        0.01728       -0.00055      300.00000        0.88798
   56    1    1     2731.33438     1484.56683      561.17739        6.16415       99.00124        0.01197        0.01953        0.55191       10.40000        0.11796        1.18974        0.54482        6.21008        0.00938        0.00016        0.00702        0.76924      101.03762        0.01243        0.01738       11.92797        0.10444        0.98753        0.76229        6.21112        0.00938        0.00027        0.00695      300.00000        5.23264
   57    1    1     1736.33019     1522.73757      661.34265        5.18095      149.41832        0.02727        0.07432        0.39979        6.70000        0.00256        1.33571        0.39886        4.93802        0.00609        0.01489        0.00091        1.06790      153.53000        0.02865        0.07031       11.64223        0.00702        0.66880        1.06582        4.10706        0.00423        0.01372        0.00208      300.00000       19.21815
   58    1    1     3313.47280     5014.86625     2065.41254        5.34623       89.90636        0.00987        0.02467        1.19051       12.70000        4.37676        0.55778        1.17678       11.68080        0.03467        0.00498        0.01367        3.30701       83.82931        0.00856        0.02287       12.20347        2.25314        0.55218        3.30430       12.57537        0.03869        0.01679        0.00271      300.00000       53.50979
   59    1    1     7906.25488    13310.72492     5992.33922        1.10754        4.22925        0.00002        0.00176        0.92504        6.60000       13.85331        0.81664        0.91792        2.27591        0.00131        0.01270        0.00705        2.31217       15.75190        0.00030        0.00957       15.79157        0.01639       13.25696        2.30993        4.49751        0.00507        0.01041        0.00224      300.00000      127.75948
   60    1    1     1153.89140     5689.40256     1300.66565        0.95503       35.69525        0.00156        0.16906        1.17590       49.50000        4.48047        0.58815        1.14641       15.03252        0.05390        0.00292        0.02946        3.62436       56.38524        0.00387        0.13089       56.05639        1.56009        1.08430        3.61129       14.58254        0.05401        0.01443        0.01307      300.00000      119.39401
   61    1    1     2277.03786     2244.94196      953.10153        5.48033      118.77834        0.01723        0.04014        0.82768       16.60000        0.83954        0.90634        0.82822        7.00795        0.01216        0.04389       -0.00053        1.60098      118.18003        0.01702        0.03779       17.21841        0.14509        0.83543        1.59464        7.42595        0.01391        0.03674        0.00635      300.00000       15.50166
   62    1    1     4634.15080    16053.63449     6949.43114        6.31361       58.59346        0.00419        0.00633        0.86416       32.00000       16.66880        0.88664        0.84793        3.63538        0.00337        0.00135        0.01620        3.36585       61.50991        0.00462        0.00582       32.18559        0.58602       14.45521        3.36240        3.55390        0.00309        0.01424        0.00345      300.00000        5.63304
   63    1    1     1642.85312     1678.41668      782.12752        8.92042      131.65516        0.02117        0.00543        0.45022       22.20000        0.03583        1.28722        0.44735        9.32512        0.02127        0.03582        0.00292        0.80759      131.72629        0.02118        0.00552       22.13332        0.02588        0.96982        0.77454        9.32637        0.02070        0.00628        0.03305      300.00000        0.40103
   64    1    1     3070.46853     4587.58504     2048.49354        1.24247       14.91772        0.00027        0.01733        0.40126       23.00000        3.60701        1.33469        0.39987        2.44797        0.00150        0.00257        0.00144        3.84501       16.68337        0.00034        0.00931       25.39591        0.34389        1.16049        3.84279        3.76756        0.00356        0.00204        0.00223      300.00000      138.10420
   65    1    1     3051.75820     1547.99126      678.68377        8.22799       79.76207        0.00777        0.00371        1.03740        9.50000        0.00506        0.70502        1.02955       13.97004        0.04740        0.01580        0.00789        1.37999       80.03740        0.00781        0.00392        9.16128        0.00488        0.37845        1.35598       13.97028        0.04673        0.00039        0.02402      300.00000        3.13209
   66    1    1     1193.60601     2735.85445      580.26639        1.86371       64.67042        0.00511        0.14195        1.52912       46.40000        1.22354        0.21835        1.51621        8.73360        0.01843        0.00384        0.01297        1.16765       54.68753        0.00363        0.13197       42.80097        1.43844        0.36422        1.16383        9.30766        0.02116        0.01327        0.00383      300.00000      110.26415
   67    1    1     3049.73345     1472.20641      589.56540        3.31494       34.66688        0.00147        0.01189        0.52129       29.20000        0.05905        1.21280        0.52176        6.92619        0.01188        0.00013       -0.00052        0.80738       42.39906        0.00219        0.03607       17.25430        0.03358        0.92471        0.80788        7.64554        0.01450        0.00008       -0.00050      300.00000       68.89677
   68    1    1     4197.85350     1524.85165      517.97126        1.82221       19.22533        0.00045        0.01314        0.85808       12.70000        0.13350        0.87852        0.85605        8.74761        0.01917        0.00407        0.00201        1.13230       21.30902        0.00055        0.03968       10.36605        0.11301        0.59320        1.13284        8.71983        0.01886        0.00932       -0.00054      300.00000      129.67096
   69    1    1     2568.61423     1662.59464      780.19571        6.96421      106.60098        0.01388        0.01474        0.66362       18.60000        0.11490        1.07042        0.66415        7.34020        0.01333        0.00964       -0.00054        0.71645      106.33763        0.01378        0.01436       18.83743        0.11195        1.02339        0.71459        7.32319        0.01343        0.00717        0.00186      300.00000        1.43486
   70    1    1     7594.52437    14670.87251     6224.20871        2.47622       34.01965        0.00141        0.02164        0.14808       29.60000       15.34815        1.62766        0.10691        6.78525        0.01191        0.00084        0.04118        7.72518       29.33506        0.00105        0.00178       28.92907        1.31225        8.07141        7.70077       11.13613        0.02968        0.01836        0.02442      300.00000       33.85195
   71    1    1     2250.89045     7166.25545     2960.52124        6.56076      118.45061        0.01714        0.02267        0.44947       12.00000        6.74713        1.31883        0.41573       17.24667        0.07076        0.04032        0.03370        3.11669      118.23683        0.01705        0.02315       11.70095        0.39665        5.01369        3.07087       17.25017        0.07032        0.02877        0.04581      300.00000        0.93436
   72    1    1     1687.67749     1857.50771      843.41767        0.61523       14.68209        0.00026        0.06929        0.52512       19.50000        0.24034        1.21029        0.52427        9.80694        0.02402        0.01595        0.00089        1.37052       60.89560        0.00452        0.04333       38.25090        0.20798        0.44799        1.36364        2.37481        0.00137        0.00957        0.00687      300.00000      118.22889
   73    1    1     5329.56811     1701.71134      631.54428        7.33685       49.52024        0.00300        0.00257        1.55385       17.10000        0.26903        0.18314        1.55143        5.79251        0.00841        0.00062        0.00245        1.02931       51.39963        0.00323        0.00241       17.11090        0.51058        0.46495        1.02809        5.78734        0.00822        0.00192        0.00123      300.00000        0.80477
   74    1    1     5366.14855     1515.90145      596.85105        4.10094       74.03369        0.00669        0.03311        1.12902        7.40000        0.01121        0.61997        1.11459        9.39540        0.02130        0.01259        0.01433        1.20185       64.21592        0.00503        0.00856       13.04211        0.01968        0.53285        1.19830       13.13586        0.04334        0.02260        0.00355      300.00000      134.08993
   75    1    1      813.29814     3939.79142     1651.73884        8.97521      264.11969        0.08520        0.02057        1.45845        9.40000        2.59609        0.27765        1.45692       18.62971        0.08513        0.00337        0.00164        1.88272      264.03166        0.08493        0.02081        9.42067        0.17296        2.27792        1.87977       18.63011        0.08709        0.00003        0.00294      300.00000        0.20372
   76    1    1     2451.78400    11793.74795     6376.41395        1.22894       19.52734        0.00047        0.03037        0.97720       18.70000       11.75696        0.76535        0.96921        5.36790        0.00700        0.00049        0.00795        7.03883       19.27839        0.00045        0.01655       19.62095        4.26866        2.20300        7.03314        3.89445        0.00369        0.00666        0.00569      300.00000      153.54514
   77    1    1     1562.98198     5613.72073     2711.83086        1.47893       35.94806        0.00158        0.07058        0.18035       18.60000        4.47447        1.55456        0.18001       14.66252        0.05293        0.00973        0.00033        2.88896       49.72715        0.00301        0.08948       30.11562        0.11333        3.24126        2.88424        4.59403        0.00531        0.00286        0.00471      300.00000      123.77184
   78    1    1     1806.29277     1816.27547      663.49589        5.05381      142.37051        0.02476        0.07217        1.09559       22.70000        0.12091        0.63853        1.09603       13.44619        0.04487        0.05210       -0.00045        0.60456      139.99008        0.02392        0.06795       23.61052        0.18749        1.11468        0.55536       13.85644        0.04986        0.00046        0.04919      300.00000       19.37095
   79    1    1      828.48719     2305.74326      809.29645        8.85688      268.26235        0.08789        0.02415        1.23728       19.30000        0.92609        0.51571        1.21885        2.97526        0.00213        0.01615        0.01844        1.66844      268.33765        0.08775        0.02438       19.24930        0.56505        0.43625        1.65925        2.97349        0.00224        0.02530        0.00919      300.00000        0.02929
   80    1    1     3483.38894     2482.09782     1152.63079        6.43878       79.38338        0.00770        0.01087        0.65911       17.10000        1.04647        1.11050        0.62407        8.70825        0.01803        0.00569        0.03501        2.16401       79.28026        0.00768        0.01112       16.96754        0.15124        0.46541        2.16419        8.70168        0.01883        0.04006       -0.00018      300.00000        7.04767
   81    1    1     4231.37566     4561.89419     1762.44546        7.02380       66.15988        0.00535        0.00549        0.69163       44.60000        3.57936        1.04261        0.69196        4.18937        0.00436        0.00004       -0.00031        2.92553       67.39893        0.00555        0.00535       44.54340        0.82097        1.56694        2.92584        4.26143        0.00451        0.00000       -0.00031      300.00000        6.28829
   82    1    1     1889.95953     1693.44438      722.20900        5.25468      142.21710        0.02470        0.06476        1.30686       11.80000        0.00920        0.43075        1.30382       10.44229        0.02667        0.00004        0.00304        1.09796      138.83680        0.02348        0.06261        9.67694        0.00840        0.63683        1.09615       11.50200        0.03312        0.00056        0.00181      300.00000       22.69669
   83    1    1     9596.84158    42598.25641    17741.93642        0.88353       10.90051        0.00015        0.01845        0.30220       22.20000       44.31976        1.43242        0.30215        2.44974        0.00149        0.04752        0.00000       16.52902       17.97792        0.00039        0.01827       24.60164        0.11450       29.44805       16.49984        5.74323        0.00848        0.00331        0.02919      300.00000       68.49482
   84    1    1     2208.90719    88773.38156    37267.93921        0.94953       16.87594        0.00035        0.03823        0.60318       32.50000       90.84677        1.15921        0.57535        5.54546        0.00790        0.00202        0.02788       36.59349       20.86675        0.00053        0.02079       49.76368        0.60656       55.40334       36.58253        8.33944        0.01763        0.01533        0.01095      300.00000      143.50115
   85    1    1    14809.93384     2009.36498      810.56857        0.60320        6.19222        0.00005        0.01282        0.43227        6.00000        0.60826        1.30904        0.42552        8.95373        0.02023        0.00191        0.00678        0.93768       28.94655        0.00102        0.00099       26.75167        0.27262        1.15905        0.93157        6.63064        0.01109        0.00213        0.00611      300.00000       13.37605
   86    1    1     2383.06252    41372.13680    16734.73229        4.75649       86.86345        0.00922        0.03152        0.13152       20.00000       43.51323        1.61850        0.11606        6.53399        0.01087        0.01991        0.01537       22.29240       82.56391        0.00831        0.02473       20.59907        0.80515       22.15957       22.29228        5.79290        0.00827        0.03631        0.00013      300.00000       19.80600
   87    1    1     5783.29582    75607.69882    31958.46032        5.86867       49.27413        0.00297        0.00564        1.58428       38.20000       77.27241        0.15729        1.57727        1.03262        0.00027        0.00165        0.00701       43.67602       64.08911        0.00502        0.01162       35.90066        0.10039       35.22021       43.67457        4.32445        0.00459        0.00662        0.00146      300.00000       61.99579
   88    1    1     2213.90388     1846.36189      862.56654        5.19568      125.85563        0.01935        0.05232        0.80301       10.10000        0.19930        0.95345        0.78112        7.26691        0.01266        0.02557        0.02193        1.00143      126.66452        0.01945        0.05320       12.65754        0.18289        0.79983        0.95431        5.98613        0.00846        0.00039        0.04712      300.00000       35.75722
   89    1    1     3625.52252     1834.49954      657.70847        1.60258       24.44496        0.00073        0.02769        1.53409       14.90000        0.33574        0.20779        1.52678        8.78243        0.01874        0.02512        0.00741        0.60283       34.35983        0.00144        0.00651       22.02205        1.36707        0.14427        0.57321       10.12238        0.02444        0.00333        0.02962      300.00000       80.82331
   90    1    1     1953.92159     3281.58417     1092.80995        7.92387      133.00931        0.02161        0.01281        0.60880       30.10000        1.92487        1.13301        0.60155       12.57271        0.03991        0.04837        0.00726        2.20929      133.02806        0.02158        0.01286       30.10067        0.76791        0.73342        2.15811       12.57377        0.03726        0.00707        0.05118      300.00000        0.38610
   91    1    1     1170.87266     1560.36491      610.09906        1.43633       41.49356        0.00210        0.09982        0.99468       11.70000        0.02630        0.74018        0.99439       13.62290        0.04626        0.00241        0.00029        0.30791        7.13440        0.00006        0.09998       20.76764        0.04571        1.42223        0.30510       12.09762        0.03581        0.00006        0.00281      300.00000      156.44236
   92    1    1     2169.76160     4582.11194     2285.56210        8.58482      108.22012        0.01430        0.00510        0.90365       25.80000        3.31603        0.83170        0.90286       12.70970        0.04033        0.00333        0.00073        0.96681      108.42483        0.01434        0.00511       25.78649        0.52030        3.56729        0.96296       12.70929        0.04059        0.00000        0.00385      300.00000        0.82691
   93    1    1     3777.08391     1817.43032      686.95190        3.45698       32.65192        0.00130        0.00959        1.15371       10.50000        0.50765        0.58127        1.15329        2.95755        0.00218        0.00714        0.00043        1.38557       30.82118        0.00116        0.00800        9.61950        0.19811        0.66654        1.37946        2.99464        0.00226        0.00120        0.00611      300.00000       77.58512
   94    1    1     1763.02319     1563.88927      624.07221        7.02349      152.18825        0.02829        0.02906        0.44167       12.20000        0.11636        1.31258        0.42198        5.12465        0.00631        0.01120        0.01959        1.05832      151.60334        0.02804        0.02853       12.83145        0.44342        0.37854        1.02978        5.13579        0.00678        0.00184        0.02854      300.00000        0.96361
   95    1    1     5313.52196     1438.54191      638.81467        5.38815       60.68952        0.00450        0.01100        0.35069        4.70000        0.02090        1.38362        0.35095       12.94498        0.04137        0.00711       -0.00027        0.84157       57.88994        0.00409        0.03585       10.97201        0.00664        0.91830        0.84080        5.46571        0.00746        0.00529        0.00078      300.00000       79.70379
   96    1    1      993.78659     2387.87858      603.61287        8.01689      260.41855        0.08283        0.04605        1.19280       25.30000        0.82425        0.54150        1.19307        7.43039        0.01372        0.00683       -0.00024        1.37945      260.23557        0.08244        0.04643       25.28974        0.48781        0.69782        1.37315        7.42995        0.01392        0.00010        0.00630      300.00000        0.10288
   97    1    1      944.79905     1990.96632      658.43285        8.69092      244.59468        0.07307        0.02367        0.51197       14.20000        0.16272        1.27129        0.46327       22.67511        0.13350        0.00927        0.04878        0.94469      244.68764        0.07307        0.02375       14.13602        0.09616        0.90562        0.89540       22.67499        0.12128        0.02090        0.04930      300.00000        0.22183
   98    1    1     1400.24054     1881.14147      706.74238        8.23173      179.77788        0.03947        0.01878        0.51671       12.30000        0.37625        1.27129        0.46327        1.85345        0.00089        0.00003        0.05347        1.25994      179.59282        0.03931        0.01909       12.12733        0.12727        0.72354        1.25979        1.86327        0.00086        0.05344        0.00015      300.00000        0.37284
   99    1    1     3093.82673     1778.84583      822.93039        0.41895        4.77638        0.00003        0.01585        0.95427       13.10000        0.01668        0.78089        0.95367       19.05797        0.09063        0.01331        0.00063        0.22540       14.44870        0.00025        0.01417       17.96301        0.11514        1.41911        0.22115       18.86912        0.08953        0.00805        0.00424      300.00000      151.88532
  100    1    1     2023.94789     1938.27042      510.88224        6.81466      131.87734        0.02124        0.02450        0.89111       12.00000        0.49831        0.84379        0.89077       15.50776        0.05921        0.01379        0.00026        1.01042      132.14086        0.02125        0.02441       12.09106        0.49976        0.73502        0.99820       15.50779        0.06104        0.00006        0.01222      300.00000        1.34097
