    1    1    1     4984.16335     1640.49463      681.19600        1.42835       17.30521        0.00037        0.01756        0.67557        9.80000        0.03453        1.05841        0.67616       18.91160        0.08870        0.01426   -33197.38437        1.42297       17.79315        0.00039        0.00629       12.61295        0.05704        0.28207        1.42347       20.73933        0.10668        0.01399       -0.00051      300.00000       87.36524
    2    1    1     1985.13239     2023.62806      999.35363        3.22228       60.72379        0.00450        0.03887        0.32977       15.00000        0.46649        1.40461        0.32995        6.56118        0.01071        0.00399       -0.00018        2.02132       59.33679        0.00429        0.04041       19.66890        0.08048        0.11023        2.01853        1.92841        0.00093        0.00127        0.00279      300.00000       71.22400
    3    1    1     4327.78637     1745.68463      598.39761        5.02920       71.96625        0.00633        0.01868        0.64397       19.50000        0.25171        1.11209        0.62247        9.14783        0.02007        0.00009        0.02149        0.94556       51.23413        0.00320        0.01081       29.90360        0.34980        0.74054        0.92499        3.39933        0.00295        0.00008        0.02057      300.00000       63.57691
    4    1    1     3081.35433     1520.74051      589.69975        7.58723       84.09960        0.00864        0.00637        1.42681        9.50000        0.07195        0.32100        1.41356       10.36103        0.02727        0.00056        0.01324        0.13303       84.22057        0.00866        0.00618        9.72599        0.52195        1.16671        0.11808       10.36061        0.02588        0.00020        0.01495      300.00000        2.74886
    5    1    1     1971.65695     5759.08304     2545.71221        6.45870      136.94176        0.02290        0.03200        0.68421       18.50000        5.04001        1.04981        0.68476        7.37375        0.01346        0.00817       -0.00056        2.69781      136.61774        0.02272        0.03249       18.26620        1.35491        2.72939        2.68992        7.36633        0.01318        0.00005        0.00790      300.00000        1.87498
    6    1    0     1054.25350  9067437.97131  3053849.17149        8.78304      184.37582        0.04152        0.01230        0.02827       14.90000     7799.94019        1.70614        0.02842       10.65649        0.02826        0.01410       -0.00011     6873.51384        0.00000        0.00000        0.00000      182.00504        0.04900      928.19715     6873.51384        0.00000        0.00000        0.00000        0.00000      300.00000        0.00000
    7    1    1     6199.18260     1830.57522      837.18222        3.18044       51.95035        0.00330        0.02929        0.36658       14.10000        0.28570        1.36751        0.36705       10.54051        0.02756        0.00128       -0.00071        1.41128       32.67337        0.00130        0.00781       22.38210        0.12160        0.48802        1.41171       14.23675        0.05033        0.00088       -0.00043      300.00000       56.49330
    8    1    1     1591.95661     1686.38523      627.59119        3.75252      104.12968        0.01324        0.08080        0.64013       13.00000        0.13777        1.09423        0.64034       11.21889        0.03106        0.07030       -0.00022        1.40525      112.23172        0.01533        0.08661       12.13803        0.03165        0.47628        1.36857        9.21307        0.02016        0.03225        0.03668      300.00000       23.05302
    9    1    1     1107.48200     2033.51728      950.46205        6.83343      245.28695        0.07348        0.08388        0.18473       17.50000        0.24036        1.56293        0.17163        0.50118        0.00006        0.00079        0.01307        0.56664      244.81730        0.07295        0.08388       17.80410        0.09742        1.31128        0.56679        0.50087        0.00006        0.01402       -0.00015      300.00000        1.04245
   10    1    1     3359.58542     1581.69963      741.25583        3.58976       56.17987        0.00385        0.02606        1.64090        8.50000        0.00336        0.09318        1.64138        5.59036        0.00773        0.00187       -0.00047        0.64864       59.01004        0.00425        0.00986       13.36543        0.01274        1.08292        0.64759        8.54328        0.01824        0.00033        0.00105      300.00000       22.40968
   11    1    1     2240.44807     5227.86881     2522.47147        2.96222       39.48732        0.00190        0.01980        0.26898       19.50000        4.26691        1.47739        0.25718       10.55621        0.02827        0.03685        0.01182        2.03499       25.84014        0.00081        0.07831       23.25095        0.11409        3.84914        1.99311        7.39975        0.01417        0.00857        0.04188      300.00000      104.65923
   12    1    1     5561.43570     1473.88553      529.82327        2.00070       25.89971        0.00082        0.01965        1.25969       18.70000        0.05788        0.48171        1.25285        7.43040        0.01343        0.00001        0.00688        1.55017       22.19262        0.00060        0.01555       17.34010        0.19668        0.03934        1.54930        9.90233        0.02410        0.00676        0.00087      300.00000       32.31368
   13    1    1     2501.71032     1959.49886      841.63233        4.79679       74.51787        0.00678        0.02269        0.99488       38.40000        0.38306        0.74782        0.98675        8.65504        0.01893        0.01267        0.00816        1.21808       89.07150        0.00965        0.07544       26.54750        0.29185        0.56886        1.21690        3.03549        0.00226        0.02069        0.00118      300.00000        8.43670
   14    1    1    12015.65451     2311.31246      933.29774        3.90052       16.92618        0.00035        0.00195        0.85282       13.10000        1.06311        0.90773        0.82684        8.56789        0.01755        0.01399        0.02597        0.88909       29.98871        0.00110        0.01339       14.96352        0.29918        1.64726        0.85403        4.06688        0.00426        0.00323        0.03506      300.00000      123.78461
   15    1    1     1962.43085     5866.19396     2766.64900        0.43348        7.23097        0.00006        0.03392        0.32401       11.80000        5.20332        1.41008        0.32448        1.80959        0.00081        0.01031       -0.00051        2.18392       29.10564        0.00103        0.06159       13.00575        2.29864        2.37179        2.18378       14.61522        0.05263        0.01293        0.00014      300.00000      154.37623
   16    1    1     2466.45270     4630.62734     2181.94131        1.52361       19.50705        0.00046        0.01956        0.13069       18.10000        3.49564        1.61367        0.12089        8.01477        0.01626        0.00240        0.00983        2.81204       31.41231        0.00120        0.03085       17.69590        0.22079        2.19834        2.80405        6.36275        0.01023        0.00524        0.00799      300.00000      123.18750
   17    1    1     4916.75747     1659.74060      708.59475        4.78647       38.46234        0.00181        0.00608        1.71745        6.70000        0.31414        0.04828        1.68629        6.17638        0.00909        0.00645        0.03116        1.41039       25.86767        0.00082        0.00502        8.24378        0.02497        0.65003        1.37301        6.38922        0.00969        0.00239        0.03738      300.00000       51.33790
   18    1    1     1791.99041     1542.89977      626.89778        1.68214       33.16425        0.00134        0.04613        0.77883       27.10000        0.05930        0.97145        0.76312        5.16116        0.00678        0.00000        0.01575        0.58080       55.74821        0.00379        0.07276       23.03463        0.10974        1.07752        0.56567        8.62724        0.01794        0.00128        0.01513      300.00000      104.76289
   19    1    1     3772.59449     2129.99697      637.74712        1.70304       25.32825        0.00078        0.02623        0.83306       12.70000        0.87063        0.91990        0.81466        6.29037        0.00951        0.00256        0.01837        1.38813       31.63426        0.00122        0.00547       21.75456        0.24494        0.99752        1.37969        7.35381        0.01367        0.01173        0.00844      300.00000       86.99952
   20    1    1     1656.23026     2660.22669      418.87053        4.45734      122.54030        0.01834        0.07397        1.59173       31.30000        1.11767        0.17292        1.56165       14.72731        0.05577        0.00622        0.03008        1.03453      126.78363        0.01952        0.09262       30.88202        1.50087        0.33243        1.01824       11.87667        0.03397        0.02267        0.01628      300.00000        3.95944
   21    1    1     3574.88333     1484.66272      593.43133        6.37210       81.52716        0.00812        0.01187        1.33845        6.40000        0.06050        0.41629        1.31828        2.52779        0.00163        0.00029        0.02012        0.43358       80.46892        0.00790        0.01314        4.92802        0.51191        0.86628        0.41602        2.36096        0.00134        0.00300        0.01756      300.00000       16.68494
   22    1    1     1443.42079     1496.19038      620.33194        8.13284      176.68550        0.03813        0.01952        0.43317       19.30000        0.02678        1.30277        0.43180       12.12873        0.03610        0.01919        0.00142        0.32951      177.02930        0.03827        0.01987       18.99451        0.03115        1.41022        0.31939       12.12793        0.03725        0.00939        0.01012      300.00000        0.04100
   23    1    1     2866.63570     1696.04888      685.45881        6.66940       94.98009        0.01102        0.01375        1.10855       13.70000        0.28024        0.62867        1.10589       11.07266        0.03075        0.08127        0.00272        1.29035       94.70515        0.01093        0.01372       13.81784        0.03208        0.75036        1.23254       11.07279        0.03196        0.02486        0.05781      300.00000        1.82014
   24    1    1     3944.80802     2491.95262      843.20334        2.11672       29.80911        0.00109        0.02314        0.86114       12.90000        1.23208        0.87997        0.85460        9.78458        0.02329        0.07495        0.00650        2.49571       26.66845        0.00087        0.03505       18.04929        0.20451        0.35020        2.42303        4.78035        0.00599        0.00331        0.07268      300.00000       24.23619
   25    1    1     1730.19664     1793.75880      838.61128        8.42654      140.99492        0.02428        0.00991        0.46997       31.80000        0.13099        1.27505        0.45952        6.05036        0.00887        0.01678        0.01044        0.13699      141.01195        0.02428        0.00991       31.80425        0.17245        1.58279        0.11032        6.04919        0.00874        0.00068        0.02667      300.00000        0.12992
   26    1    1     1047.78374     2370.68662      647.77347        7.73498      254.37777        0.07903        0.05306        1.20998       22.10000        0.80714        0.52407        1.21050        7.22075        0.01294        0.00009       -0.00047        1.57210      254.12663        0.07846        0.05383       21.98916        0.63045        0.33840        1.57259        7.22170        0.01294        0.00012       -0.00048      300.00000        0.48478
   27    1    1     5062.34874     8700.59078     4188.10663        6.13328       60.82422        0.00452        0.00749        1.01473       18.10000        8.47640        0.74147        0.99310        1.63713        0.00069        0.00087        0.02170        5.72235       55.29968        0.00373        0.01807       12.36910        4.29752        0.19502        5.70689        5.80965        0.00813        0.00134        0.01547      300.00000       52.29816
   28    1    1     7000.53609     1480.95050      568.60486        5.46356       60.63569        0.00449        0.01055        1.01367        2.30000        0.00507        0.72241        1.01216        6.36572        0.01014        0.01928        0.00151        0.96262       62.10269        0.00471        0.01829       17.94928        0.28620        0.48950        0.96247        3.97862        0.00390        0.02040        0.00015      300.00000      161.68577
   29    1    1     3069.99082     2050.31901      703.43915        2.88187       50.10167        0.00307        0.03385        1.53522       24.70000        0.60702        0.19937        1.53519        9.54588        0.02247        0.00491       -0.00002        0.92155       49.04898        0.00294        0.01809       32.69250        0.64715        0.80658        0.92090        4.78762        0.00572        0.00388        0.00065      300.00000       39.50735
   30    1    1     2197.76328     2016.98422      756.01599        4.45022       96.38081        0.01135        0.04594        1.58794       19.30000        0.44282        0.17187        1.56270        2.61143        0.00175        0.02955        0.02535        1.11773       87.34720        0.00929        0.03929       19.04105        0.61268        0.45663        1.10801        6.47473        0.01061        0.04499        0.00972      300.00000        8.99712
   31    1    1     2425.54009     2190.22906      883.82186        1.77186       44.34811        0.00240        0.07411        1.34371       19.90000        0.71053        0.41655        1.31801       11.19766        0.02998        0.01354        0.02571        1.53415       31.93715        0.00124        0.01693       35.29548        0.06301        0.92991        1.49894       13.04655        0.04046        0.00512        0.03521      300.00000       93.52020
   32    1    1     1474.15513     1748.65746      771.82655        1.77186       43.01863        0.00226        0.06973        0.25910        3.50000        0.00971        1.47613        0.25844       13.37811        0.04402        0.03307        0.00061        0.54407       50.87011        0.00316        0.05433        8.00995        0.00722        1.21082        0.52551       15.14570        0.05515        0.01927        0.01856      300.00000      118.97465
   33    1    1     1835.33625     5132.18471     2170.25684        1.25830       21.84819        0.00058        0.03624        0.91190       17.20000        4.21456        0.82507        0.90950        5.79251        0.00841        0.00062        0.00245        1.18732       19.52687        0.00047        0.06471       35.18046        0.79803        3.88366        1.18527       15.97443        0.06253        0.00068        0.00205      300.00000      165.81157
   34    1    1     1843.09367     2899.16178      608.52515        2.48704       53.92318        0.00355        0.05386        1.37452       45.40000        1.43996        0.35957        1.37500       12.95786        0.04169        0.00020       -0.00046        0.80376       38.52066        0.00180        0.03831       44.78464        2.02631        0.34209        0.80432       15.67484        0.06086        0.00020       -0.00055      300.00000      104.01841
   35    1    1     3302.49599     1609.00848      580.11897        1.61442       39.59043        0.00191        0.07153        1.54480       11.80000        0.04785        0.19055        1.54402       13.95920        0.04790        0.00026        0.00078        0.10043       71.42651        0.00623        0.04400       32.82955        0.49929        1.22538        0.10036       10.93636        0.02948        0.00002        0.00007      300.00000       31.26232
   36    1    1     1273.96753     1874.84796      660.34601        7.95384      204.75631        0.05120        0.02973        0.62597       16.80000        0.46653        1.11300        0.62156        9.12510        0.02094        0.00096        0.00442        0.72828      205.04597        0.05122        0.02964       16.85761        0.54738        0.92894        0.72487        9.12415        0.02091        0.00197        0.00340      300.00000        0.34586
   37    1    1     5950.00649     1529.47712      644.25765        2.23516       28.08013        0.00096        0.01831        0.59664        5.10000        0.03698        1.14806        0.58650        7.19364        0.01311        0.05739        0.01007        1.08415       24.18245        0.00071        0.01862       11.29524        0.00960        0.72015        1.05789        2.26587        0.00123        0.03700        0.02626      300.00000       55.05012
   38    1    1     2230.58255     5237.61080     1845.71859        8.18754      113.51954        0.01574        0.00774        1.47941       38.80000        4.42508        0.25568        1.47888        4.53901        0.00507        0.00955        0.00049        1.97113      114.13437        0.01589        0.00767       38.80499        2.57378        1.61869        1.96720        4.53177        0.00516        0.00595        0.00393      300.00000        0.25879
   39    1    0     9027.05796   126795.10768    51095.91356        2.17693       41.94299        0.00215        0.04319        0.04396       15.80000      128.61799        1.70699        0.02758       14.57925        0.05414        0.00134        0.01632       64.95279        0.00000        0.00000        0.00000       40.77594        0.00638       65.51076       64.95279        0.00000        0.00000        0.00000        0.00000      300.00000        0.00000
   40    1    1     4078.39290     3530.31781     1614.57668        5.43860       78.07026        0.00744        0.01772        1.41917       25.40000        2.59090        0.31541        1.41916       12.15095        0.03639        0.00115       -0.00121        2.56525       94.21405        0.01083        0.03352       16.56407        0.34745        1.39347        2.56578       12.07996        0.03612        0.00154       -0.00053      300.00000      120.35838
   41    1    1     2179.41266     2530.84592     1237.85851        2.12008       43.02170        0.00226        0.04803        0.53023       17.00000        0.94667        1.21029        0.52427       11.88992        0.03563        0.00012        0.00594        2.17681       63.19616        0.00485        0.03662       26.98367        0.17964        0.36376        2.17278        5.76533        0.00836        0.00320        0.00403      300.00000       70.44145
   42    1    1     1752.86760    16346.54413     8833.73471        7.41785      152.04152        0.02823        0.02308        0.38702       22.00000       15.61031        1.34705        0.38752        6.25282        0.00970        0.00201       -0.00051        7.72526      152.27796        0.02829        0.02278       22.08184        0.13718        9.48319        7.72470        6.26266        0.00965        0.00104        0.00056      300.00000        0.67767
   43    1    1     2165.97706     1750.78744      845.45752        1.60536       26.14187        0.00083        0.03155        1.40684       20.30000        0.14502        0.33118        1.40338       10.97156        0.03023        0.00335        0.00343        0.77576       24.21790        0.00072        0.02836       22.42441        0.20901        0.89891        0.77551       10.84262        0.02930        0.00695        0.00025      300.00000      129.30141
   44    1    1     4168.17540     4066.07313     1587.70302        1.62017       28.87140        0.00102        0.03777        1.40288       20.70000        3.17461        0.33632        1.39825        3.95982        0.00382        0.00013        0.00463        0.95443        8.03679        0.00008        0.05915       26.73747        1.85130        2.08563        0.94990        4.72373        0.00561        0.00036        0.00452      300.00000       60.17804
   45    1    1     1415.44965     6589.60368     2980.16231        6.04896      184.52364        0.04158        0.07207        0.18618       34.00000        5.70924        1.54824        0.18632        1.63866        0.00067        0.00064       -0.00017        1.00962      184.98512        0.04170        0.07418       33.43947        4.51102        1.92074        1.01004        1.41662        0.00050        0.00089       -0.00043      300.00000        1.61581
   46    1    1     1566.50155     1533.89862      640.81022        8.45654      154.34595        0.02910        0.01159        1.11397       14.50000        0.08254        0.64080        1.09377        9.32503        0.02221        0.01757        0.02022        0.10078      154.34265        0.02908        0.01182       14.30042        0.20117        1.53288        0.08276        9.32498        0.02091        0.02114        0.01802      300.00000        0.65462
   47    1    1     1528.05625     2260.21437      397.97247        2.43039       59.57041        0.00433        0.06904        0.95526       23.90000        0.76749        0.82502        0.90954       10.07862        0.02400        0.01334        0.04576        1.06501       91.78303        0.01023        0.07796       22.73071        0.73488        0.73415        1.02792        7.35126        0.01395        0.02231        0.03709      300.00000       72.63525
   48    1    1     1525.89219     6296.04428     2988.32118        7.64161      173.57841        0.03680        0.02622        1.25014       28.30000        5.17326        0.49317        1.24140       15.93258        0.06159        0.02805        0.00875        0.65512      173.37386        0.03664        0.02604       28.41771        5.49497        0.75986        0.65331       15.93199        0.06355        0.03305        0.00180      300.00000        0.37067
   49    1    1     2254.32765     1616.08527      631.95013        0.29104        4.73305        0.00003        0.03227        0.41285        8.10000        0.19128        1.32672        0.40785        4.53562        0.00518        0.00129        0.00497        1.12380       19.20040        0.00045        0.03127       12.28665        0.07022        0.73853        1.12179        2.77196        0.00188        0.00346        0.00201      300.00000      154.38060
   50    1    1     2032.43772     3726.72099     1590.54497        3.53357       70.32890        0.00604        0.04234        0.12659       12.80000        2.65799        1.60777        0.12680       12.93490        0.04128        0.00013       -0.00020        3.66193       79.86806        0.00776        0.03901       10.83488        0.27629        0.45329        3.66234       13.28236        0.04382        0.00003       -0.00042      300.00000       42.95500
   51    1    1     1586.11919     5586.41665     2586.18545        7.16860      172.26680        0.03624        0.03428        1.01881       25.70000        4.85455        0.71523        1.01934       10.41945        0.02689        0.00460       -0.00055        1.39385      173.09509        0.03655        0.03518       25.20768        0.61268        4.58086        1.39439       10.41881        0.02689        0.00460       -0.00054      300.00000        1.95362
   52    1    1     7884.89315     1611.57928      715.99483        6.32230       39.49363        0.00190        0.00286        0.98313        3.90000        0.01534        0.78843        0.94614       14.22860        0.04807        0.02326        0.03701        1.43643       46.20599        0.00260        0.00687        6.28516        0.05222        0.31467        1.37612       14.42013        0.04879        0.00144        0.06032      300.00000      115.77972
   53    1    1     1646.70847     1829.79955      810.64376        8.50546      146.25632        0.02613        0.00999        0.53225       29.10000        0.09587        1.20730        0.52726       17.28455        0.07284        0.02133        0.00501        0.35152      146.30167        0.02614        0.00996       29.09349        0.23181        1.25310        0.34550       17.28468        0.07274        0.02043        0.00602      300.00000        0.10126
   54    1    1     1562.15888    22717.36990    10267.92971        1.91499       36.55809        0.00163        0.04288        1.43234       27.00000       22.95350        0.30627        1.42829       17.64971        0.07605        0.00436        0.00414        9.27834       32.72020        0.00130        0.12532       31.84664        2.87198       12.46333        9.26102       17.42181        0.07304        0.00374        0.01732      300.00000      125.13088
   55    1    1     3062.34248     1790.20624      448.28919        7.18169       86.40864        0.00912        0.00856        1.20649       33.20000        0.37613        0.55419        1.18038       12.13941        0.03523        0.00514        0.02602        0.78158       86.56717        0.00915        0.00852       33.19247        0.44886        0.91149        0.75032       12.14310        0.03513        0.00013        0.03126      300.00000        2.21637
   56    1    1     2205.75464     1610.96383      584.10461        0.95764       21.46189        0.00056        0.06078        1.16661        7.10000        0.15586        0.58742        1.14714        6.46028        0.01066        0.00027        0.01957        1.14269       24.89829        0.00076        0.01652       13.49259        0.11686        0.64298        1.13849       14.04184        0.04813        0.01422        0.00420      300.00000      138.07798
   57    1    0     2335.57743  1757985.96025   608469.48245        5.04963       58.41797        0.00417        0.01218        0.25878       19.40000     1587.11348        1.47529        0.25928       12.40646        0.03807        0.00541       -0.00043      201.86323        0.00000        0.00000        0.00000       63.07828        0.03436     1387.00848      201.86323        0.00000        0.00000        0.00000        0.00000      300.00000        0.00000
   58    1    1     2754.61242     1658.13235      611.83671        8.19906       91.27075        0.01017        0.00496        1.61188       26.10000        0.03112        0.12297        1.61160       22.31946        0.12264        0.01570        0.00049        0.85112       91.23137        0.01016        0.00496       26.09280        0.03569        0.88523        0.84476       22.31954        0.12564        0.00665        0.00636      300.00000        0.60750
   59    1    1     3013.17845     2826.72418     1134.08620        6.05733       91.34633        0.01019        0.01758        1.13166       22.90000        1.61960        0.60716        1.12740        5.24998        0.00693        0.05366        0.00423        1.47434       94.06087        0.01080        0.01781       22.55112        0.74666        1.13260        1.47418        5.19638        0.00673        0.05784        0.00016      300.00000       10.91665
   60    1    1     2042.07883     2584.02960      360.54680        0.36644        8.37012        0.00009        0.06364        1.65840       31.80000        1.09667        0.07595        1.65861       10.49916        0.02741        0.00273       -0.00020        1.26944       22.75751        0.00063        0.02769       33.26472        1.34709        0.22455        1.26757       14.86214        0.05531        0.00019        0.00187      300.00000      151.01805
   61    1    1     1714.67701     1593.27918      601.34266        2.89102       56.93305        0.00396        0.04341        1.07555       11.60000        0.06827        0.68553        1.04904        6.20270        0.00920        0.00015        0.02650        1.00088       51.87149        0.00328        0.05107       13.31954        0.07181        0.75433        0.97903        2.85081        0.00195        0.00275        0.02185      300.00000       99.53988
   62    1    1     2698.95557     2417.24082     1065.28295        4.52162       89.51078        0.00979        0.03808        0.29747        9.50000        1.16126        1.43675        0.29782        6.57266        0.01067        0.04511       -0.00034        1.95212       82.04557        0.00818        0.03212       17.64110        0.02535        0.96033        1.92710        2.85064        0.00208        0.01895        0.02503      300.00000       33.05775
   63    1    1     2501.68806     1927.01414      732.76236        3.68597       89.34587        0.00975        0.06201        0.88581       21.30000        0.30739        0.85466        0.87991       13.70766        0.04736        0.00557        0.00585        0.85292       94.50518        0.01090        0.03595       21.83708        0.39718        0.79874        0.85098       16.42818        0.06614        0.01071        0.00194      300.00000       24.93842
   64    1    1     3484.98485     1682.93388      814.31035        5.24771       92.36614        0.01042        0.02742        0.82998       23.00000        0.06078        0.91480        0.81976        7.58322        0.01393        0.00040        0.01019        0.34060       91.14394        0.01007        0.02801       24.54847        0.14167        1.31937        0.33813        6.40596        0.01005        0.00795        0.00247      300.00000       78.74820
   65    1    1     1855.27672     1737.96031      804.86355        1.00288       19.32485        0.00046        0.04489        0.76059        4.30000        0.18312        0.97805        0.75651        4.31651        0.00468        0.00036        0.00405        1.13062       16.16014        0.00032        0.05359        1.49805        0.00018        0.78315        1.12888        2.80352        0.00197        0.00233        0.00174      300.00000      146.08827
   66    1    1     1846.76536     4155.80804     1637.91975        6.48199      147.34268        0.02651        0.03659        0.79558       30.90000        2.90756        0.93844        0.79612        5.71355        0.00808        0.03198       -0.00050        0.52817      146.12338        0.02599        0.03511       31.51761        3.10683        1.03474        0.50255        5.70149        0.00777        0.00614        0.02561      300.00000        2.67055
   67    1    1     1811.30676     1550.70240      552.26252        7.06383      148.55294        0.02695        0.02706        1.08619       11.80000        0.09515        0.65000        1.08457        8.01612        0.01608        0.00396        0.00161        0.93353      147.71079        0.02663        0.02717       11.97819        0.38037        0.52008        0.92948        8.01518        0.01615        0.00147        0.00405      300.00000        0.71469
   68    1    1      958.03825   455896.06342  1897592.35018        1.62376       40.48047        0.00200        0.07391        0.35784        9.90000        0.32548        1.37961        0.35495        9.88538        0.02390        0.00457        0.00297     -990.48355     8765.89199       93.21551       58.01412      440.91478       80.03231      660.68243      144.21380     9055.74536       61.38907       39.28833    -1134.69735      300.00000       93.17656
   69    1    1     1897.62027     2500.41683      912.65473        8.31440      130.32303        0.02074        0.00926        0.84923       44.40000        0.96903        0.91060        0.82396       10.02860        0.02578        0.00069    -1144.57107        2.01036      130.49942        0.02075        0.00930       44.40591        0.56275        0.14632        1.99454       10.02813        0.02560        0.01026        0.01581      300.00000        0.66142
   70    1    1     6561.29808     1666.06226      685.49346        5.92586       53.82282        0.00354        0.00654        0.81366        6.20000        0.27722        0.93052        0.80404        6.93312        0.01165        0.00300        0.00961        1.24181       51.66118        0.00325        0.00938       10.95774        0.04794        0.74063        1.22918        3.50305        0.00312        0.00001        0.01263      300.00000      148.15728
   71    1    1     4433.57376     1949.96700      514.50657        6.69585       69.56843        0.00591        0.00727        0.90477       15.90000        0.67833        0.83371        0.90086        8.62643        0.01817        0.00009        0.00396        0.73539       68.65154        0.00574        0.00644       16.47690        0.71104        0.96797        0.73486        8.62617        0.01831        0.00336        0.00053      300.00000       18.01223
   72    1    1     1412.67041    10365.03413     5043.55939        2.31892       59.03884        0.00426        0.07491        0.77234       14.90000       10.36714        0.96734        0.76723        4.65637        0.00546        0.07497        0.00510        3.44786       74.94888        0.00684        0.12452       16.92634        0.28594        8.30729        3.44497        8.18457        0.01639        0.07757        0.00288      300.00000       86.64827
   73    1    1     2683.70071     1684.15523      755.99520        7.66163       97.48896        0.01161        0.00817        0.87693       11.30000        0.17401        0.87082        0.86374       10.68746        0.02902        0.00077        0.01326        1.39951       97.37635        0.01156        0.00830       11.21254        0.03897        0.47806        1.39147       10.68775        0.02774        0.00720        0.00804      300.00000        1.66645
   74    1    1     2336.09411     1732.19918      765.95763        6.50406      115.67716        0.01634        0.02229        1.31496       40.10000        0.09950        0.41988        1.31468        7.48715        0.01380        0.00145        0.00022        0.57038      115.08010        0.01614        0.02265       40.10031        0.15140        1.11310        0.56955        7.45512        0.01366        0.00091        0.00084      300.00000        1.97000
   75    1    1     3032.73096    54716.91169    20637.94760        6.55388       89.78869        0.00985        0.01308        0.32844       31.80000       57.14994        1.40663        0.32793        3.09770        0.00239        0.00041        0.00048       19.33113       90.26349        0.00995        0.01304       31.78144        1.86086       37.69227       19.33165        2.84994        0.00201        0.00142       -0.00052      300.00000        2.23867
   76    1    1     2575.20664     2005.07993      615.47371        7.41124      101.86438        0.01267        0.01040        1.60829       17.90000        0.59019        0.12727        1.60730        4.37751        0.00479        0.02729        0.00098        1.79888      101.66052        0.01262        0.01042       17.90280        0.46177        0.08725        1.77574        4.38216        0.00460        0.00537        0.02314      300.00000        2.92804
   77    1    1     1898.47856     1837.86620      653.29607        6.02747      144.76507        0.02560        0.04486        1.33665        9.00000        0.39105        0.43605        1.29851        7.07306        0.01292        0.00099        0.03824        0.44082      143.19074        0.02494        0.04626        7.74262        0.19398        1.51158        0.41895        7.15837        0.01311        0.01742        0.02187      300.00000       10.53366
   78    1    1     1766.73346     2513.73153      997.99710        0.44125        9.93147        0.00012        0.06175        0.54819        8.80000        1.21468        1.18602        0.54854        4.50613        0.00504        0.00635       -0.00038        1.68385       19.38734        0.00046        0.05620       19.91339        0.33581        0.93487        1.68034        5.77638        0.00815        0.00282        0.00351      300.00000      143.98943
   79    1    1     3790.15687     1594.93220      483.13699        5.56405       87.30937        0.00931        0.02076        0.77596       25.60000        0.21138        0.96006        0.77450        6.41809        0.01011        0.00137        0.00147        1.21613       84.37742        0.00869        0.02048       25.72057        0.15257        0.57769        1.21600        6.61391        0.01090        0.00251        0.00013      300.00000       68.54860
   80    1    1     1773.89891     3372.83329     1274.49713        4.40024      124.86467        0.01904        0.07930        1.23756       16.50000        2.11162        0.53319        1.20138        7.75984        0.01430        0.00004        0.03617        3.06493      128.51437        0.02010        0.08238       24.88299        0.32337        0.47736        3.05589        0.91028        0.00020        0.02672        0.00905      300.00000       18.76205
   81    1    1     1542.16877     2201.76274      817.48958        8.98202      137.44703        0.02307        0.00553        0.65211       19.50000        0.69385        1.13807        0.59649       18.61253        0.09023        0.11552        0.05561        1.68632      137.51599        0.02305        0.00554       19.50506        0.02462        0.71693        1.68687       18.61256        0.08578        0.17614       -0.00054      300.00000        0.30366
   82    1    1     2464.91668     4159.73120     1783.25329        4.72471      106.55590        0.01387        0.04825        0.19811       22.50000        2.86310        1.54388        0.19068       17.15302        0.07430        0.02283        0.00737        0.89991      107.53080        0.01404        0.04608       23.82042        0.76544        2.96853        0.86761       16.90515        0.06805        0.00229        0.03230      300.00000       40.69334
   83    1    1     1665.02325     2177.57612      859.50331        3.28408       91.44010        0.01021        0.08447        0.18383       14.00000        0.72333        1.55239        0.18217        5.91547        0.00876        0.00456        0.00167        1.86130      100.32687        0.01226        0.07965        6.28457        0.05530        0.55117        1.85498        5.59160        0.00761        0.00026        0.00632      300.00000       24.94833
   84    1    1     4791.38504     1785.20218      862.31952        5.30753       83.98287        0.00861        0.02197        0.62410       31.20000        0.09543        1.13380        0.60076        9.98536        0.02553        0.00098        0.02338        0.42128       77.73926        0.00737        0.01642       33.68200        0.38019        1.05933        0.39884        9.66410        0.02390        0.00196        0.02244      300.00000      145.84260
   85    1    1     2096.64274     2304.50382      449.67600        6.00183      126.69126        0.01960        0.03482        1.59104       36.10000        0.86631        0.15374        1.58083       10.12262        0.02596        0.00149        0.01029        1.28618      125.18705        0.01907        0.03462       36.40411        0.75040        0.57544        1.27618       10.02129        0.02543        0.00181        0.01000      300.00000        2.85618
   86    1    1     4465.09698     1855.28480      841.29136        8.63031       55.58942        0.00377        0.00129        0.19967        3.00000        0.09629        1.53463        0.19994       22.78614        0.12816        0.04172       -0.00021        1.77363       54.73389        0.00366        0.00123        3.56727        0.00883        0.07863        1.74358       22.78602        0.13350        0.00606        0.03005      300.00000        3.77275
   87    1    1     3028.06100     1636.36689      582.64817        0.06840        0.97326        0.00000        0.02472        0.34984       13.90000        0.01396        1.38418        0.35039       23.17645        0.13323        0.00953       -0.00055        0.34879       28.54741        0.00099        0.01251       30.16217        0.35076        1.08334        0.34211       21.66694        0.11418        0.00489        0.00668      300.00000      128.43291
   88    1    1     1621.80705     1551.79287      615.67883        0.17370        4.17538        0.00002        0.07055        0.63636       13.50000        0.01231        1.13413        0.60043        6.75080        0.01083        0.00307        0.03591        0.23864       24.94097        0.00076        0.07687       19.36169        0.28464        1.23272        0.20682        9.70460        0.02424        0.00942        0.03182      300.00000      172.59879
   89    1    1     2599.95833     9384.79250     4146.49191        7.57927      102.96156        0.01295        0.00959        0.86417       32.90000        9.49946        0.88110        0.85347        9.35279        0.02118        0.00288        0.01072        2.70335      103.06156        0.01295        0.00963       32.91242        0.74667        7.79605        2.69134        9.35022        0.02219        0.00047        0.01202      300.00000        0.54273
   90    1    1     8585.49847    44163.47762    17796.13502        2.33873       25.16602        0.00077        0.01337        0.94010       30.90000       45.78237        0.79441        0.94015       12.93843        0.04168        0.00012       -0.00008       15.42513       17.83100        0.00039        0.00043       32.44114        0.12328       31.97813       15.42549       13.49644        0.04529        0.00019       -0.00036      300.00000       56.04368
   91    1    1     1419.36720     2212.06341      566.50633        7.45719      188.77569        0.04352        0.03474        0.78996       27.20000        0.82100        0.96006        0.77450        4.60442        0.00540        0.00007        0.01538        0.92567      188.80611        0.04340        0.03463       27.27992        0.62350        1.00611        0.92618        4.61437        0.00527        0.01618       -0.00051      300.00000        0.12713
   92    1    1     1888.94859     5761.97115     2608.15911        2.00158       35.28295        0.00152        0.03643        0.26368       17.10000        4.90909        1.47446        0.26011       13.82994        0.04804        0.02439        0.00353        4.40077       52.34504        0.00333        0.07926       23.28457        0.30834        1.94395        4.37349        8.96187        0.02062        0.00134        0.02729      300.00000       99.10366
   93    1    1     1814.21758     1570.42763      590.01258        1.95469       38.78700        0.00184        0.04625        0.90026        7.20000        0.00574        0.83376        0.90081       15.75105        0.06144        0.01507       -0.00057        1.23415       13.66846        0.00023        0.06281       37.89544        0.09619        0.44870        1.23396        3.62418        0.00327        0.01901        0.00019      300.00000      140.29668
   94    1    1     2355.68164    58418.23339    26736.39337        7.17199      117.06032        0.01674        0.01580        0.15118       16.60000       60.23692        1.61122        0.12334       13.76227        0.04523        0.00056        0.02782       22.62553      118.13348        0.01704        0.01684       15.79683        0.02244       39.34757       22.60007       13.76236        0.04530        0.00295        0.02545      300.00000        3.41239
   95    1    1     1954.34032     2274.47374     1004.09565        8.05502      131.83215        0.02123        0.01149        0.63133       18.20000        0.81470        1.10381        0.63076       13.68602        0.04675        0.00409        0.00068        0.98183      131.95781        0.02123        0.01192       17.93000        0.35404        1.21239        0.98233       13.68606        0.04636        0.00562       -0.00050      300.00000        0.18415
   96    1    1      979.03460     2167.97104      565.54889        6.71540      275.38550        0.09262        0.11276        1.44579       18.10000        0.59588        0.29381        1.44076        9.95059        0.02414        0.00151        0.00507        1.34764      276.45328        0.09326        0.11328       17.48381        0.38870        0.59300        1.34763        9.94420        0.02437        0.00625        0.00001      300.00000        0.96568
   97    1    1     1188.08860     2560.76340      954.87945        1.91179       69.82624        0.00595        0.15697        1.17456       26.10000        0.96797        0.55995        1.17461        7.72685        0.01486        0.06426       -0.00010        2.10779       41.41889        0.00208        0.10567       39.07937        0.12740        0.55605        2.04851       12.91974        0.03918        0.00635        0.05927      300.00000      116.88287
   98    1    1     1443.37564     1714.87057      541.48558        8.60658      162.35657        0.03219        0.01127        1.03623       11.70000        0.29293        0.70045        1.03412        9.94877        0.02425        0.00166        0.00212        0.22751      162.43734        0.03216        0.01127       11.75314        0.64847        1.15192        0.22717        9.94831        0.02436        0.00329        0.00034      300.00000        0.63885
   99    1    1     2109.57204     2396.87399      824.98705        6.49910      126.56095        0.01956        0.02675        1.05419       17.40000        1.16284        0.68026        1.05430        7.08794        0.01239        0.01416       -0.00012        0.35709      126.77978        0.01963        0.02688       17.24652        1.05830        1.48332        0.35552        7.10025        0.01237        0.01257        0.00157      300.00000        0.15723
  100    1    1     2719.18291     1679.24678      761.61593        4.25506       75.44083        0.00695        0.03144        1.59767       22.40000        0.09329        0.14400        1.59056        9.30491        0.02105        0.03664        0.00716        0.69913       86.54791        0.00914        0.02656       13.57566        0.13446        1.01765        0.65887       12.73269        0.04192        0.00219        0.04025      300.00000        7.21624
