    1    1    1     3294.48768     9351.70099     4511.93966        5.46891       77.67421        0.00737        0.01727        1.08757       23.30000        9.59138        0.65467        1.07990        1.64186        0.00065        0.00529   -33197.37619        5.81290       82.40795        0.00829        0.02133       19.99610        0.10818        5.40777        5.80987        3.61392        0.00328        0.00246        0.00303      300.00000       22.58485
    2    1    1     4125.00065     2511.40176      326.57685        1.48468       13.67165        0.00023        0.01013        1.66365       29.10000        1.13194        0.07757        1.65699        7.12189        0.01234        0.00463        0.00664        1.19976       38.88947        0.00185        0.00827       28.55926        1.52399        0.13822        1.19501        9.49855        0.02271        0.00570        0.00476      300.00000       77.29522
    3    1    1     2879.92541    22049.01640     9667.99969        4.86852       77.80313        0.00739        0.02380        0.23210       28.50000       23.06272        1.51964        0.21493        6.16045        0.00913        0.00001        0.01716       11.11898       70.30321        0.00603        0.02627       31.84355        0.36818       13.32944       11.10751        1.81728        0.00084        0.00510        0.01148      300.00000        4.23553
    4    1    1     2740.84045     1543.45873      641.38710        4.44587       63.61004        0.00494        0.02006        0.74234       10.30000        0.01113        0.99435        0.74022       13.76356        0.04746        0.00483        0.00214        0.28267       82.14345        0.00820        0.02450        5.14753        0.01396        1.45156        0.27611       13.17194        0.04220        0.00202        0.00656      300.00000       18.78728
    5    1    1     6803.71278     1398.20019      651.97921        5.26817       69.41326        0.00588        0.01532        0.18005        6.80000        0.00352        1.56306        0.17151        2.92364        0.00207        0.00032        0.00853        1.34539       48.63592        0.00289        0.00370       14.30031        0.01270        0.39115        1.34247        6.00951        0.00906        0.00534        0.00292      300.00000      127.05888
    6    1    1     4475.73383     4165.17981     1788.91532        1.10149       21.89437        0.00059        0.04767        1.11945       30.60000        2.99122        0.61796        1.11661        9.55829        0.02235        0.00207        0.00289        1.34931       17.79704        0.00039        0.00225       43.46116        0.79360        2.63749        1.34485        8.65198        0.01826        0.00002        0.00446      300.00000       95.27101
    7    1    1     1724.41609     1794.88605      758.47807        3.58060       83.36346        0.00849        0.05771        1.22568       40.70000        0.13935        0.51068        1.22388        7.73982        0.01469        0.00043        0.00175        0.15786       78.37042        0.00742        0.08875       33.59987        0.19372        1.50243        0.15596        4.83977        0.00574        0.00111        0.00189      300.00000       45.84807
    8    1    1     1926.62624     1798.63611      692.20174        1.19284       24.06526        0.00071        0.04900        1.48947        2.30000        0.00479        0.24576        1.48880       20.68361        0.10679        0.00009        0.00061        0.41392       35.06576        0.00150        0.04378       12.44113        0.67319        0.59588        0.41206       26.10351        0.16706        0.00128        0.00186      300.00000      123.73854
    9    1    1     4535.10041     2081.88503      988.07825        1.54059       12.61260        0.00019        0.00799        0.03265        3.10000        0.43136        1.71107        0.02350       14.41209        0.05037        0.00454        0.00917        1.17045       11.52601        0.00016        0.09594       19.74361        0.63738        0.28639        1.17017       12.08392        0.03640        0.01147        0.00028      300.00000      130.47800
   10    1    1     2336.56944    30950.66427    13535.38538        3.63720       39.74368        0.00193        0.01265        0.10717       35.90000       32.27595        1.62882        0.10574        7.28051        0.01301        0.00250        0.00139       10.71466       52.11479        0.00331        0.08006       15.89174        0.01551       23.14171       10.71447       18.76899        0.08676        0.00000        0.00019      300.00000       94.56418
   11    1    1     1338.87199     6811.55061     2773.55612        8.17902      188.07044        0.04320        0.02138        1.26941       25.90000        6.24328        0.47772        1.25685       16.51023        0.06587        0.03772        0.01254        5.22884      188.18923        0.04319        0.02156       25.82704        1.01630        1.77706        5.18430       16.51069        0.06446        0.00718        0.04453      300.00000        0.70787
   12    1    1     2498.71215     2012.46117      819.44095        1.81767       45.79689        0.00256        0.07497        0.73808       14.10000        0.46198        0.99601        0.73855       14.21665        0.04999        0.00011       -0.00047        0.82691       59.55245        0.00432        0.01305       35.02225        0.12922        1.29297        0.82740       15.19516        0.05724        0.00000       -0.00049      300.00000       71.50587
   13    1    1     1978.55928     2018.28984      872.76842        1.35726       32.46565        0.00129        0.06859        1.05938       17.30000        0.48838        0.69346        1.04111        3.82375        0.00352        0.00254        0.01831        1.74786       51.81350        0.00328        0.03624       19.32717        0.16620        0.33056        1.74800        7.07346        0.01235        0.02067       -0.00014      300.00000       84.85984
   14    1    1     2968.68341     1628.11788      756.34069        6.16070       91.45464        0.01022        0.01670        1.14967       18.70000        0.02882        0.61376        1.12081        8.67691        0.01934        0.00586        0.02892        0.41135       89.88658        0.00987        0.01721       18.74576        0.87580        0.48822        0.39947        8.60704        0.01791        0.02401        0.01188      300.00000        5.38026
   15    1    1     1067.64118     3605.41399     1803.06931        8.86859      207.67351        0.05267        0.01430        0.57902       22.80000        2.19814        1.15624        0.57833        6.49585        0.01053        0.00560        0.00072        0.11339      207.56012        0.05257        0.01430       22.85850        3.35130        0.47259        0.10896        6.49668        0.01030        0.00206        0.00443      300.00000        0.18210
   16    1    1     1549.70771   748868.45194   284942.23748        5.84191      170.23865        0.03540        0.06832        1.39267       43.90000      721.38480        0.34436        1.39021        9.84933        0.02375        0.00557        0.00238       99.10403      169.59406        0.03509        0.06768       44.16337        0.65552      623.36612       99.09881        9.85663        0.02446        0.00198        0.00522      300.00000        5.24528
   17    1    1     4688.37236     1680.21614      835.66920        6.17827       74.01483        0.00669        0.01084        0.88768       11.20000        0.14899        0.84672        0.88784        7.95291        0.01561        0.00100       -0.00014        1.73715       62.47857        0.00476        0.01595        9.90337        0.09382        0.05230        1.73649        7.35310        0.01330        0.00026        0.00065      300.00000       66.21962
   18    1    1     3379.14604     3384.41574      685.48560        4.81416       95.07264        0.01104        0.03659        1.49858       34.40000        2.11838        0.23616        1.49840        7.37006        0.01354        0.01158        0.00024        2.07781       83.85444        0.00857        0.02331       35.93620        1.35712        0.42296        2.07814        9.84858        0.02410        0.01200       -0.00032      300.00000       88.14151
   19    1    1     1924.99717     1686.66587      778.53464        7.90370      134.34887        0.02204        0.01324        0.78860       16.10000        0.15743        0.95505        0.77952        7.95266        0.01534        0.00488        0.00916        1.07991      134.32863        0.02202        0.01355       15.88460        0.10771        0.70647        1.07746        7.95401        0.01549        0.01143        0.00245      300.00000        1.01794
   20    1    1     1599.30656     1930.54688      567.66051        0.20048        4.89291        0.00003        0.07272        0.57434       21.00000        0.47419        1.15987        0.57469        0.65754        0.00011        0.07353       -0.00035        1.74774       13.91620        0.00024        0.04593       29.59967        0.25453        0.29587        1.68006        2.06608        0.00100        0.00949        0.06768      300.00000      169.05138
   21    1    1     2107.93842     1638.25233      797.23920        1.79880       32.06242        0.00126        0.03755        1.71754       20.60000        0.05136        0.02452        1.71004        1.32981        0.00045        0.00054        0.00745        0.52129       18.78252        0.00043        0.03091       23.34444        0.11639        1.16162        0.51351        3.02192        0.00231        0.00025        0.00778      300.00000      131.74288
   22    1    1     1881.70967     1555.47482      589.84256        7.37117      141.43944        0.02443        0.02053        0.68757       20.60000        0.09385        1.05726        0.67730        8.79430        0.01873        0.00826        0.01035        0.95268      141.70896        0.02449        0.02099       20.33113        0.07892        0.81299        0.93597        8.79317        0.01862        0.00197        0.01671      300.00000        0.93678
   23    1    1     2860.79233     1541.94001      581.82833        4.38099       83.37093        0.00849        0.03574        1.35994        6.20000        0.09561        0.37420        1.36037        5.71268        0.00807        0.00010       -0.00041        1.34248       87.55824        0.00936        0.02150       10.49178        0.09594        0.39489        1.34305        8.46532        0.01776        0.00021       -0.00056      300.00000       21.59630
   24    1    1     1902.77265     1671.74417      778.24749        1.14567       29.94484        0.00110        0.08234        0.42016        7.20000        0.22288        1.31879        0.41577        5.56281        0.00778        0.00064        0.00437        0.80907        6.64992        0.00005        0.03276       19.94477        0.02046        1.16907        0.80387        9.51369        0.02206        0.00022        0.00520      300.00000      153.73215
   25    1    1     5660.85852     2549.43844     1227.11929        2.52350       47.12429        0.00271        0.03988        0.63837       28.00000        1.00076        1.09725        0.63731        7.72025        0.01489        0.02386        0.00108        0.34987       33.94155        0.00141        0.00218       21.82813        0.44449        1.92277        0.35038       16.80718        0.07000        0.02701       -0.00051      300.00000       37.13018
   26    1    1     3215.79460     1812.04015      881.91076        2.01418       17.20448        0.00036        0.00855        0.63429       19.80000        0.17488        1.10559        0.62897       14.98166        0.05652        0.02647        0.00532        0.62863       56.76677        0.00392        0.02826       26.15773        0.07378        1.25765        0.60572        4.13931        0.00411        0.01034        0.02290      300.00000       92.55381
   27    1    1     1267.32802     1668.63051      703.68031        8.83779      175.47157        0.03761        0.01054        1.66797       24.90000        0.04543        0.07329        1.66127       11.23487        0.03070        0.00693        0.00669        0.71858      175.42825        0.03758        0.01066       24.86107        0.06102        1.00975        0.70913       11.23434        0.03194        0.00291        0.00946      300.00000        0.25618
   28    1    1     3274.55283     8407.21544     3749.19050        5.08472       43.43429        0.00230        0.00661        0.66718       24.90000        8.06855        1.09024        0.64433       11.69049        0.03275        0.00911        0.02281        2.59691       48.07946        0.00281        0.09380       20.31470        0.39150        6.75096        2.55434       12.90769        0.03944        0.00129        0.04256      300.00000       56.17264
   29    1    1     2824.36482     9088.71221     4304.38062        3.15988       47.05982        0.00270        0.02438        0.47191       24.90000        8.86247        1.29682        0.43774       12.74331        0.03862        0.00000        0.03419        5.02364       57.91717        0.00409        0.02151       26.73669        0.07928        5.51082        5.00060       14.07744        0.04748        0.01009        0.02304      300.00000       44.26197
   30    1    1      941.61800     1855.27603      458.25032        8.35680      264.12237        0.08520        0.03680        1.36639        9.30000        0.17825        0.37771        1.35685       18.19941        0.08029        0.04024        0.00958        0.59253      264.05651        0.08495        0.03703        9.30726        0.60445        0.75416        0.55421       18.19947        0.08556        0.00621        0.03832      300.00000        0.26863
   31    1    1     1464.43155     1779.86181      752.71593        1.26655       26.08346        0.00083        0.05097        1.10611       21.20000        0.10000        0.63964        1.09492       18.03879        0.07875        0.00104        0.01114        1.62217       45.19831        0.00248        0.10165       13.52558        0.06491        0.13365        1.62262       13.41248        0.04448        0.00800       -0.00044      300.00000      154.97015
   32    1    1     2447.75645     6875.52439     2985.57880        8.37542      100.22823        0.01227        0.00522        1.19532       54.10000        6.17396        0.53922        1.19534        4.74913        0.00556        0.00883        0.00000        3.21433      100.00492        0.01221        0.00528       54.11045        0.82447        3.86982        3.21429        4.72085        0.00555        0.00871        0.00004      300.00000        0.69833
   33    1    1     2503.45647     7511.47172     3295.86131        5.38132      107.36614        0.01408        0.03454        0.92410       31.50000        7.11147        0.82225        0.91231       12.94074        0.04050        0.02319        0.01172        5.26383      109.46481        0.01463        0.03665       31.72325        0.61639        2.96749        5.25839       12.68723        0.04055        0.03059        0.00545      300.00000       22.55809
   34    1    1     2114.90725     1444.54715      599.56337        1.14064       20.84420        0.00053        0.04025        1.42814       17.10000        0.01471        0.30644        1.42813        2.08912        0.00109        0.00696       -0.00002        1.14984        7.16267        0.00006        0.03928       13.33937        0.22094        0.37263        1.14709        7.27385        0.01295        0.00242        0.00275      300.00000      161.80821
   35    1    1     1099.82650   577990.40359  2287072.12621        1.05993       23.35975        0.00067        0.05866        0.86233        5.70000        1.68066        0.87397        0.86059        5.81939        0.00848        0.07289        0.00174    -2901.88006     6192.40429       46.70697      264.89904     1011.66554     1483.68767      834.96502      467.67179     5194.52124       20.21036      254.96334    -3369.55185      300.00000      121.17213
   36    1    1     1775.76123     2937.49651     1444.32979        4.13638       98.88742        0.01194        0.05786        0.42855        7.30000        1.17649        1.30631        0.42825       16.77473        0.07015        0.00810    -3379.45052        0.32346      113.70546        0.01576        0.07164       12.71088        0.23628        2.36618        0.31415       13.68063        0.04538        0.00072        0.00930      300.00000       18.96718
   37    1    1     2960.29342    22043.84486     9576.91031        2.33565       48.79019        0.00291        0.05039        0.73444       18.10000       22.66705        1.04120        0.69336       10.26069        0.02723        0.13320        0.04116       13.95702       23.71111        0.00069        0.00833       36.29730        0.06101       10.46671       13.91857       12.86294        0.03925        0.12347        0.03844      300.00000       91.95943
   38    1    1     2411.36285     1733.06211      790.85418        6.05360      110.73680        0.01498        0.02589        0.76847        5.30000        0.41594        0.96716        0.76741        7.51384        0.01387        0.00024        0.00107        0.08321      108.03637        0.01425        0.02575        6.76506        0.45443        1.61440        0.08253        7.51438        0.01410        0.00040        0.00068      300.00000        3.74458
   39    1    1     6390.21721     3684.20330     1666.31281        2.64987       43.74674        0.00234        0.03095        1.10831       21.60000        2.44942        0.62614        1.10842        2.53818        0.00159        0.01360       -0.00012        0.30101       32.28475        0.00127        0.01084       32.45670        3.55270        0.35248        0.28714        7.34857        0.01373        0.00034        0.01387      300.00000       50.89992
   40    1    1     1241.13640  3729967.45701  1235111.75035        2.44152       40.09405        0.00196        0.03097        0.56300       26.50000     3240.05067        1.18259        0.55197        3.68200        0.00344        0.00021        0.01105      252.48351       59.35019        0.00429        1.71634      104.62298        1.22940     2986.09538      252.46252       35.40807        0.30082        0.00348        0.02099      300.00000      141.47261
   41    1    1    11151.64243     1799.14147      823.70006        0.16142        2.89468        0.00001        0.03926        1.32794       13.70000        0.27718        0.41691        1.31765        7.58322        0.01393        0.00040        0.01018        0.53593       10.78889        0.00014        0.00797       11.37144        0.40950        1.08236        0.52461       12.69252        0.03898        0.00076        0.01132      300.00000      115.15728
   42    1    1     3630.73520    50332.58553    21404.98758        2.93151       36.05509        0.00159        0.01689        1.17546       26.70000       51.71226        0.56113        1.17344        4.90338        0.00589        0.01389        0.00206       34.13328       18.14183        0.00040        0.00792       31.19664        0.60491       18.72736       34.13384        3.30108        0.00270        0.01048       -0.00056      300.00000       95.61965
   43    1    1     2917.83178     1794.22951      859.19991        3.61847       64.29321        0.00505        0.03351        0.19451       21.10000        0.14329        1.54018        0.19438        7.88438        0.01548        0.01537        0.00006        0.04270       59.62525        0.00434        0.02128       26.41402        0.97611        0.87184        0.04312        7.80182        0.01512        0.01600       -0.00043      300.00000       27.68700
   44    1    1     2358.35702     1855.71646      480.49470        4.12142       82.00978        0.00821        0.04014        0.91876       16.90000        0.40529        0.81925        0.91531        9.46186        0.02188        0.01368        0.00341        0.91406      103.23717        0.01301        0.03539       13.69908        0.89512        0.32943        0.91066       10.42710        0.02731        0.01290        0.00341      300.00000        9.19248
   45    1    1     3132.29476   103442.08914    43211.72925        2.23446       38.16255        0.00178        0.03385        1.41918       33.10000      105.35310        0.31705        1.41751       20.96219        0.10999        0.00510        0.00167       18.25145       53.40889        0.00348        0.01124       38.85556        0.13557       88.79878       18.25121       11.65693        0.03387        0.00560        0.00024      300.00000       62.99954
   46    1    1     5125.66567    87136.48466    35368.53674        8.16600       48.36002        0.00286        0.00143        1.48043       25.00000       88.88055        0.31705        1.41751       15.53507        0.05656        0.00139        0.06294       56.71319       48.09470        0.00282        0.00143       25.04407        0.55547       33.35469       56.70500       15.53365        0.06099        0.05167        0.00819      300.00000        2.66421
   47    1    1     1636.98985     4532.60230     2087.36181        5.41647      156.05148        0.02974        0.07163        0.16246       34.10000        3.21180        1.58441        0.15016        9.56558        0.02323        0.00450        0.01232        4.44930      160.22244        0.03133        0.07623       31.75290        0.30999        0.19661        4.43236        9.81199        0.02317        0.00113        0.01693      300.00000       11.23286
   48    1    1     5942.71677     3685.98518     1376.86968        1.99933       64.41145        0.00507        0.12169        0.64157       32.50000        2.36158        1.09532        0.63924        6.06371        0.00900        0.00001        0.00236        3.06560       49.51172        0.00299        0.01709       46.59784        0.66224        0.43520        3.06503       14.10992        0.04969        0.00144        0.00057      300.00000       44.27109
   49    1    1     2096.37866     8314.47647     3734.27577        2.60943       34.04169        0.00142        0.01937        0.53056       34.90000        7.71797        1.20637        0.52820        5.06672        0.00643        0.01571        0.00230        1.42426       40.95962        0.00204        0.06548       21.05913        2.66040        5.32048        1.42380        5.12109        0.00654        0.01863        0.00046      300.00000      112.86202
   50    1    1     2688.98813    20121.25652     9246.64382        3.84549       67.03017        0.00549        0.03162        0.08824       18.70000       20.58011        1.64575        0.08882        2.71019        0.00182        0.00654       -0.00053       18.29627       50.86452        0.00316        0.01861       39.96930        0.66331        3.36474       18.29678        2.58671        0.00166        0.01184       -0.00051      300.00000       50.37838
   51    1    1     1965.08069     1640.84661      713.06532        2.38962       41.83889        0.00214        0.03530        1.28526        8.60000        0.01750        0.47003        1.26453       13.67122        0.04485        0.00059        0.02077        0.68140       23.42493        0.00067        0.05340       19.72915        0.14231        0.94397        0.68035        8.49699        0.01804        0.01589        0.00104      300.00000      113.75774
   52    1    1     2936.31457     1550.67818      548.03040        5.67138       90.95362        0.01010        0.02131        0.93317       12.00000        0.14643        0.81409        0.92048        7.72215        0.01441        0.00478        0.01274        0.79189       92.44183        0.01043        0.02032       12.60554        0.85024        0.24917        0.78236        7.69524        0.01499        0.00725        0.00953      300.00000       11.62416
   53    1    1     5080.84650     1751.81115      366.31364        5.89956       50.09241        0.00306        0.00574        1.37228       16.70000        0.41505        0.36208        1.37248        7.95291        0.01561        0.00100       -0.00018        1.18019       35.82563        0.00157        0.00636       14.07164        0.74126        0.22336        1.18059        9.16188        0.02075        0.00134       -0.00040      300.00000        5.23373
   54    1    1     2697.89981    10002.48969     4364.14074        3.02769       59.93504        0.00439        0.04347        1.67293       15.20000        9.97373        0.06790        1.66667       13.77762        0.04620        0.05091        0.00624        5.14561       77.75572        0.00738        0.02366       24.56029        0.25648        6.31715        5.14419       13.92681        0.04852        0.06076        0.00142      300.00000       14.97108
   55    1    1     2339.54588     1564.32238      694.20737        3.74571       81.34925        0.00808        0.04952        1.50893        4.60000        0.13127        0.22844        1.50612        5.74643        0.00828        0.05877        0.00277        1.42976       80.61886        0.00792        0.04061       13.36064        0.03162        0.45273        1.39338        4.51045        0.00525        0.02541        0.03638      300.00000       11.66774
   56    1    1     1257.66727    95947.52313    40423.59892        0.93422       19.59490        0.00047        0.05326        0.03915       26.30000       98.26248        1.69928        0.03528        6.37388        0.00992        0.08745        0.00387       47.27216       30.14505        0.00111        0.40061       37.18471        1.58663       50.80986       47.26953        5.53789        0.00751        0.07412        0.00263      300.00000      153.72906
   57    1    1     2073.90540     5776.80739     1883.80943        6.51620      129.02766        0.02033        0.02755        0.82695       44.30000        5.03652        0.91010        0.82447        5.77870        0.00837        0.00827        0.00249        1.60007      129.08848        0.02027        0.02739       44.31034        2.68612        2.48923        1.59581        5.83396        0.00831        0.00671        0.00426      300.00000        0.44361
   58    1    1     1563.05718    46529.75891    19530.10297        1.29787       24.35626        0.00072        0.04229        0.05796       20.30000       48.46843        1.70146        0.03310        8.81391        0.01991        0.00112        0.02492       26.85502       19.93977        0.00049        0.11412       25.28451        1.66383       21.60117       26.85226       11.59459        0.03290        0.02440        0.00276      300.00000      157.66863
   59    1    1     1548.51777    11776.63855     5361.39724        3.63705      119.39827        0.01741        0.11421        1.16501       13.40000       11.37130        0.56906        1.16550        9.36715        0.02176        0.00474       -0.00045        4.49845      122.35903        0.01825        0.08452       13.23032        0.18280        8.42730        4.49711       13.96804        0.04788        0.00430        0.00134      300.00000        8.90737
   60    1    1     1743.06650     2149.54256      802.15645        2.19471       44.03274        0.00237        0.04679        0.14800       55.50000        0.67298        1.58710        0.14746        5.80762        0.00841        0.00033        0.00043        1.90364      112.32899        0.01526        0.09934       23.21620        0.02923        0.34535        1.90215       17.00750        0.07236        0.00081        0.00149      300.00000       51.11337
   61    1    1     1956.91575     2723.69838     1154.93383        8.07680      130.23501        0.02072        0.01104        0.55820       11.10000        1.43529        1.18532        0.54924       14.24401        0.04921        0.02142        0.00896        0.55903      130.25606        0.02072        0.01088       11.27239        0.07312        2.53852        0.55841       14.24414        0.04989        0.02905        0.00062      300.00000        0.55124
   62    1    1      965.69128     6999.72799     2805.63943        7.07660      281.01061        0.09644        0.09614        0.80257       15.20000        6.17165        0.93151        0.80305        9.92854        0.02448        0.00055       -0.00048        5.86940      280.62292        0.09583        0.09697       14.95163        0.25726        1.77926        5.86939        9.93300        0.02457        0.00005        0.00002      300.00000        0.60604
   63    1    1     1980.28962     1623.37133      692.70239        6.92519      134.63671        0.02214        0.02402        1.42879       13.80000        0.05496        0.30846        1.42610        8.62157        0.01864        0.01813        0.00269        0.67583      134.85004        0.02217        0.02414       13.67585        0.25392        0.87524        0.66019        8.62186        0.01791        0.00594        0.01564      300.00000        1.40160
   64    1    1     1199.64010     2701.44378     1005.78858        6.67037      223.48626        0.06100        0.07610        1.51251       23.20000        1.20041        0.34329        1.39128        5.38325        0.00664        0.00556        0.12128        0.69772      223.93829        0.06100        0.07759       22.56649        0.32078        1.91626        0.69646        5.34132        0.00713        0.12501        0.00127      300.00000        0.16541
   65    1    1     2534.67150     1952.69386      857.01730        0.71252       12.54938        0.00019        0.03769        0.34463        5.60000        0.55102        1.39272        0.34184        4.53375        0.00503        0.01028        0.00288        1.16089       14.17009        0.00024        0.01741       20.36537        0.05741        1.08682        1.16000        5.69677        0.00797        0.01082        0.00089      300.00000      158.75367
   66    1    1     2197.19601     1689.72410      757.22887        2.31551       45.28363        0.00250        0.04421        0.55673       16.50000        0.14284        1.17848        0.55609        8.79350        0.01902        0.00060        0.00056        1.19650       58.39654        0.00415        0.03925       13.18208        0.03485        0.65003        1.19553        8.84021        0.01920        0.00039        0.00097      300.00000       62.22817
   67    1    1     2479.94576     3020.56451     1515.72170        7.25620      111.63819        0.01522        0.01369        0.18288       14.60000        1.63361        1.58441        0.15016        9.49404        0.02321        0.02097        0.03275        1.20808      112.64565        0.01550        0.01393       14.28122        1.68193        0.49423        1.19151        9.49504        0.02171        0.03860        0.01657      300.00000        4.33239
   68    1    1     1117.11041    40053.72546    17442.97059        8.81724      199.22239        0.04847        0.01388        0.06429       38.30000       41.44883        1.69890        0.03566       14.37902        0.04935        0.00157        0.02853        3.40102      199.29406        0.04850        0.01386       38.30466        1.71573       38.06742        3.40028       14.37946        0.05162        0.02716        0.00074      300.00000        0.46005
   69    1    1     3777.07730     2231.14773     1076.78807        6.19468       73.65097        0.00663        0.01064        1.07905       18.50000        0.74942        0.65767        1.07689        8.31836        0.01734        0.00372        0.00219        2.32000       72.23847        0.00636        0.01107       18.39961        0.03120        0.13534        2.31725        8.32319        0.01695        0.00353        0.00275      300.00000        8.97466
   70    1    1     2232.83670     7440.82913     2923.26334        2.80665       49.13387        0.00295        0.03448        0.97847       22.60000        7.23716        0.77537        0.95920        6.06730        0.00940        0.01034        0.01927        2.71440       57.90259        0.00409        0.04031       25.85539        0.73283        5.52648        2.71157        2.76772        0.00187        0.02819        0.00283      300.00000       58.19185
   71    1    1     8120.82237     3500.78768     1738.54408        1.82969       28.59377        0.00100        0.02883        0.79460        9.10000        2.24748        0.93957        0.79500        4.64000        0.00535        0.01511       -0.00042        2.51667       12.26619        0.00018        0.00209       26.43846        0.95011        0.54296        2.51698        4.45564        0.00490        0.01502       -0.00030      300.00000       73.33229
   72    1    1     2092.19968    10863.07412     4807.62716        2.73050       60.55764        0.00448        0.05560        0.21298       10.90000       10.97970        1.52294        0.21162        6.41986        0.01031        0.01386        0.00136        8.21029       56.12130        0.00384        0.03164       14.52114        0.00932        4.49339        8.19702       14.43330        0.05031        0.00105        0.01328      300.00000       67.45506
   73    1    1     1938.77628     2826.65871     1007.15153        7.36671      140.24155        0.02402        0.02024        0.71488       30.20000        1.69633        1.03291        0.70166        4.39914        0.00467        0.00740        0.01318        1.98461      140.16210        0.02396        0.02013       30.25976        0.26590        1.20121        1.96400        4.39535        0.00464        0.00002        0.02061      300.00000        1.25793
   74    1    1     1834.18971     1590.52843      710.77041        8.73728      123.48611        0.01862        0.00577        0.79081        6.70000        0.10996        0.94367        0.79089       20.28248        0.10145        0.00481       -0.00006        0.17677      123.28320        0.01856        0.00587        6.54221        0.00762        1.66612        0.17069       20.28285        0.10015        0.00002        0.00607      300.00000        1.01901
   75    1    1     3349.89361     1844.77723      735.91660        6.80811       81.75065        0.00816        0.00945        1.24482       22.60000        0.31897        0.49153        1.24304       18.22447        0.08144        0.00101        0.00183        0.12969       81.88228        0.00818        0.00918       22.69611        0.94763        0.97912        0.12701       18.22429        0.08129        0.00029        0.00268      300.00000        2.03687
   76    1    1     1904.97348     2429.92907      951.19175        5.42411      141.06675        0.02430        0.05830        0.58129       12.50000        0.99064        1.16551        0.56906        6.68113        0.01079        0.01559        0.01232        1.39243      132.09171        0.02121        0.05509       16.58126        0.37547        0.96554        1.39039        6.70349        0.01126        0.02543        0.00204      300.00000       14.80146
   77    1    1     4903.93103     4665.12151     2010.98385        2.61133       26.10054        0.00083        0.01137        0.82067       13.20000        3.95785        0.93173        0.80284        4.91455        0.00616        0.00100        0.01784        2.67001       19.68242        0.00047        0.00373       10.34068        0.06261        2.96436        2.67058        5.89156        0.00860        0.01983       -0.00056      300.00000       73.29404
   78    1    1     1600.06758     2188.68196     1120.36803        8.45418      152.56298        0.02843        0.01135        0.02972        4.70000        0.50404        1.70686        0.02771       10.57998        0.02743        0.00140        0.00198        0.49575      152.40043        0.02830        0.01136        4.94044        0.03809        1.70658        0.49406       10.58017        0.02745        0.00169        0.00169      300.00000        0.14117
   79    1    1     4304.09301     3122.23328     1158.30099        4.53701       43.90885        0.00235        0.00908        0.45039       22.50000        1.90041        1.28772        0.44685        5.72904        0.00824        0.00905        0.00355        0.43145       47.52658        0.00276        0.00754       23.93912        2.50002        0.71171        0.42714        4.73626        0.00564        0.00814        0.00431      300.00000       12.17746
   80    1    1     1614.35862    20636.98049     9365.75164        6.76170      167.54478        0.03428        0.04070        0.26435       15.30000       21.01843        1.49809        0.23648       13.92345        0.04978        0.01742        0.02787        2.29684      167.61097        0.03431        0.04087       15.21345        0.24714       20.21232        2.29326       13.91907        0.04866        0.04291        0.00358      300.00000        0.74086
   81    1    1     2272.71899     1416.14139      732.65776        1.05622       16.28634        0.00032        0.02871        0.13895        5.50000        0.00170        1.59783        0.13673        3.70061        0.00335        0.00401        0.00233        0.57055       17.62019        0.00038        0.02306       10.18460        0.06883        1.09704        0.57074        5.78194        0.00831        0.00671       -0.00018      300.00000      150.32647
   82    1    1     2546.40377     5840.84692     2779.67212        2.02254       18.20664        0.00040        0.00949        0.17763       14.70000        5.12136        1.55756        0.17701        1.52483        0.00057        0.00465        0.00068        1.23901       34.29678        0.00143        0.08243       26.14813        2.44983        3.04483        1.23662       14.81471        0.05374        0.00038        0.00240      300.00000      125.66788
   83    1    1     2379.04878     3011.67300     1056.86438        3.67854       56.18031        0.00385        0.02463        0.85561       16.00000        1.69465        0.90051        0.83405       15.09993        0.05469        0.04042        0.02155        2.76873       16.44836        0.00033        0.03854       36.35996        0.55476        0.13794        2.75811        9.39625        0.02237        0.05170        0.01062      300.00000       93.05950
   84    1    1     1243.24223     2560.37258      685.38222        5.06317      201.35001        0.04951        0.14363        1.29985       24.80000        0.74711        0.43927        1.29530       18.19323        0.08328        0.00001        0.00469        0.90755      197.83040        0.04739        0.14685       24.80698        1.08728        0.48994        0.90456       18.04874        0.07968        0.00396        0.00299      300.00000       14.55056
   85    1    0     1652.27383  3414261.92016  1156247.06498        6.09151      119.34004        0.01739        0.02948        1.68026       18.10000     2981.21212        0.09746        1.63711        3.30012        0.00258        0.00037        0.04313     1192.42412        0.00000        0.00000        0.00000      104.29370        0.02728     1791.59672     1192.42412        0.00000        0.00000        0.00000        0.00000      300.00000        0.00000
   86    1    1     4320.76764     5243.01725     2404.75283        2.60474       74.83606        0.00684        0.09398        0.16902       14.40000        4.17240        1.56500        0.16956        7.13936        0.01262        0.00205       -0.00215        3.74471       82.09323        0.00821        0.11874       18.25015        0.32041        1.78738        3.74473       12.86845        0.04124        0.00121       -0.00001      300.00000       26.39724
   87    1    1     2108.88290     1500.74677      562.17063        0.86377       18.24413        0.00041        0.05408        0.73782        2.20000        0.00789        1.06324        0.67133        1.80281        0.00085        0.03697        0.06642        0.74644       29.26999        0.00104        0.03157        6.51465        0.00842        1.08059        0.64769       10.66406        0.02627        0.00692        0.09875      300.00000      134.36654
   88    1    1     3145.09172     2846.32237     1448.19733        0.11787        1.59966        0.00000        0.02249        0.51991       22.60000        1.32544        1.24054        0.49402        3.07641        0.00243        0.02189        0.02589        2.38992       20.67115        0.00052        0.00949       27.17679        0.09076        0.58910        2.38753        5.51696        0.00745        0.04548        0.00239      300.00000      142.38882
   89    1    1     3669.92123     2353.53881      766.00184        3.09347       38.10466        0.00177        0.01676        0.81020       24.50000        1.13668        0.93135        0.80321        7.46882        0.01408        0.00120        0.00702        1.03385       25.69117        0.00080        0.00679       29.98315        0.42387        1.42993        1.03209        6.50432        0.01059        0.00620        0.00176      300.00000       85.24948
   90    1    1     2661.35410     1690.76713      839.30827        0.92373       21.01403        0.00054        0.06267        1.40288       13.30000        0.00941        0.33118        1.40338        5.00482        0.00620        0.00391       -0.00048        0.10847       40.88834        0.00204        0.01019       30.95605        0.18362        1.48853        0.10898        8.98064        0.01996        0.00399       -0.00051      300.00000      100.14595
   91    1    1     2206.10998     1606.62310      691.74183        6.91584      122.99471        0.01848        0.02015        1.41865       14.70000        0.24899        0.31545        1.41912        6.87341        0.01173        0.02246       -0.00046        1.82509      122.40023        0.01829        0.02102       14.14841        0.10484        0.07333        1.80459        6.90695        0.01219        0.00114        0.02051      300.00000        0.85575
   92    1    1     1091.86832     1539.39107      585.09879        8.87735      200.62732        0.04916        0.01322        0.87836       17.20000        0.05843        0.87575        0.85882        6.77682        0.01103        0.01348        0.01949        1.54713      200.67327        0.04910        0.01325       17.23254        0.06334        0.20988        1.51984        6.77835        0.01098        0.00577        0.02729      300.00000        0.41426
   93    1    1     2536.56578     4155.08842     1872.89202        3.82557       86.71503        0.00918        0.05357        1.10438        5.40000        3.18646        0.64127        1.09329        6.47477        0.01063        0.00561        0.01110        0.90866       93.07737        0.01056        0.02846       18.36734        1.21032        2.83322        0.89199        8.82946        0.01986        0.00001        0.01667      300.00000       30.10808
   94    1    1     1693.03310     8322.10718     3838.58636        8.58579      140.74538        0.02419        0.00863        1.23223       18.80000        7.67406        0.50451        1.23006        4.71619        0.00545        0.02185        0.00214        1.43079      140.91779        0.02424        0.00877       18.73023        0.44831        7.52895        1.43121        4.70614        0.00550        0.02436       -0.00043      300.00000        0.23867
   95    1    1     1972.59763     3730.89421     1833.05727        7.72201      134.76467        0.02218        0.01502        0.17812       14.20000        2.40172        1.55965        0.17491       12.21211        0.03744        0.00115        0.00323        3.24633      134.32307        0.02201        0.01475       14.48754        0.11702        0.77409        3.24560       12.21232        0.03667        0.00442        0.00074      300.00000        0.46637
   96    1    1     1281.49650     1761.09437      791.27091        8.76958      176.94434        0.03824        0.01148        1.51619        3.30000        0.01732        0.22011        1.51445       19.46397        0.09483        0.01109        0.00174        1.40947      176.72963        0.03806        0.01160        3.36014        0.01684        0.33955        1.39551       19.46364        0.09143        0.00230        0.01396      300.00000        0.36447
   97    1    1     1441.42065     3884.23815     1543.74561        6.90736      186.61572        0.04253        0.04661        0.62009       25.20000        2.52084        1.16928        0.56528        7.03672        0.01165        0.00040        0.05481        1.47115      186.69957        0.04248        0.04670       25.17846        1.57107        1.24716        1.43711        7.04624        0.01279        0.02004        0.03404      300.00000        0.40100
   98    1    1     1920.31146     2807.53327      975.28688        3.16505       61.48039        0.00462        0.04147        0.74440       12.30000        1.61861        0.98976        0.74480        9.60697        0.02291        0.00090       -0.00043        2.63171       60.13252        0.00440        0.03854       17.90204        0.20790        0.51418        2.63202       10.08163        0.02527        0.00068       -0.00031      300.00000       79.82881
   99    1    1     2814.79454    10885.05395     4737.52420        3.77878       60.81528        0.00452        0.02712        0.71277        9.30000       10.73452        1.02537        0.70919        7.68756        0.01444        0.02951        0.00358        6.26837       85.92724        0.00901        0.02468       21.09491        0.20978        5.97571        6.25755        5.94040        0.00894        0.05174        0.01082      300.00000        7.63125
  100    1    1     1582.14293     1826.99513      823.85017        5.79834      167.10813        0.03411        0.06734        1.52073       18.50000        0.08159        0.24607        1.48850       13.08734        0.04078        0.02891        0.03223        1.71311      164.92025        0.03299        0.06340       20.88011        0.07013        0.09194        1.65897       13.11457        0.04477        0.00319        0.05414      300.00000        4.93501
