    1    1    1     5935.71042     1848.53570      657.73710        0.31531        4.26304        0.00002        0.02230        1.21240       26.80000        0.52954        0.57171        1.16285        3.32438        0.00261        0.00527   -33197.33424        1.53026       36.76088        0.00165        0.00275       30.05569        0.15727        0.63264        1.48627        7.67899        0.01528        0.00404        0.04399      300.00000       52.38264
    2    1    1     1926.99979    19342.47650     8282.45376        5.21140      129.01457        0.02033        0.05452        1.04690       24.50000       20.21657        0.69852        1.03604       12.09876        0.03710        0.01056        0.01080        9.26387      135.30973        0.02231        0.06650       26.99057        0.33898       12.35611        9.25610        8.68730        0.01906        0.01767        0.00777      300.00000       17.74471
    3    1    1     3837.51376     1542.75771      626.86782        2.49544       34.15806        0.00143        0.02146        0.60326       13.70000        0.11752        1.20788        0.52669        4.20092        0.00411        0.00070        0.07659        0.72210       29.74735        0.00108        0.02973        8.64570        0.09831        1.03102        0.71381        4.69695        0.00558        0.06854        0.00829      300.00000       63.00476
    4    1    1     5677.50741    24706.31831    10547.85583        6.14723       52.03422        0.00331        0.00544        0.22459        5.90000       25.48673        1.51406        0.22051        5.22370        0.00666        0.02334        0.00409        4.99596       54.75790        0.00366        0.00380        8.15223        0.03211       22.21654        4.97400        5.22340        0.00698        0.00510        0.02196      300.00000       19.33708
    5    1    1     2728.33849     1633.66979      795.19689        2.10208       26.53076        0.00086        0.01860        1.02004       23.30000        0.03920        0.71529        1.01928        1.84486        0.00085        0.02139        0.00073        0.95834       28.77084        0.00100        0.02268       16.08448        0.03865        0.76940        0.95161        6.77907        0.01159        0.01455        0.00674      300.00000      108.40252
    6    1    1     1215.29709     1788.16324      868.48905        8.15206      210.11994        0.05392        0.02722        1.51786       19.20000        0.07449        0.21621        1.51836       10.32841        0.02644        0.00638       -0.00050        0.97336      209.99335        0.05372        0.02707       19.41024        0.10447        0.73663        0.96838       10.32878        0.02601        0.00125        0.00499      300.00000        0.18471
    7    1    1     1542.42338     3699.54118     1601.18533        8.30884      162.81538        0.03238        0.01452        0.22104       24.40000        2.49172        1.57423        0.16033        7.20786        0.01356        0.00214        0.06066        2.40667      162.67379        0.03229        0.01484       24.27592        0.21959        1.62149        2.38490        7.20942        0.01246        0.04223        0.02177      300.00000        0.33191
    8    1    1     1859.15496     1483.55819      648.68705        7.08062      143.69603        0.02522        0.02508        1.08322       12.90000        0.02518        0.68523        1.04933        6.90783        0.01230        0.00673        0.03396        1.18497      144.28972        0.02539        0.02529       12.57864        0.02791        0.54885        1.18256        6.90841        0.01196        0.03860        0.00241      300.00000        0.99304
    9    1    1     1092.62757    11171.32677     5237.00452        7.45165      244.18461        0.07282        0.05833        0.89081        9.00000       10.58675        0.85923        0.87534        6.53399        0.01087        0.01991        0.01546        4.61913      244.25087        0.07281        0.05827        9.06722        0.72204        6.98053        4.61880        6.55634        0.01072        0.03521        0.00033      300.00000        0.50087
   10    1    1     4159.14351    16271.17954     6747.74510        1.48907       11.80751        0.00017        0.00751        1.65714       35.80000       16.74458        0.07918        1.65539       23.05881        0.13309        0.01996        0.00175        7.35574       20.77403        0.00053        0.05613       30.29184        1.28618        9.80522        7.33531       23.02202        0.13542        0.00244        0.02042      300.00000      142.35207
   11    1    1     2602.97367   121617.34444    50371.12534        0.91069       14.76050        0.00027        0.03182        0.13648       16.40000      123.62510        1.59855        0.13601        4.17511        0.00435        0.00513        0.00046       74.66265       35.86985        0.00157        0.10887       30.52646        0.11129       50.47636       74.66248       12.05852        0.03582        0.00512        0.00016      300.00000      111.32198
   12    1    1     1362.42651   129629.31228    53400.74588        4.12996      153.59752        0.02881        0.14012        0.02472       32.20000      131.07232        1.71238        0.02219        8.03750        0.01620        0.00099        0.00257       71.83946      150.70387        0.02769        0.13004       33.74337        0.07585       60.90295       71.83929        8.19685        0.01655        0.00301        0.00017      300.00000        8.81245
   13    1    1     1518.52374  1976162.22756  3829622.45508        0.49915       10.93216        0.00015        0.05844        0.66045       21.70000        0.24551        1.07367        0.66089        3.76319        0.00350        0.00047       -0.00047    -1633.33929     5792.70251       40.57506      379.76408      239.85436      475.86543      708.47945      429.43375     5685.92690       23.73705        7.23741    -2062.77304      300.00000      160.84760
   14    1    1      566.33438     4820.72265     2037.45608        8.78966      399.48888        0.19491        0.05738        0.87315        7.40000        3.54871        0.86124        0.87332        4.43867        0.00490        0.00001    -2072.67226        0.45832      399.51782        0.19431        0.05801        7.34134        0.09356        4.73115        0.45852        4.44169        0.00491        0.00004       -0.00020      300.00000        0.13478
   15    1    1     2811.32715     1788.06775      631.66392        4.45669       85.05473        0.00884        0.03565        1.23086        9.90000        0.19406        0.60654        1.12803        9.58312        0.02118        0.00065        0.10292        1.28992       81.29589        0.00805        0.03665       11.68620        0.20596        0.43768        1.29050        8.38230        0.01740        0.10212       -0.00058      300.00000       47.33568
   16    1    1     3329.96426     4315.14602     2124.04519        4.89814       44.49224        0.00242        0.00766        0.40750       15.50000        3.05978        1.36432        0.37024        9.38410        0.02273        0.03068        0.03720        2.09023       53.25321        0.00345        0.05344       25.88666        0.74646        1.94984        2.05471        8.77416        0.01830        0.03339        0.03552      300.00000       31.77266
   17    1    1     1548.37721     1718.87751      748.14772        3.16342       90.91897        0.01010        0.09079        0.83031        2.00000        0.00548        0.90522        0.82935        8.12158        0.01620        0.01040        0.00097        0.23136      106.30250        0.01377        0.08108       12.51655        0.65800        0.86901        0.22069        7.44604        0.01405        0.00123        0.01067      300.00000       35.03358
   18    1    1     2101.14045     1640.79017      755.02580        7.51035      126.02088        0.01940        0.01499        0.95831       13.10000        0.00992        0.77965        0.95491        9.99630        0.02509        0.01552        0.00349        0.22860      125.87645        0.01935        0.01504       13.10680        0.19229        1.33311        0.21910        9.99695        0.02530        0.00920        0.00951      300.00000        1.09450
   19    1    1     1594.06403     1676.60183      583.21944        4.18425      122.39200        0.01830        0.08620        1.35388       14.30000        0.02187        0.39855        1.33601       15.13630        0.05511        0.00996        0.01777        0.91233      121.76652        0.01808        0.08487       15.95030        0.03476        0.81257        0.91269       14.83737        0.05442        0.02685       -0.00036      300.00000        9.86346
   20    1    1     1674.28647    26371.90263    11200.45629        0.09280        2.13956        0.00001        0.06491        0.62843       23.80000       27.85039        1.10680        0.62776        6.94156        0.01185        0.01463        0.00072       10.40371       17.69316        0.00038        0.05187       20.85310        0.06630       19.13155       10.38720        9.39086        0.02124        0.00197        0.01651      300.00000      162.67690
   21    1    1     2957.50015     1585.22123      609.33660        5.70438       99.48862        0.01209        0.02506        0.31473       10.10000        0.27379        1.42321        0.31135        5.37126        0.00705        0.01259        0.00341        1.01486       91.99140        0.01030        0.01991       15.38014        0.21576        0.79982        0.99952        5.44563        0.00715        0.00074        0.01534      300.00000       21.06666
   22    1    1     3922.70212     1494.53610      602.00789        7.73399       68.18532        0.00568        0.00381        0.68215       10.10000        0.17639        1.05334        0.68123        9.32854        0.02173        0.00578        0.00087        1.00354       68.85105        0.00578        0.00333       10.51493        0.20816        0.70036        1.00288        9.32915        0.02172        0.00600        0.00066      300.00000        2.01767
   23    1    1     1730.78107     1606.29168      626.80535        6.53981      155.32673        0.02947        0.03943        1.46042        5.00000        0.15387        0.27450        1.46007        8.35909        0.01742        0.00614        0.00033        1.43672      155.50147        0.02948        0.03888        5.92135        0.15737        0.30027        1.43131        8.37089        0.01707        0.00145        0.00541      300.00000        1.19355
   24    1    1     1555.82321     1707.39395      835.92291        8.83533      143.24395        0.02506        0.00704        1.49800       18.90000        0.04679        0.23597        1.49859       11.63744        0.03355        0.00155       -0.00055        0.18952      143.45030        0.02511        0.00723       18.73424        1.28810        0.30402        0.18893       11.63796        0.03332        0.00068        0.00060      300.00000        0.23342
   25    1    1     3450.02196     1754.64154      849.91622        1.47568       18.95844        0.00044        0.01972        1.45502       14.60000        0.02565        0.27911        1.45546       14.21665        0.04999        0.00011       -0.00046        0.11524       25.14014        0.00077        0.04185        9.50250        0.28663        1.34526        0.11581       12.73444        0.04014        0.00013       -0.00057      300.00000      113.14177
   26    1    0     3012.79519  1221922.97890   429961.15876        5.44183       61.57863        0.00463        0.01101        1.30318       21.80000     1125.41547        0.45023        1.28434        8.64594        0.01908        0.00068        0.01880       19.23844        0.00000        0.00000        0.00000       44.51137        0.01134     1107.95364       19.23844        0.00000        0.00000        0.00000        0.00000      300.00000        0.00000
   27    1    1     1150.53803    21584.00827    10371.60907        7.91284      226.03784        0.06240        0.03726        1.33691       16.90000       22.23564        0.39718        1.33738        9.08434        0.02045        0.03105       -0.00028       17.09643      225.92942        0.06222        0.03711       17.14935        0.57068        6.32689       17.07308        9.08360        0.02113        0.00644        0.02335      300.00000        0.38707
   28    1    1     1806.53245    13996.04292     6288.49488        1.94558       49.11159        0.00295        0.07488        0.37076       10.70000       14.31478        1.36331        0.37126       10.53608        0.02751        0.00109       -0.00056        6.07030       69.51113        0.00589        0.04713       27.16613        0.17197        9.83692        6.07080        9.48624        0.02232        0.00075       -0.00049      300.00000       75.62434
   29    1    1     4504.30977     9371.49213     4125.12531        6.52704       67.01628        0.00549        0.00739        0.13364       25.20000        9.37490        1.64862        0.08594        2.21811        0.00128        0.00258        0.04774        5.55237       68.51331        0.00573        0.00727       25.09408        0.95366        4.62125        5.53433        2.21472        0.00118        0.03241        0.01804      300.00000       21.79621
   30    1    1     2248.95904     3282.06449     1261.36904        3.02387       82.13071        0.00824        0.08186        0.35359       10.70000        2.27588        1.38070        0.35386        5.79464        0.00829        0.00496       -0.00033        3.25886       75.14650        0.00687        0.02939       32.82083        0.65378        0.13160        3.25407       11.58807        0.03275        0.00026        0.00479      300.00000       28.91567
   31    1    1     2029.01977     1452.81140      610.04159        6.28188      129.33480        0.02043        0.03134        1.43962       19.70000        0.04534        0.30822        1.42634        3.45972        0.00289        0.00000        0.01327        1.00177      129.39462        0.02042        0.03121       19.82733        0.04872        0.73169        0.99975        3.41391        0.00292        0.01112        0.00201      300.00000        0.92330
   32    1    1     3640.71959     1636.15556      720.44940        8.53554       67.68263        0.00559        0.00208        1.24094        9.70000        0.01950        0.49390        1.24066       14.71544        0.05333        0.07476        0.00022        0.52789       67.45958        0.00556        0.00208        9.71852        0.04672        1.19968        0.50769       14.71564        0.05532        0.05287        0.02020      300.00000        1.64221
   33    1    1     1703.72911    17116.10453     6570.11803        0.37357        6.20859        0.00005        0.03369        1.67428       41.60000       18.28707        0.07994        1.65463       10.07969        0.02440        0.00091        0.01967        8.50309       48.87313        0.00291        0.05838       42.52567        3.85164        7.66432        8.50015        6.14633        0.00948        0.01052        0.00294      300.00000      146.62154
   34    1    1     2138.69970     6678.80045     3080.91028        6.21324      126.77359        0.01963        0.03122        0.98944       26.20000        6.24268        0.75761        0.97695        4.74750        0.00572        0.04026        0.01258        2.63905      126.81041        0.01961        0.03262       25.39277        0.10059        5.28489        2.58965        5.03444        0.00658        0.00322        0.04940      300.00000        5.28927
   35    1    1     3030.22295     1597.16628      573.19616        0.64842       13.04362        0.00021        0.04921        0.54048       10.00000        0.12242        1.19682        0.53775       10.40089        0.02713        0.03102        0.00275        1.06448       26.37664        0.00085        0.00788       26.57327        0.12213        0.72645        1.03352       12.92252        0.03980        0.00572        0.03096      300.00000      118.69423
   36    1    1     1867.38293     3031.19644     1218.49306        7.69315      140.31693        0.02405        0.01658        0.29749       12.70000        1.85478        1.43657        0.29800        8.83576        0.01935        0.00000       -0.00051        2.85266      140.44818        0.02408        0.01660       12.67016        0.16723        0.56889        2.85318        8.83644        0.01935        0.00000       -0.00052      300.00000        1.15250
   37    1    1     3006.44039     5028.25055     2002.90811        8.08800       82.68137        0.00835        0.00441        0.30504       20.50000        4.48648        1.43395        0.30062        6.81099        0.01132        0.01529        0.00440        4.42639       82.32582        0.00826        0.00447       20.51565        0.89503        0.91494        4.41110        6.81155        0.01181        0.00394        0.01529      300.00000        3.30055
   38    1    1     2053.18630     1442.80803      674.73044        2.70803       51.05337        0.00318        0.04023        0.80801        2.90000        0.03502        0.92693        0.80764       10.82211        0.02883        0.00045        0.00039        1.00071       29.84088        0.00108        0.04888       14.10219        0.02177        0.76572        0.99980        1.85114        0.00084        0.00365        0.00091      300.00000      102.88713
   39    1    1     8003.02031     1534.14390      561.78893        1.02213       12.36010        0.00019        0.01767        0.95952       15.20000        0.13472        0.77581        0.95876        0.43498        0.00005        0.01575        0.00084        0.76274       16.86298        0.00035        0.00627       23.02758        0.49873        0.60072        0.75941        7.33299        0.01315        0.02175        0.00333      300.00000      114.13012
   40    1    1     3104.82661     1538.80381      620.76561        4.35480       48.65144        0.00289        0.01235        0.90901       14.70000        0.01913        0.84412        0.89044       13.71451        0.04522        0.03410        0.01861        1.01844       72.85145        0.00648        0.02595       23.06682        0.11866        0.67131        0.97769        7.99082        0.01513        0.01085        0.04075      300.00000       31.80807
   41    1    1     2737.55272     3084.17543     1508.90171        1.06301       21.53620        0.00057        0.04956        0.54542       13.40000        1.65174        1.18979        0.54477        6.56123        0.01059        0.00327        0.00071        1.26758       34.84814        0.00148        0.01255       12.95119        0.12063        1.99894        1.26572       14.04948        0.04839        0.00138        0.00186      300.00000       91.58322
   42    1    1     9083.39429     1907.03742      600.78624        0.80518       13.31402        0.00022        0.03318        1.44518       20.40000        0.54760        0.28944        1.44513        1.78478        0.00079        0.05344        0.00008        0.91003       21.72187        0.00058        0.00204       14.01717        0.40742        0.99868        0.85720       14.16901        0.04727        0.00381        0.05284      300.00000       77.73914
   43    1    1     3058.48494     1942.70429      688.92610        8.08827       83.80365        0.00858        0.00453        0.53727       33.90000        0.59714        1.19682        0.53775        6.94347        0.01192        0.00304       -0.00039        1.39996       83.56289        0.00853        0.00457       33.88448        0.21512        0.71734        1.39920        6.94423        0.01186        0.00193        0.00076      300.00000        0.32898
   44    1    1     2618.92521     1527.11779      587.73134        7.15509      105.36028        0.01356        0.01292        0.94763       12.90000        0.02049        0.78666        0.94790       18.83800        0.08763        0.00006       -0.00028        0.20520      104.49158        0.01333        0.01315       12.93420        0.22590        1.32354        0.20566       18.83813        0.08773        0.00010       -0.00046      300.00000        2.37654
   45    1    1     2272.74719     2198.65174      529.15002        5.70177      117.15933        0.01676        0.03480        0.97597       46.20000        0.66373        0.75847        0.97610       19.67399        0.09549        0.00002       -0.00018        1.35342      120.14374        0.01757        0.03395       46.13288        0.45771        0.58651        1.35384       19.70592        0.09599        0.00010       -0.00042      300.00000       10.08405
   46    1    1     1958.21512     1684.50317      796.44639        3.26354       62.55705        0.00478        0.04010        1.19360       11.60000        0.05454        0.58777        1.14680        9.55523        0.02368        0.00298        0.04684        0.29390       71.47545        0.00623        0.04572       13.34795        0.39424        1.13831        0.25865        7.35440        0.01395        0.01509        0.03525      300.00000       60.51477
   47    1    1     4858.08847     3888.23796     1854.78249        5.64278       74.69678        0.00681        0.01459        0.49886       22.70000        2.56612        1.25220        0.48236        7.88814        0.01498        0.02013        0.01652        1.40420       66.04710        0.00531        0.02297       22.88755        0.46798        2.45638        1.38162        3.52243        0.00317        0.01369        0.02258      300.00000      130.07162
   48    1    1     3898.47418     2474.57628      443.22559        2.40703       33.44765        0.00137        0.02222        1.27635       29.60000        1.12862        0.46031        1.27425        6.82571        0.01167        0.00065        0.00213        1.64957       19.85164        0.00048        0.02237       29.40833        0.95130        0.25632        1.64967        8.43728        0.01756        0.00358       -0.00010      300.00000       97.06679
   49    1    1     1440.64140     1858.50014      688.07279        0.29534        6.44556        0.00005        0.05812        1.08228       13.60000        0.18667        0.66788        1.06668       17.57187        0.07442        0.01850        0.01555        0.80186       14.88203        0.00027        0.16556       22.24763        0.80279        0.27783        0.79887        7.08089        0.01258        0.02703        0.00299      300.00000      164.04301
   50    1    1     1364.81397     7809.86837     3224.34108        7.53543      194.91986        0.04640        0.03532        0.11921       38.40000        7.47573        1.61586        0.11871        6.24030        0.00958        0.00000        0.00045        1.49586      195.05900        0.04637        0.03505       38.49707        3.84518        3.86985        1.49566        6.22468        0.00966        0.00014        0.00020      300.00000        0.42549
   51    1    1     1969.90664     1653.93410      754.14595        1.80506       37.78851        0.00174        0.05178        0.62961        7.10000        0.04494        1.10916        0.62540        6.41126        0.01034        0.02818        0.00417        0.25851       36.99898        0.00167        0.04195        4.73460        0.05117        1.48426        0.25315        6.91126        0.01203        0.02616        0.00535      300.00000      106.12940
   52    1    1     2842.18213     4641.81484     2141.83330        4.76956       98.00212        0.01173        0.03983        0.95445       28.70000        3.68096        0.78933        0.94523        1.73735        0.00076        0.00455        0.00930        2.77569       97.51129        0.01160        0.03189       28.40542        0.45995        2.18845        2.77048        4.58453        0.00512        0.00893        0.00522      300.00000       64.18428
   53    1    1     1407.96381     1986.37037      674.09565        7.72418      186.30336        0.04239        0.02866        1.07395       19.60000        0.49124        0.67559        1.05898       10.66924        0.02896        0.04830        0.01500        1.03684      186.41500        0.04244        0.02884       19.47496        0.46565        0.78537        0.97454       10.67351        0.02975        0.00020        0.06230      300.00000        0.83817
   54    1    1     2166.50243     1662.64818      698.15677        2.92517       53.56896        0.00350        0.03746        1.06730        0.40000        0.00040        0.66911        1.06545       14.78120        0.05356        0.02003        0.00190        1.25631       44.59185        0.00241        0.04570       28.25006        0.19027        0.31700        1.24312       11.59180        0.03413        0.00553        0.01318      300.00000       75.90977
   55    1    1     1141.85641    10102.74931     4626.37365        8.35585      217.00048        0.05751        0.02486        1.23351       12.80000        9.89600        0.53998        1.19459       14.05775        0.04687        0.01790        0.03896        1.55170      217.13753        0.05756        0.02478       12.83007        1.13577        8.99534        1.49951       14.05755        0.05139        0.00007        0.05219      300.00000        0.18176
   56    1    1     1996.25940    13443.48277     5568.38646        6.61008      135.59852        0.02246        0.02894        1.20372       36.90000       13.83558        0.53998        1.19459        7.07862        0.01268        0.00000        0.00914        2.46228      134.87479        0.02217        0.02796       37.13656        0.55420       12.56389        2.45314        7.11138        0.01280        0.00005        0.00914      300.00000        1.63915
   57    1    1     6214.64972     2930.88607     1331.86759        6.40281       46.94141        0.00269        0.00387        0.76886       31.20000        1.66335        0.96519        0.76938        6.35793        0.01001        0.00553       -0.00050        2.90074       49.38502        0.00298        0.00364       31.20394        0.29896        0.19817        2.90083        6.34806        0.00994        0.00510       -0.00009      300.00000       15.89018
   58    1    1     1693.89703  1294756.38062   450254.72678        2.57964       38.55395        0.00182        0.02547        0.35789       15.00000     1190.18457        1.37620        0.35836        9.45608        0.02212        0.00324       -0.00052       22.36692       57.12575        0.00398        0.11395       40.21456       31.55895     1137.88014       22.36740       13.40266        0.04456        0.00260       -0.00048      300.00000      114.76662
   59    1    1     2843.30239     1757.93388      786.34489        6.64545       96.10457        0.01128        0.01426        0.85182       31.50000        0.06845        0.88481        0.84975       14.12826        0.04891        0.03859        0.00213        0.48554       96.46875        0.01136        0.01412       31.52508        0.12670        1.21867        0.45771       14.13140        0.04768        0.01406        0.02783      300.00000        2.42340
   60    1    1      901.97513     6261.04333     2730.51493        8.69443      256.70709        0.08048        0.02599        1.03084       35.60000        5.34107        0.70336        1.03121       12.93493        0.04158        0.00003       -0.00041        1.90945      256.80285        0.08032        0.02626       35.56564        0.97037        4.19545        1.90968       12.93520        0.04130        0.00019       -0.00023      300.00000        0.16967
   61    1    1     1884.44695     1999.14423      721.04835        4.85002      129.29318        0.02042        0.06638        0.68644       23.10000        0.46346        1.05079        0.68378        9.85630        0.02378        0.00254        0.00264        0.75680      121.16057        0.01781        0.05417       15.93939        0.45135        0.97844        0.75420       14.59230        0.05212        0.00314        0.00261      300.00000        7.39615
   62    1    1     2172.46205     1668.35894      697.00290        8.55760      109.72641        0.01470        0.00537        1.03906       16.80000        0.18541        0.73203        1.00254        3.17911        0.00261        0.04685        0.03641        1.41241      109.69242        0.01467        0.00529       16.88915        0.15946        0.38678        1.37389        3.18285        0.00262        0.04479        0.03852      300.00000        0.21953
   63    1    1     1535.77306     1698.98611      793.33335        2.51655       66.46880        0.00540        0.07981        0.92062        9.20000        0.05718        0.81575        0.91881        5.71519        0.00801        0.02440        0.00178        0.59073       60.99033        0.00450        0.05219       23.44806        0.12912        1.10335        0.58644        6.14772        0.00922        0.02204        0.00429      300.00000       95.42182
   64    1    1     2664.65798     1638.47325      625.57029        6.88263      100.86235        0.01242        0.01380        1.03390       19.70000        0.13073        0.70111        1.03346       15.25058        0.05723        0.01717        0.00040        0.80982      100.67483        0.01238        0.01415       19.53039        0.24472        0.81453        0.80572       15.24798        0.05845        0.01233        0.00410      300.00000        0.34392
   65    1    1     2861.22867    16583.06519     7230.85753        1.20585       20.11303        0.00049        0.03348        0.57549       21.70000       17.12698        1.15985        0.57471       17.99540        0.07961        0.00058        0.00080        5.91839       22.02546        0.00059        0.01129       24.96198        0.19175       12.75076        5.91704       20.35662        0.10171        0.00202        0.00135      300.00000      125.02861
   66    1    1     1550.61618     1734.81209      536.64301        7.02271      174.48138        0.03718        0.03821        1.00672       14.20000        0.10045        0.75040        0.98416       16.51451        0.06537        0.02415        0.02251        1.43447      175.00203        0.03728        0.03709       14.94962        0.17931        0.26836        1.38847       16.51435        0.06444        0.00154        0.04600      300.00000        0.53847
   67    1    1     5699.04706     1539.45190      753.81621        6.16685       45.03609        0.00248        0.00404        1.62830        0.90000        0.00005        0.11699        1.61757        3.67987        0.00343        0.01867        0.01064        0.52663       47.54972        0.00276        0.00342        3.06499        0.00055        1.21720        0.51731        3.67485        0.00342        0.01998        0.00933      300.00000        3.21343
   68    1    1     3197.56281    17337.08284     7279.64622        4.66452       53.09157        0.00344        0.01238        0.86633       30.50000       17.60153        0.87789        0.85668        1.62902        0.00064        0.01147        0.00958        2.54857       51.83230        0.00327        0.03344       29.45831        3.10174       13.66586        2.54452        4.53142        0.00516        0.01567        0.00405      300.00000       27.63744
   69    1    1     1987.57100    39893.49987    17475.06513        2.72807       57.01528        0.00397        0.04938        0.77574       12.80000       41.15341        1.00240        0.73216        5.52727        0.00791        0.00795        0.04348        0.68398       80.71190        0.00794        0.04805       29.63173        1.64172       40.58004        0.64301       11.51849        0.03432        0.00467        0.04097      300.00000       55.51162
   70    1    1     1547.69208     1665.94886      667.94603        8.73016      147.19429        0.02646        0.00826        0.84894        9.80000        0.25728        0.88589        0.84867        3.15250        0.00245        0.00749        0.00028        1.59569      146.97517        0.02636        0.00830        9.84603        0.04765        0.35523        1.58901        3.15107        0.00251        0.00103        0.00668      300.00000        0.65943
   71    1    1     2874.96367     1650.27787      561.26958        7.41350       95.37635        0.01111        0.00910        0.62681       15.70000        0.31070        1.10723        0.62733        1.48966        0.00055        0.00959       -0.00051        0.88437       95.26114        0.01107        0.00918       15.66800        0.89263        0.27273        0.87987        1.49603        0.00055        0.00458        0.00449      300.00000        1.99198
   72    1    1     1461.66164     1601.80935      556.02900        7.97421      176.97010        0.03825        0.02190        1.20597       19.00000        0.09881        0.52803        1.20653        6.94203        0.01195        0.01154       -0.00051        0.74667      177.28146        0.03834        0.02203       18.87086        0.29657        0.80060        0.73595        6.94139        0.01221        0.00004        0.01072      300.00000        0.22361
   73    1    1     3199.87779     1560.58132      648.38441        4.77857       95.51574        0.01114        0.03765        1.40062        7.90000        0.01421        0.34742        1.38715        7.36044        0.01308        0.01196        0.01347        0.74639       89.20827        0.00970        0.02212       18.66278        0.03310        0.98342        0.74646        8.08880        0.01628        0.02506       -0.00007      300.00000       58.63806
   74    1    1     3582.62210     1517.45267      552.08439        7.66795       74.08796        0.00670        0.00470        0.93644       37.00000        0.10758        0.83336        0.90121        5.23337        0.00651        0.00341        0.03524        1.51340       73.92845        0.00667        0.00475       37.00605        0.24673        0.09024        1.50520        5.22594        0.00663        0.03028        0.00820      300.00000        0.32884
   75    1    1     2579.65135     1681.21793      694.75002        3.09455       57.13647        0.00399        0.03765        0.21772        9.90000        0.16622        1.52677        0.20779        6.12643        0.00950        0.00059        0.01003        1.18736       69.59931        0.00591        0.02901       22.03087        0.05355        0.67342        1.18605        2.19122        0.00120        0.01200        0.00130      300.00000       41.14470
   76    1    1     1822.97166     1744.85766      577.74774        0.34803        7.48173        0.00007        0.05637        1.18634       17.20000        0.06373        0.54806        1.18650       17.74104        0.07829        0.10872       -0.00026        0.85391       35.82450        0.00156        0.04906       27.40994        0.36323        0.60844        0.85435       15.65766        0.06067        0.10471       -0.00045      300.00000      137.90841
   77    1    1     6179.54929     1461.75925      571.55739        3.85811       58.28337        0.00415        0.02372        0.75565        8.90000        0.04600        0.98613        0.74844        0.93497        0.00021        0.00681        0.00727        1.32400       53.22520        0.00346        0.00844        9.09503        0.06431        0.40360        1.31124        8.50867        0.01838        0.00049        0.01276      300.00000      110.39773
   78    1    1     2459.69498    20286.62139     9133.37751        3.77516       75.21257        0.00691        0.04157        1.47260        7.00000       20.96161        0.26297        1.47159        8.28384        0.01714        0.01422        0.00088       10.64194       71.55859        0.00624        0.02213       16.42286        0.02542       12.05681       10.63649        7.12386        0.01278        0.01167        0.00545      300.00000       29.66326
   79    1    1     1735.05371     4841.83123     2495.01922        0.06754        1.29768        0.00000        0.04509        0.01064        2.80000        4.10595        1.72823        0.00633       16.18765        0.06590        0.02812        0.00428        0.24908       14.55560        0.00026        0.08183        9.05015        0.57829        5.02399        0.21655       13.26828        0.04191        0.00857        0.03253      300.00000      170.25929
   80    1    1     2411.94796    74536.09293    31332.82482        0.63037       12.32735        0.00019        0.04652        0.52543       31.00000       75.82851        1.20868        0.52588        9.99569        0.02472        0.00067       -0.00053       49.91364       20.71698        0.00052        0.01659       27.99744        0.12171       27.53780       49.91385       13.13887        0.04260        0.00188       -0.00021      300.00000      140.03424
   81    1    1     1391.65575     1606.99479      702.40955        6.64967      194.33911        0.04613        0.05819        1.47315        0.80000        0.00007        0.26475        1.46982        1.64198        0.00066        0.00416        0.00331        0.38303      195.58414        0.04663        0.05759        2.09263        0.00495        1.34706        0.38282        1.63681        0.00066        0.00719        0.00021      300.00000        1.79792
   82    1    1     2285.62613     1443.34752      595.39399        8.19344      112.33432        0.01541        0.00755        1.33973       11.10000        0.01516        0.39795        1.33661        4.83238        0.00586        0.02841        0.00309        0.50799      112.73180        0.01551        0.00792       10.58634        0.02217        1.25090        0.47611        4.83145        0.00556        0.00001        0.03189      300.00000        1.06907
   83    1    1     2186.83108   133396.94648    53726.20671        6.16695      125.40211        0.01921        0.03129        1.13264       19.10000      134.16043        0.67199        1.06257       14.97989        0.05242        0.00054        0.07009       67.78933      123.23479        0.01851        0.03200       19.30762        0.08023       68.05575       67.75886       14.99134        0.05358        0.03906        0.03047      300.00000        6.36829
   84    1    1     3755.71140     1481.69808      607.16031        1.53126       25.70730        0.00081        0.03362        1.20815        8.50000        0.00637        0.53437        1.20020       13.50267        0.04428        0.00300        0.00797        0.69322       46.79736        0.00267        0.00620       21.80035        0.02578        1.05047        0.68681       13.87177        0.04682        0.00543        0.00642      300.00000       61.00151
   85    1    1     2390.34616    75872.13586    32225.11642        4.93204       99.69835        0.01214        0.03777        0.00935       27.20000       77.86877        1.72823        0.00633       14.54381        0.05308        0.01124        0.00301       33.10405      107.56236        0.01410        0.04701       25.36361        0.15903       46.35998       33.08177       12.17819        0.03555        0.00084        0.02228      300.00000       23.28844
   86    1    1     5035.24519    54758.12919    22475.99684        5.24650       77.37064        0.00731        0.01925        0.08120        9.70000       56.73166        1.65301        0.08156        8.91803        0.01966        0.04664       -0.00042       34.23423       62.63792        0.00479        0.01763        9.90593        0.01674       24.22195       34.22984        8.65592        0.01828        0.04514        0.00439      300.00000      154.38737
   87    1    1     1641.38723     2261.79028      506.06982        6.86116      163.69589        0.03273        0.03679        0.79076       23.90000        0.89614        0.96432        0.77024        5.30548        0.00719        0.01301        0.02043        1.43908      163.92057        0.03280        0.03627       24.06766        1.02290        0.19559        1.41262        5.29657        0.00720        0.00711        0.02645      300.00000        0.36137
   88    1    1     1312.72399     3450.15861     1497.29100        8.32019      189.02651        0.04364        0.01940        0.16303       26.70000        2.18089        1.57154        0.16302        3.28202        0.00265        0.01292        0.00012        1.56942      188.95822        0.04350        0.01966       26.62963        0.39317        1.96556        1.55654        3.29200        0.00275        0.00003        0.01288      300.00000        0.43576
   89    1    1     1816.97703     1747.25151      799.08276        2.57744       62.10640        0.00471        0.06620        1.21894       16.60000        0.03658        0.51645        1.21812       10.28839        0.02644        0.00007        0.00084        1.27324       70.65619        0.00608        0.05162       24.22529        0.06454        0.44678        1.27368       10.18076        0.02562        0.00151       -0.00044      300.00000       58.07988
   90    1    1     2113.97251     8499.13742     3895.65177        4.16804       94.50181        0.01091        0.05188        0.01124       13.40000        7.98779        1.72968        0.00489        1.99697        0.00097        0.04024        0.00630        3.73701       92.11652        0.01034        0.04460       12.44081        0.01053        5.97794        3.73379        6.18251        0.00959        0.04268        0.00322      300.00000        8.24945
   91    1    1     2319.69240     4169.68322     2011.85236        8.32711      105.99075        0.01372        0.00607        1.41576       25.30000        3.29320        0.31845        1.41612        7.40240        0.01354        0.00006       -0.00035        2.43653      106.02052        0.01372        0.00606       25.33078        0.03816        2.55263        2.43708        7.39930        0.01355        0.00017       -0.00055      300.00000        0.78310
   92    1    1     3132.87074    13269.04003     5878.16850        0.62482        9.41290        0.00011        0.02761        0.80056       29.00000       13.57785        0.94605        0.78852       11.21128        0.03039        0.00124        0.01194        0.98990       33.52222        0.00137        0.00893       35.57098        1.21845       13.13400        0.98803        8.98015        0.01977        0.01137        0.00187      300.00000      120.37774
   93    1    1     1771.53649     1958.21469      780.53296        6.32009      151.11474        0.02789        0.04193        0.12219        5.40000        0.58955        1.63913        0.09543        2.65356        0.00168        0.01993        0.02682        0.99794      151.32773        0.02786        0.04228        4.75260        0.26637        1.07623        0.98118        2.66261        0.00171        0.02992        0.01676      300.00000        2.46738
   94    1    1     1539.69371     2416.01682      807.09437        0.98046       36.90649        0.00166        0.17139        1.51457       26.20000        0.97187        0.22035        1.51422        4.39976        0.00483        0.02429        0.00028        1.20968       33.85523        0.00139        0.03910       41.92744        0.25184        1.32000        1.20908       16.48427        0.06781        0.01911        0.00060      300.00000      147.36274
   95    1    1     2542.33329     2046.24921      630.15354        1.13892       16.31631        0.00033        0.02474        0.43053       19.80000        0.76961        1.30671        0.42786        4.21872        0.00446        0.00900        0.00262        1.18839       29.19577        0.00104        0.02834       13.63084        0.70147        0.60499        1.18847        6.05228        0.00904        0.01210       -0.00008      300.00000      129.40054
   96    1    1     1510.04151     1591.69441      614.87916        0.95361       29.37388        0.00105        0.11483        1.33200        0.40000        0.00005        0.41592        1.31864        4.66119        0.00552        0.00225        0.01339        0.97680       41.37708        0.00208        0.07819       28.02226        0.16859        0.63866        0.96543        4.12678        0.00412        0.00317        0.01137      300.00000      127.93129
   97    1    1     1186.11208     1868.35852      782.69086        1.22783       43.99129        0.00236        0.15442        1.61542       31.60000        0.04641        0.12221        1.61236        6.88394        0.01159        0.00360        0.00298        0.40525       76.15647        0.00706        0.11410       40.09670        0.22472        1.16713        0.40220       11.78524        0.03397        0.00377        0.00305      300.00000      113.52611
   98    1    1     2484.30853     5464.22789     2594.74043        6.81969      106.82021        0.01394        0.01603        0.32669       20.70000        4.49196        1.42709        0.30747        8.86675        0.02007        0.00264        0.01916        1.15787      107.05308        0.01395        0.01626       20.59143        1.01409        4.06733        1.14494        8.85058        0.01892        0.01000        0.01294      300.00000        2.27132
   99    1    1     3044.85138     1864.25630      507.66652        0.43834        9.57684        0.00011        0.05819        1.64574       19.60000        0.32401        0.08869        1.64587       20.50515        0.10463        0.00654       -0.00009        0.48439       28.97765        0.00102        0.00744       38.49507        0.56900        1.06560        0.48274       19.50214        0.09329        0.00718        0.00165      300.00000      118.51854
  100    1    1     1367.01638    14029.35567     6307.63939        7.58318      197.03444        0.04742        0.03504        0.39799       22.70000       14.05566        1.36585        0.36872        3.74246        0.00360        0.00114        0.02928       14.14620      197.00916        0.04724        0.03537       22.65239        0.12293        1.55120       14.11596        3.74238        0.00334        0.00041        0.03024      300.00000        0.91791
