    1    1    1     2729.77032     1693.29307      764.72270        5.42413      110.36271        0.01488        0.03569        0.62488        5.60000        0.00168        1.15434        0.58022       11.16338        0.02947        0.00198   -33197.33915        1.23862      100.99538        0.01246        0.02758       15.22426        0.01180        0.53444        1.20060       11.16704        0.03221        0.00582        0.03802      300.00000       37.79988
    2    1    1     3063.13512     3099.32454      955.33855        2.92855       63.87063        0.00498        0.05311        1.35353       20.90000        1.93123        0.39881        1.33576       10.83864        0.02995        0.00914        0.01772        0.67916       75.54618        0.00695        0.01704       31.24819        1.31056        1.71713        0.67323       10.65323        0.02861        0.02132        0.00592      300.00000       15.54554
    3    1    1     1851.66433     1581.42881      572.23106        6.15217      146.23612        0.02612        0.04289        0.72227       20.50000        0.16917        1.01177        0.72280        4.57150        0.00517        0.01173       -0.00053        0.43205      147.26092        0.02638        0.04256       20.35644        0.16186        1.31992        0.42170        4.68290        0.00531        0.00103        0.01035      300.00000        5.48312
    4    1    0      772.78378 23204808.14160  7769305.55598        3.27552       88.75737        0.00962        0.08006        1.54799       17.50000    20079.31909        0.20206        1.53250        5.28407        0.00673        0.00001        0.01552     4553.10378        0.00000        0.00000        0.00000       99.52189        0.02571    15528.02470     4553.10378        0.00000        0.00000        0.00000        0.00000      300.00000        0.00000
    5    1    1     4699.86598     1718.08078      750.68149        2.05861       17.45780        0.00037        0.00841        0.91826       34.90000        0.06033        0.82778        0.90679       16.89125        0.06903        0.00023       -0.01300        1.46262       21.42537        0.00056        0.01644       30.48399        0.04860        0.27106        1.46077       17.66007        0.07808        0.00705        0.00185      300.00000       97.93656
    6    1    1     1276.56565     2290.61065      414.14337        4.07814      154.84886        0.02929        0.14680        1.28735       31.60000        0.59507        0.45626        1.27831       12.01108        0.03650        0.06602        0.00906        1.12191      155.44353        0.02942        0.14809       30.54707        0.72290        0.50761        1.09534       12.39335        0.03671        0.05063        0.02657      300.00000        0.57605
    7    1    1     1376.44527     1719.65029      558.39168        8.66604      171.32497        0.03585        0.01189        1.46063        9.90000        0.22505        0.28851        1.44606       13.34270        0.04294        0.05582        0.01463        0.59593      171.51237        0.03582        0.01202        9.78880        0.31138        1.11493        0.53320       13.34273        0.04173        0.00889        0.06273      300.00000        0.67774
    8    1    1     2115.94830     1705.04926      741.77615        4.05038       82.65084        0.00834        0.04251        1.36108        8.90000        0.10094        0.37363        1.36094       14.26613        0.05014        0.00028        0.00012        0.10902       94.18170        0.01081        0.04172        7.75345        1.05604        0.66938        0.10953       14.09490        0.04918        0.00078       -0.00051      300.00000       21.55987
    9    1    1     1491.75422     3027.82914     1166.79027        2.08208       71.23969        0.00620        0.13678        0.54436       21.00000        1.62559        1.19260        0.54197        2.98522        0.00218        0.00855        0.00235        1.44394       56.57938        0.00388        0.06602       41.70900        0.44328        1.51579        1.43952       12.20239        0.03633        0.00701        0.00442      300.00000       90.96382
   10    1    1     2094.51708     2183.73553     1011.95337        7.47514      130.67460        0.02086        0.01647        1.35492        8.10000        0.73655        0.38298        1.35159       10.39251        0.02640        0.00837        0.00337        1.59644      130.15010        0.02069        0.01646        8.31029        0.02049        0.86621        1.58459       10.39290        0.02612        0.00014        0.01185      300.00000        2.30525
   11    1    1     1299.71568     1509.93867      674.13307        7.73372      202.31407        0.04999        0.03359        0.64559        1.40000        0.00164        1.10779        0.62677        3.10870        0.00232        0.02146        0.01877        1.27858      202.70972        0.05013        0.03347        1.71687        0.00721        0.46397        1.26507        3.10054        0.00232        0.02670        0.01351      300.00000        0.44459
   12    1    1     2612.22686     4684.25035     2078.72582        5.08548      110.67034        0.01496        0.04288        1.53398       33.30000        3.64659        0.20659        1.52797        7.81722        0.01488        0.02211        0.00605        2.96814      111.79170        0.01518        0.03944       35.38692        0.44532        1.98084        2.96007        7.31968        0.01301        0.02007        0.00806      300.00000       49.70853
   13    1    1     1971.83337     3647.13819     1457.96135        0.35048        5.79065        0.00004        0.03330        1.39000       16.70000        2.65187        0.35236        1.38221        4.80997        0.00562        0.00742        0.00787        1.27990       37.98635        0.00176        0.04148       31.38825        0.85169        2.25457        1.27294        3.65387        0.00325        0.00796        0.00696      300.00000      153.00685
   14    1    1     4603.05123     2314.37025      448.21773        7.58651       52.54377        0.00337        0.00249        1.46957       20.30000        0.86638        0.26611        1.46846       14.15345        0.05006        0.05356        0.00109        1.10947       53.30451        0.00347        0.00242       20.30265        0.78564        0.71814        1.09716       14.15300        0.04842        0.04398        0.01230      300.00000        9.31491
   15    1    1     1155.42066   190130.31095    74752.81731        3.25512      114.87453        0.01612        0.13599        0.87800       36.60000      190.16799        0.86432        0.87024        7.93437        0.01590        0.00042        0.00781       59.06288      122.28589        0.01822        0.15892       38.62454        1.18937      131.62702       59.05474        7.87705        0.01506        0.00727        0.00814      300.00000       51.20422
   16    1    1     2532.59874     1888.62982      880.87569        2.21399       29.52413        0.00106        0.02065        0.29052       18.00000        0.41757        1.45018        0.28438        4.57217        0.00527        0.00106        0.00615        1.11697       40.76321        0.00203        0.02083        9.18944        0.02218        1.00323        1.11547        7.89589        0.01560        0.00549        0.00150      300.00000      107.23911
   17    1    1     1967.93902     1556.57989      632.09091        4.49032      112.03877        0.01533        0.06070        0.90227        5.10000        0.00251        0.83418        0.90038        1.92630        0.00093        0.00927        0.00192        0.69746      112.00056        0.01525        0.05818        1.65458        0.00063        1.04143        0.69370        4.38933        0.00484        0.00741        0.00376      300.00000       13.08666
   18    1    1     2006.86330     7125.41918     3350.20751        1.46176       38.04306        0.00177        0.08096        0.16810       22.10000        6.51968        1.56751        0.16705        3.22927        0.00261        0.00190        0.00104        2.34742       41.89023        0.00214        0.03081       30.62063        0.04795        5.91361        2.34413        1.18383        0.00035        0.00023        0.00328      300.00000      106.37315
   19    1    1     1886.53698     1657.77873      626.22361        1.82054       44.45054        0.00241        0.07040        1.10227       10.60000        0.21211        0.63265        1.10192        8.08152        0.01628        0.01879        0.00032        0.63087       39.09643        0.00186        0.04654        9.23691        0.02301        1.33356        0.61467        8.33162        0.01768        0.00138        0.01620      300.00000       97.28057
   20    1    1     3718.56482     5152.45865     2210.53736        6.07533       78.78275        0.00758        0.01296        0.64576       34.30000        4.26236        1.09460        0.63996       10.10759        0.02575        0.00070        0.00583        1.65670       77.57739        0.00733        0.01266       33.96471        1.68442        2.65958        1.65164       10.45498        0.02665        0.00235        0.00506      300.00000       18.68054
   21    1    1     2511.11585     1658.79262      767.43251        3.25158       57.32188        0.00401        0.03394        0.51867        6.20000        0.08724        1.21539        0.51917        8.83572        0.01936        0.01866       -0.00049        0.94027       87.29064        0.00929        0.02695       19.29114        0.03248        0.88461        0.92443        2.16985        0.00113        0.00257        0.01583      300.00000       23.30201
   22    1    1     7672.59923     2473.05299     1033.95841        4.65357       31.63072        0.00122        0.00442        1.46109       25.20000        1.22971        0.28253        1.45204        4.86868        0.00575        0.00020        0.00912        2.07624       38.99818        0.00186        0.00453       13.20304        0.07843        0.80568        2.07139        7.24483        0.01280        0.00539        0.00485      300.00000      118.81475
   23    1    1     2992.55637     1717.57195      804.43367        4.98638       79.24562        0.00767        0.02318        1.40953       30.80000        0.05455        0.32582        1.40874        3.20427        0.00256        0.03774        0.00085        0.13249       82.01996        0.00818        0.03050       28.72935        0.05445        1.61561        0.11265        2.06811        0.00103        0.01879        0.01984      300.00000       25.59312
   24    1    1     3272.36585    31339.99782    14723.15287        7.07055       82.25354        0.00826        0.00827        1.17319       22.30000       32.55213        0.56113        1.17344        7.50714        0.01392        0.00008       -0.00029        4.00172       82.36930        0.00828        0.00879       22.11178        0.51487       29.76925        4.00207        7.50545        0.01391        0.00012       -0.00035      300.00000        0.46892
   25    1    1     5398.37497     1489.20199      648.43439        6.10098       65.61825        0.00526        0.00887        1.29431       18.50000        0.01967        0.43973        1.29484        5.32960        0.00703        0.00003       -0.00053        0.27498       62.28985        0.00473        0.01272       21.56112        0.09813        1.38234        0.27547        2.83166        0.00199        0.00001       -0.00049      300.00000      120.44113
   26    1    1     4076.46943     1447.27275      635.66435        6.61960       71.72722        0.00628        0.00806        0.76749        2.20000        0.00314        0.97012        0.76444        2.82952        0.00196        0.01116        0.00312        0.32266       69.39062        0.00588        0.00798        3.77252        0.66264        0.75283        0.32272        2.82064        0.00196        0.01427       -0.00006      300.00000       13.15031
   27    1    1     1629.55448     1478.11849      653.06893        8.56014      145.28756        0.02578        0.00940        1.50743        1.90000        0.08294        0.22878        1.50579        4.62803        0.00536        0.00108        0.00161        1.47636      145.00166        0.02564        0.00949        1.98282        0.00619        0.33451        1.47685        4.62512        0.00530        0.00331       -0.00049      300.00000        0.81155
   28    1    1     1711.37149     1702.53984      736.64065        2.09928       46.38163        0.00263        0.05699        0.52096       20.20000        0.09156        1.23472        0.49984       10.13418        0.02464        0.00114        0.02123        0.45668       78.04653        0.00740        0.07146       14.44676        1.21877        0.13288        0.45700        9.72644        0.02352        0.02192       -0.00032      300.00000       70.99150
   29    1    1     1051.21540    70764.86325    27937.35224        8.33999      235.34856        0.06765        0.02961        0.40927       22.70000       71.52700        1.32659        0.40797       11.77149        0.03402        0.03293        0.00125       58.82903      235.53924        0.06775        0.02949       22.76924        0.16986       14.28558       58.80611       11.77218        0.03320        0.01209        0.02292      300.00000        0.12596
   30    1    1     2650.58854     2324.75712      905.10393        5.07027       78.02626        0.00744        0.02149        0.72509       32.00000        0.85844        1.03016        0.70441        4.34118        0.00482        0.01457        0.02064        0.87713       61.86850        0.00464        0.04578       25.27853        1.60685        0.11956        0.84563        4.24662        0.00464        0.00339        0.03150      300.00000       14.76898
   31    1    1     7106.36910     1598.95819      589.95611        0.45904        5.75683        0.00004        0.01917        0.92131       16.60000        0.19793        0.83366        0.90091        6.66206        0.01134        0.00010        0.02041        0.92327       27.42656        0.00092        0.01559        8.39050        0.54166        0.47144        0.91169        9.48724        0.02177        0.00893        0.01158      300.00000       21.78874
   32    1    1     2257.15525     7951.19559     3472.84658        6.20280      119.28671        0.01738        0.02779        0.67422       20.50000        7.66636        1.06554        0.66902       12.43900        0.03896        0.02291        0.00523        4.94608      118.94764        0.01725        0.02757       20.69244        0.07681        4.38561        4.93859       12.44925        0.03766        0.02219        0.00749      300.00000        4.09334
   33    1    1     2341.21349     1477.65862      695.98272        8.05585      111.38731        0.01515        0.00820        0.32708       14.90000        0.02974        1.40701        0.32756        7.88312        0.01539        0.04828       -0.00054        1.58394      111.26824        0.01510        0.00842       14.80284        0.01646        0.17247        1.57523        7.88218        0.01571        0.03875        0.00870      300.00000        0.77309
   34    1    1     2090.17346     1977.02586      835.28602        5.81282      127.97125        0.02000        0.03919        0.12352        9.10000        0.49955        1.62067        0.11389        4.05908        0.00417        0.01319        0.00969        1.74134      123.91740        0.01869        0.04075        9.16162        0.04194        0.45250        1.73972        3.89175        0.00371        0.02136        0.00162      300.00000        7.71995
   35    1    1     2565.20835     1810.32391      561.21123        1.80035       28.58701        0.00100        0.02980        1.14024       38.70000        0.30833        0.59384        1.14073       12.86482        0.04095        0.00025       -0.00049        0.65137       50.06010        0.00306        0.02334       39.04967        1.27185        0.12609        0.65168       12.48374        0.03849        0.00020       -0.00032      300.00000      106.49448
   36    1    1     2826.43111     1536.13508      626.27273        0.73439       11.86773        0.00017        0.03172        1.15031        9.60000        0.02315        0.58726        1.14731        6.75044        0.01144        0.00007        0.00306        0.82979       14.69335        0.00026        0.01282        9.57129        0.06295        0.86157        0.82692       12.16451        0.03620        0.00051        0.00288      300.00000      145.24748
   37    1    1     6553.11550     6465.91110     2965.15684        0.92093        7.91617        0.00008        0.00895        0.97624       22.60000        5.63157        0.76758        0.96699       18.76850        0.08914        0.01801        0.00935        2.79063       17.50401        0.00037        0.00273       26.75653        1.72348        2.88257        2.75960       19.20317        0.08787        0.00391        0.03103      300.00000       46.77719
   38    1    1     1889.27733     1815.43010      611.28457        5.03462      132.81734        0.02154        0.06345        1.54543       17.80000        0.28685        0.18975        1.54481        4.74629        0.00562        0.00042        0.00055        0.70907      130.85890        0.02088        0.06462       18.67247        0.51297        0.80166        0.70826        3.80715        0.00356        0.00030        0.00080      300.00000       15.26434
   39    1    1     4175.88756     1863.04302      627.69861        5.84634       73.62321        0.00662        0.01275        0.95893       23.30000        0.57929        0.77936        0.95521        5.96636        0.00894        0.00023        0.00380        0.69286       81.26079        0.00803        0.01749       22.48403        0.42765        1.19545        0.68888        4.29401        0.00463        0.00003        0.00397      300.00000       50.18365
   40    1    1     2197.84311     1549.13779      518.97410        0.91544       18.47857        0.00042        0.04935        0.61319       19.30000        0.08527        1.12715        0.60741        3.51356        0.00311        0.00209        0.00576        0.62458       32.55387        0.00129        0.02437       15.04172        0.58971        0.58903        0.62468       13.57194        0.04542        0.00618       -0.00009      300.00000      125.09136
   41    1    1     4743.15960     4691.27967     2262.21674        2.56109       34.02122        0.00141        0.02014        0.16442       12.10000        3.58499        1.58301        0.15155       12.46438        0.03945        0.00177        0.01285        0.90033        2.93373        0.00001        0.00234       24.53091        0.90370        3.53405        0.88300       15.04706        0.05448        0.00025        0.01733      300.00000      147.38820
   42    1    1     4592.68464    27616.10634    12115.88359        2.61495       30.80287        0.00116        0.01579        0.54846       46.30000       28.95635        1.18574        0.54882        5.41058        0.00723        0.00430       -0.00039        7.10263       29.55804        0.00107        0.02783       44.57832        0.12250       23.46301        7.10312        2.12992        0.00113        0.00096       -0.00049      300.00000       53.05150
   43    1    1     3350.07438     1710.16805      539.56002        2.47990       38.33420        0.00179        0.02739        1.11425       20.50000        0.23889        0.62532        1.10925       12.23613        0.03650        0.00250        0.00501        0.49907       36.79003        0.00165        0.03854       28.89512        0.44276        1.05439        0.49961        3.03732        0.00229        0.00794       -0.00055      300.00000       83.83161
   44    1    1     2539.07273     1811.56811      661.00089        7.56078      103.92956        0.01319        0.00988        1.44355       25.70000        0.45010        0.30562        1.42894        0.71637        0.00012        0.01777        0.01457        1.90072      103.86881        0.01314        0.01018       25.62519        0.18196        0.12620        1.87631        0.71742        0.00012        0.00792        0.02442      300.00000        1.34026
   45    1    1     3291.84993     1654.88733      807.03490        3.75748       44.53385        0.00242        0.01473        1.49388       21.10000        0.02815        0.25717        1.47739        8.29883        0.01658        0.00286        0.01645        1.51045       39.28809        0.00188        0.02197       19.83731        0.02034        0.23242        1.50840        7.05083        0.01245        0.01630        0.00205      300.00000       61.57707
   46    1    1     1200.17089     1807.57028      583.22387        7.87731      218.45983        0.05829        0.03565        0.87393       44.00000        0.23575        0.86015        0.87441        2.83768        0.00199        0.00387       -0.00053        0.21384      218.53428        0.05810        0.03564       44.03068        0.52850        1.23126        0.21069        2.83448        0.00196        0.00033        0.00314      300.00000        0.01100
   47    1    1     2979.95100     8490.27175     3863.10391        4.10919       77.86554        0.00740        0.03645        1.58124        8.50000        8.30067        0.17158        1.56299       13.07968        0.04114        0.00389        0.01830        5.39364       63.44533        0.00491        0.02091       12.81455        0.22068        4.44060        5.36879       16.04606        0.06161        0.00001        0.02485      300.00000       16.53381
   48    1    1     1720.31306     2038.49126      670.59401        1.26938       27.09837        0.00090        0.05476        0.54921       14.30000        0.65455        1.18574        0.54882        9.15808        0.02092        0.00010        0.00045        1.24121       28.25368        0.00097        0.06332       19.27901        0.46345        0.62059        1.24058       17.64531        0.07656        0.00008        0.00063      300.00000      132.25723
   49    1    1     2203.72256     1713.46383      651.04699        7.30301      126.71056        0.01961        0.01716        0.80381        9.00000        0.38093        0.93350        0.80107        2.48557        0.00151        0.00225        0.00274        1.42222      127.70034        0.01989        0.01757        8.20312        0.06214        0.63146        1.42118        2.48775        0.00152        0.00396        0.00104      300.00000        5.09045
   50    1    1     2848.33125     1812.81719      821.24278        0.85281       12.86577        0.00020        0.02759        0.24969        9.80000        0.22223        1.50097        0.23359       14.60629        0.05139        0.01180        0.01607        1.87310        5.54666        0.00004        0.01394       15.72448        0.03327        0.06982        1.86642       14.77149        0.05505        0.01869        0.00667      300.00000      170.37954
   51    1    1     3557.15820     1915.25495      909.42106        0.84206       13.50490        0.00022        0.03119        0.81589       18.70000        0.39015        0.93444        0.80012        9.76918        0.02300        0.00060        0.01580        0.66599       27.29242        0.00091        0.00634       15.14773        0.44097        1.03143        0.65242       13.85877        0.04637        0.00348        0.01357      300.00000      104.62932
   52    1    1     3922.60783     1435.00750      630.11451        6.80349       66.29269        0.00537        0.00623        0.86023        4.80000        0.06685        0.92393        0.81063        3.18499        0.00263        0.00240        0.04956        0.77825       67.92769        0.00563        0.00581        5.22006        0.00738        1.03252        0.76173        3.18626        0.00244        0.03561        0.01652      300.00000        3.17534
   53    1    1     3671.79183     2538.80343     1140.32820        0.49112        5.53213        0.00004        0.01546        0.51177       18.30000        1.09630        1.22354        0.51102        7.42866        0.01357        0.00000        0.00067        1.83305       12.74760        0.00020        0.00827       26.31776        0.38847        0.62272        1.83273        5.52980        0.00762        0.00035        0.00032      300.00000      147.27573
   54    1    1     3036.53070     1506.85928      612.73895        7.02917       89.41703        0.00977        0.01000        1.68278       14.80000        0.00912        0.07415        1.66042       13.85857        0.04604        0.02771        0.02242        1.17455       89.62359        0.00980        0.00919       15.25549        0.01016        0.60975        1.12446       13.85893        0.04529        0.00081        0.05010      300.00000        1.07792
   55    1    1     3061.52743     1913.13886      764.21611        6.79942       93.51323        0.01068        0.01242        0.93333       16.20000        0.46774        0.81100        0.92356        5.23844        0.00695        0.01193        0.00987        1.92504       94.17325        0.01083        0.01277       15.98421        0.20785        0.06970        1.92440        5.15794        0.00654        0.02133        0.00064      300.00000        9.85778
   56    1    1     1813.05359     3574.97298     1481.28000        8.33458      136.27528        0.02268        0.00997        0.84472       24.20000        2.09268        0.89401        0.84055       21.51357        0.11298        0.00926        0.00419        2.17253      135.93181        0.02253        0.01019       24.15396        0.52585        1.13760        2.16367       21.51365        0.11707        0.00051        0.00886      300.00000        0.78422
   57    1    1     1519.18780    79854.41641    33735.57605        3.09334       64.97790        0.00516        0.04873        0.28188       41.10000       82.33087        1.45371        0.28086        5.89176        0.00853        0.00004        0.00109       56.50719       52.34148        0.00334        0.15107       46.42763        0.23691       27.22615       56.50650        2.87061        0.00206        0.00223        0.00069      300.00000       90.42510
   58    1    1     1422.91325     1558.59959      663.01705        2.42048       61.77388        0.00466        0.07489        0.38289        6.40000        0.00510        1.37181        0.36275       11.62127        0.03243        0.00018        0.02015        0.67244       58.94581        0.00422        0.06857       16.44153        0.01914        1.08135        0.65845        9.14132        0.02124        0.00499        0.01399      300.00000      105.98804
   59    1    1     1840.46868     3259.26467     1350.88330        6.97091      149.01002        0.02712        0.02869        1.07059       12.90000        2.23363        0.66526        1.06931        8.71944        0.01901        0.00671        0.00124        1.74456      149.93421        0.02734        0.02920       12.27033        0.02327        2.19976        1.74438        8.72871        0.01898        0.00788        0.00017      300.00000        2.42307
   60    1    1     1926.11392     9728.86932     4262.32858        6.89381      141.95857        0.02461        0.02718        1.50004       20.30000        9.66455        0.23702        1.49754        8.88751        0.01934        0.01035        0.00257        5.83698      143.42510        0.02507        0.02886       19.27202        0.12746        5.43581        5.83366        8.88289        0.01929        0.00961        0.00332      300.00000        2.96963
   61    1    1     2211.10330     9078.39647     4447.41650        1.56564       24.15206        0.00071        0.02835        0.64822        4.70000        9.00999        1.08632        0.64824       11.86653        0.03506        0.00229       -0.00002        4.86998       34.39054        0.00144        0.03615       16.79665        0.07746        5.75684        4.86976       15.71152        0.06080        0.00827        0.00022      300.00000      126.39239
   62    1    1     1050.76051    17633.24059     8368.08536        7.84248      248.80640        0.07561        0.04732        0.30726       30.40000       17.91837        1.42943        0.30514        9.70540        0.02360        0.02546        0.00212       14.10321      248.87533        0.07553        0.04758       30.33518        0.73144        4.82429       14.09698        9.72142        0.02300        0.02201        0.00623      300.00000        0.41139
   63    1    1     1591.37654     3089.25425      750.91275        2.75528       82.81596        0.00838        0.10196        1.38300       27.00000        1.67451        0.37281        1.36175       14.70516        0.05188        0.00019        0.02124        1.17690       91.87295        0.01027        0.06791       28.18203        1.49181        0.78074        1.17721       13.63235        0.04588        0.01922       -0.00031      300.00000       42.03570
   64    1    1     3026.46145     1604.13853      702.64542        4.31102       59.00564        0.00425        0.01863        0.51934        3.70000        0.07283        1.22262        0.51194       19.01204        0.08784        0.00152        0.00728        0.72124       76.76022        0.00717        0.02778       24.39673        0.08489        1.03516        0.71997       13.52304        0.04572        0.00507        0.00126      300.00000       12.83602
   65    1    1     4647.77945     1949.94007      641.79112        0.15853        1.89329        0.00000        0.01742        1.55024       28.70000        0.53675        0.18896        1.54560        2.07744        0.00109        0.00201        0.00465        0.69781        5.79580        0.00004        0.00245       29.25373        0.94393        0.64057        0.69744        4.46954        0.00492        0.00675        0.00037      300.00000      163.81723
   66    1    1     5858.06084     1630.75769      653.64069        1.23146       24.65580        0.00074        0.04822        1.24383        9.10000        0.17934        0.50410        1.23047        1.54070        0.00060        0.00177        0.01334        0.69724        6.25661        0.00005        0.01073       24.41037        0.28187        0.96778        0.68310        9.24420        0.02062        0.00031        0.01413      300.00000       85.48835
   67    1    1     4339.67097     1501.38790      593.43839        8.38870       56.00694        0.00383        0.00161        1.20685       13.00000        0.07768        0.52841        1.20616       14.10423        0.04891        0.00013        0.00072        0.33896       56.15387        0.00385        0.00151       13.03354        0.36911        1.10386        0.33931       14.10444        0.04915        0.00098       -0.00035      300.00000        0.65838
   68    1    1     2765.42472    63350.42425    27485.25527        4.60735       69.02773        0.00582        0.02159        0.44671       21.30000       65.41705        1.29000        0.44456        8.07658        0.01634        0.00449        0.00218        9.33152       57.93594        0.00410        0.03656       26.63074        0.03709       57.78037        9.33192        4.73532        0.00554        0.00684       -0.00041      300.00000       16.46346
   69    1    0      564.12809 45152783.93931 16083819.01462        1.84899       64.95531        0.00515        0.14557        0.68036        8.70000    39415.79071        1.06809        0.66652        0.80461        0.00016        0.00020        0.01380      210.68361        0.00000        0.00000        0.00000       59.21701        0.03604    39205.96492      210.68361        0.00000        0.00000        0.00000        0.00000      300.00000        0.00000
   70    1    1     2152.64862    12332.48527     6033.56933        1.10278       15.48404        0.00029        0.02379        0.73303       32.70000       12.14331        1.00098        0.73358        6.72430        0.01121        0.00035       -0.15962        3.23943       32.33522        0.00128        0.06133       41.54895        0.44310       10.15329        3.23984        6.85683        0.01168        0.00287       -0.00041      300.00000      128.47073
   71    1    1     3406.83786     1580.38328      767.34547        7.11038       78.16292        0.00746        0.00730        1.61606       18.30000        0.04919        0.12585        1.60872        4.23912        0.00454        0.00026        0.00730        0.66475       78.31801        0.00749        0.00698       18.43518        0.13499        0.98605        0.66298        4.23763        0.00440        0.00600        0.00177      300.00000        1.79581
   72    1    1     1169.33059   296357.13700   115105.27681        2.43736       59.92027        0.00439        0.06943        0.29183       44.50000      289.90819        1.44436        0.29020       11.29282        0.03128        0.05032        0.00164       16.73155       24.51974        0.00073        0.19999      100.00824        0.35070      274.44597       16.71870       14.14889        0.04837        0.02254        0.01285      300.00000      142.50241
   73    1    1     3211.23595     2543.31651     1123.44526        4.58615       57.45352        0.00403        0.01514        0.19530       19.00000        1.01092        1.54456        0.19001       17.39518        0.07374        0.02041        0.00532        0.19199       67.76897        0.00561        0.02599       32.03263        0.06375        2.54309        0.17029       11.03186        0.03112        0.00255        0.02170      300.00000       27.67419
   74    1    1     3304.98377     5092.59633     2426.00237        4.24957       42.52652        0.00221        0.01002        0.62862       18.90000        4.06515        1.11180        0.62276        6.81881        0.01172        0.00880        0.00582        1.07122       39.17175        0.00187        0.02166       16.08889        1.07799        3.66329        1.05665        2.63670        0.00168        0.00062        0.01456      300.00000       55.73626
   75    1    1     1448.36086     1661.80875      668.94018        2.14313       64.82297        0.00513        0.10660        0.96037       13.50000        0.02455        0.79047        0.94409        3.79467        0.00347        0.00065        0.01626        0.77075       72.12429        0.00633        0.08627        3.47692        0.02503        0.95616        0.77121       10.46105        0.02717        0.01955       -0.00045      300.00000       79.70620
   76    1    1     1483.64342     1565.90289      658.68188        7.46466      182.83330        0.04083        0.03244        0.95144        8.80000        0.00549        0.79047        0.94409        4.12462        0.00413        0.00048        0.00736        1.50508      182.93530        0.04083        0.03209        9.21882        0.00483        0.23354        1.50207        4.12190        0.00416        0.00475        0.00302      300.00000        1.54280
   77    1    1     1159.89585     1752.20637      617.56975        2.18251       86.95514        0.00923        0.18463        0.68295        7.70000        0.01924        1.05191        0.68266       11.58434        0.03303        0.03804        0.00031        1.52107       81.08389        0.00798        0.13511       15.69929        0.01072        0.27073        1.48746       16.78011        0.07254        0.00089        0.03362      300.00000       74.15285
   78    1    1     2006.74218     1586.49441      618.85274        0.22028        3.71146        0.00002        0.03466        0.45001       14.80000        0.01099        1.29896        0.43560       20.15564        0.10330        0.00221        0.01444        1.42142       25.81556        0.00081        0.03169       14.38301        0.01188        0.31650        1.42128       20.21833        0.10073        0.01712        0.00014      300.00000      152.85400
   79    1    1     3642.87064     7127.77771     3203.59220        1.31320       16.88440        0.00035        0.01984        1.23914       20.30000        6.71406        0.49653        1.23804        8.24476        0.01699        0.02556        0.00112        7.26460       15.30499        0.00029        0.00497       31.71219        0.08242        1.13534        7.25064        6.91858        0.01217        0.01268        0.01396      300.00000      129.03671
   80    1    1     3255.56632     1785.20389      556.05915        5.84742       84.41125        0.00870        0.01675        1.38296       22.20000        0.22218        0.35176        1.38281       20.73771        0.10592        0.00005        0.00024        0.61804       84.00608        0.00861        0.01733       21.93808        0.59002        0.74758        0.61851       20.74076        0.10669        0.00005       -0.00047      300.00000       15.15804
   81    1    1     2068.98892     1521.09031      636.35072        3.09673       56.11154        0.00385        0.03625        0.72854       16.60000        0.05746        1.02647        0.70809       11.76452        0.03536        0.00022        0.02049        1.30861       37.31995        0.00169        0.03400       23.26254        0.06192        0.45425        1.28824       10.36121        0.02743        0.00025        0.02037      300.00000       96.22083
   82    1    1      703.77153     1787.44261      784.91733        8.98039      303.26020        0.11232        0.02695        0.63040       15.00000        0.01895        1.10919        0.62538        8.39236        0.01717        0.00440        0.00509        1.13885      303.15600        0.11214        0.02713       14.96910        0.01725        0.59897        1.13726        8.39232        0.01728        0.00778        0.00160      300.00000        0.03075
   83    1    1     1968.83211     9564.63106     5015.39864        1.88593       44.22883        0.00239        0.06478        1.11441       25.60000        9.46057        0.61986        1.11471        9.16310        0.02073        0.00325       -0.00024        7.40041       72.03763        0.00630        0.03908       20.52015        0.02126        3.80801        7.39895        5.69599        0.00796        0.00296        0.00145      300.00000       63.62800
   84    1    1     2184.15058     1603.02816      661.77098        5.14956      134.17619        0.02199        0.06093        1.04606        5.60000        0.03388        0.68818        1.04638        8.70876        0.01873        0.05508       -0.00028        0.99067      123.43517        0.01856        0.05126       18.89829        0.01853        0.78083        0.98556        7.87261        0.01560        0.04940        0.00511      300.00000       39.72232
   85    1    1     3787.79444     7375.43281     3577.35445        5.59873      100.78897        0.01241        0.02717        0.14960       13.90000        7.09784        1.58635        0.14821        9.58156        0.02296        0.04351        0.00143        5.05972      104.18971        0.01320        0.03276        8.20692        0.20301        3.56686        5.05459        9.37574        0.02213        0.04215        0.00513      300.00000      105.95179
   86    1    1     1613.93022     1647.19786      559.31751        3.31854       98.23113        0.01179        0.09523        0.90048       21.30000        0.12969        0.83366        0.90091        4.18931        0.00434        0.00015       -0.00039        1.57077      125.13238        0.01911        0.08144       22.79763        0.19967        0.09356        1.57122        6.52287        0.01053        0.00026       -0.00045      300.00000       13.97352
   87    1    1     3662.66862     1484.32548      691.94902        1.57705       10.86362        0.00014        0.00565        0.51885       23.70000        0.17386        1.21917        0.51539        6.82532        0.01138        0.00140        0.00356        1.11176       45.66792        0.00254        0.02694       12.93171        0.10845        0.66364        1.11024        7.49883        0.01380        0.00336        0.00153      300.00000      108.82106
   88    1    1     2284.96648     1973.24917      724.73012        7.72197      115.88387        0.01640        0.01110        0.41226       30.10000        0.51337        1.32274        0.41182       10.15433        0.02572        0.06269        0.00045        0.38967      116.20930        0.01644        0.01119       30.07526        0.80063        1.05920        0.38804       10.15669        0.02530        0.06188        0.00163      300.00000        0.10495
   89    1    1     1165.69788     3331.44445     1297.62194        0.32210        9.50322        0.00011        0.10621        0.33166       45.40000        1.88837        1.40557        0.32900       10.31853        0.02606        0.00010        0.00267        2.83419       45.95914        0.00255        0.21267       21.72929        0.20032        0.48697        2.83379        8.60197        0.01845        0.00292        0.00040      300.00000      165.64790
   90    1    1     6277.74213     1707.85096      567.02315        0.93606       15.19220        0.00028        0.03189        0.72566       23.90000        0.37982        1.01084        0.72373        6.13318        0.00922        0.00202        0.00197        1.33530       36.56099        0.00163        0.00262       35.76616        0.34254        0.47403        1.33219        3.48259        0.00304        0.00057        0.00312      300.00000       16.69661
   91    1    1     2653.21342    16597.97149     7308.41218        4.71011       73.02704        0.00651        0.02285        0.85612       32.10000       17.18068        0.89080        0.84376        3.85767        0.00360        0.02593        0.01236       10.76881       74.13629        0.00671        0.02546       27.42698        0.26343        7.89849       10.73972        8.50660        0.01727        0.00631        0.02908      300.00000       27.22213
   92    1    1     1600.92179     2027.66211      693.37895        2.14778       50.63636        0.00313        0.06475        1.43831       27.10000        0.67698        0.29674        1.43782        3.87225        0.00369        0.00327        0.00044        1.96008       56.35859        0.00387        0.05626       30.61759        0.14898        0.31611        1.95693        2.24122        0.00123        0.00036        0.00315      300.00000      101.91684
   93    1    1     1574.06033     1825.00813      574.64159        6.19331      167.37379        0.03421        0.05499        1.65814        9.10000        0.37879        0.08129        1.65328       10.29776        0.02669        0.02532        0.00482        1.27714      168.43481        0.03461        0.05451        9.54582        0.47103        0.37489        1.26786       10.24586        0.02657        0.02067        0.00928      300.00000        0.97463
   94    1    1     2937.92578     2133.27887      475.88022        8.19984       86.48582        0.00914        0.00445        1.00273       20.20000        0.81572        0.73470        0.99986        9.72982        0.02316        0.01181        0.00281        0.90454       86.77889        0.00919        0.00446       20.20918        1.03456        0.61218        0.90358        9.73007        0.02326        0.01355        0.00096      300.00000        0.65431
   95    1    1     1497.56373    37975.72354    15805.50341        8.54440      158.63249        0.03073        0.01136        0.85597       42.30000       39.61511        0.88143        0.85314       11.63312        0.03395        0.00188        0.00279       11.60790      158.37819        0.03062        0.01143       42.30845        3.54300       26.20162       11.60508       11.63202        0.03311        0.00277        0.00282      300.00000        0.69690
   96    1    1     1290.24959     3294.77105     1303.40451        1.84185       62.50778        0.00477        0.13589        0.38979       28.00000        1.90186        1.34947        0.38510        1.49641        0.00055        0.01501        0.00475        0.57187       57.02618        0.00394        0.10404       28.59378        0.95403        2.13271        0.57204        6.60148        0.01084        0.01991       -0.00017      300.00000       97.82184
   97    1    1     1862.25708   356104.37855   139960.98560        6.98988      146.39833        0.02618        0.02740        0.53579       48.70000      348.78123        1.20189        0.53268        3.97235        0.00386        0.01141        0.00313      236.22225      146.78942        0.02629        0.02747       48.86827        1.94234      112.35156      236.22201        3.90048        0.00379        0.01406        0.00024      300.00000        1.54774
   98    1    1     1501.67107   178198.10744    75263.86204        1.40443       38.45506        0.00181        0.08976        1.53447       30.20000      179.28350        0.20695        1.52762        6.58090        0.01093        0.00381        0.00687       37.80163       26.48333        0.00086        0.06555       35.68291        0.22366      143.02432       37.79647        7.52507        0.01426        0.00096        0.00516      300.00000      129.41865
   99    1    1     1188.03381   233817.36938    91820.12241        1.07116       28.75055        0.00101        0.08698        1.49659       13.80000      231.70247        0.23758        1.49698        5.15646        0.00657        0.00206       -0.00039      229.04368       47.30284        0.00273        0.09257       34.34836        0.63950        3.75187      229.03646        3.44474        0.00288        0.00008        0.00722      300.00000      144.20767
  100    1    1     2456.46506     1993.88197      764.89064        2.97057       54.31467        0.00360        0.03723        0.37780       17.90000        0.45702        1.36818        0.36638       14.67212        0.05208        0.00272        0.01138        1.40611       40.38060        0.00199        0.02121       31.35546        0.12372        0.70673        1.39779       11.65904        0.03436        0.00453        0.00832      300.00000       80.30135
