    1    1    1     8154.53241     1674.83256      667.72861        3.35763       46.43178        0.00263        0.02072        0.12911        6.00000        0.27670        1.66129        0.07328        5.66728        0.00837        0.01310   -33197.32797        1.95556       45.58290        0.00254        0.00315        7.80690        0.03012        0.02513        1.95603        9.89612        0.02423        0.07119       -0.00046      300.00000      150.07183
    2    1    1     6799.41270     1625.04779      553.11503        0.65773       18.97104        0.00044        0.10117        0.97480        8.80000        0.01053        0.76588        0.96868        9.81580        0.02429        0.07450        0.00613        0.54640       26.61378        0.00086        0.00104       50.46706        0.21095        1.17999        0.46967        6.48864        0.01106        0.00132        0.07673      300.00000       74.91947
    3    1    1     2723.72048    16774.98412     7881.61561        6.43890      100.61813        0.01236        0.01746        1.43217       11.80000       16.77487        0.31397        1.42059        2.35772        0.00141        0.00061        0.01160        3.44485       98.50518        0.01184        0.01665       12.97798        0.08830       14.98426        3.43830        2.25705        0.00124        0.00571        0.00655      300.00000        2.64315
    4    1    1     1541.47698    75464.52188    32491.41821        2.44342       53.80845        0.00354        0.05569        1.58311       45.10000       77.04424        0.16995        1.56461       15.33788        0.06002        0.01330        0.01844       10.42358       22.20874        0.00060        0.05151       33.56521        0.09341       68.12726       10.41989       27.96441        0.19104        0.04245        0.00370      300.00000      158.48046
    5    1    1     2632.26860     2159.37199      959.94987        5.91141      102.36479        0.01280        0.02383        0.59798       17.80000        0.65033        1.13662        0.59795        9.40859        0.02182        0.01180        0.00007        1.11271      102.52567        0.01283        0.02449       17.88849        0.36386        0.91393        1.10722        9.21831        0.02141        0.00594        0.00550      300.00000        8.68986
    6    1    1     3564.25297   596327.88582   234451.34041        5.68176       91.38129        0.01020        0.02139        0.02310        6.80000      578.58950        1.72269        0.01188       22.21093        0.12509        0.00026        0.01131       48.04077       85.16369        0.00886        0.01667       11.14409        0.16837      532.11552       48.03960       22.48348        0.12639        0.01596        0.00117      300.00000       46.24424
    7    1    1     1698.27193     4611.66141     2074.89017        5.57720      157.97732        0.03048        0.06751        0.69859       10.60000        3.22909        1.03869        0.69588       15.64236        0.05988        0.00044        0.00262        0.63779      157.49659        0.03024        0.06867        9.85643        0.87315        3.45294        0.63634       15.67873        0.06033        0.00158        0.00144      300.00000       14.65141
    8    1    1     1982.22989     1737.93609      625.35297        6.61965      136.56282        0.02278        0.02920        1.66970       22.50000        0.15018        0.09233        1.64223       11.20686        0.03224        0.00081        0.02748        0.09665      137.65195        0.02309        0.02935       22.28909        0.84014        0.94732        0.09680       11.20674        0.03124        0.02945       -0.00015      300.00000        1.68232
    9    1    1     7953.51977     1491.85496      606.61215        1.00101       16.01768        0.00031        0.03096        0.54199       21.10000        0.12945        1.19721        0.53735        4.00651        0.00404        0.02194        0.00466        1.36775       23.42235        0.00067        0.00118       24.51676        0.29793        0.23245        1.34625        9.45237        0.02285        0.00309        0.02151      300.00000       54.42748
   10    1    1     1326.29086     2559.71058      930.63049        1.25977       40.49392        0.00200        0.12419        1.05395       30.60000        1.05726        0.73036        1.00420        6.50515        0.01099        0.02061        0.04980        1.01507       51.66448        0.00324        0.09447        9.76819        0.08827        1.67846        1.00396       15.41856        0.05753        0.06233        0.01111      300.00000      120.39125
   11    1    1     4004.71869     6808.03987     2927.77118        8.12399       62.37084        0.00475        0.00245        0.42689       19.90000        6.37148        1.30767        0.42689       10.41650        0.02702        0.02673       -0.00003        3.95831       61.98912        0.00469        0.00249       19.92011        0.13437        4.01604        3.95566       10.41674        0.02656        0.02454        0.00265      300.00000        2.88831
   12    1    1     1756.29712     2776.27122     1219.53974        8.74647      128.88817        0.02029        0.00623        0.99385       17.40000        1.49696        0.76680        0.96777        2.17058        0.00113        0.02826        0.02606        2.80665      129.01664        0.02030        0.00618       17.42956        0.09288        0.33265        2.80605        2.17056        0.00118        0.05367        0.00060      300.00000        0.59715
   13    1    1     3408.87949     4864.64584     1570.50383        0.07730        1.81805        0.00000        0.06756        1.13763       42.90000        3.84171        0.60692        1.12764       22.51066        0.12833        0.02866        0.01000        4.24751       46.19474        0.00260        0.02642       67.72100        1.04897        0.41560        4.24691       11.07652        0.03017        0.03953        0.00060      300.00000       77.73914
   14    1    1     4300.71910     1472.58199      652.07283        2.21858       26.04658        0.00083        0.01601        1.47703        4.90000        0.00171        0.25936        1.47521       10.77280        0.02845        0.00093        0.00180        0.76753       24.62260        0.00074        0.00834       19.56848        0.02096        0.96603        0.76793        8.36136        0.01736        0.00336       -0.00040      300.00000      105.82660
   15    1    1     9614.47426     3667.75044     1350.80012        4.41978       50.42483        0.00311        0.01279        1.10994       27.60000        2.58933        0.63457        1.09999        4.58783        0.00510        0.06934        0.01004        1.48885       49.82203        0.00303        0.00664       24.24396        0.86214        1.99733        1.46688        7.59157        0.01382        0.05237        0.02197      300.00000      117.40127
   16    1    1     2747.21286     1611.98437      703.93310        2.86537       67.13742        0.00551        0.06155        0.95377       14.70000        0.12336        0.85298        0.88158        6.17125        0.00889        0.01997        0.07221        0.59669       61.66514        0.00463        0.01451       29.83483        0.07815        1.22583        0.58501        9.60596        0.02232        0.08389        0.01168      300.00000       37.02380
   17    1    1     1186.61977    66455.44329    28795.64704        0.34138        6.77212        0.00006        0.04801        0.08656       37.80000       68.75941        1.64747        0.08710       10.67818        0.02826        0.01116       -0.00053        5.45187       25.31316        0.00078        0.72965       20.18013        0.13886       64.21701        5.44883       12.51978        0.03934        0.00343        0.00304      300.00000      177.01297
   18    1    1     1308.43226     2109.65890      887.02877        8.82463      170.90993        0.03568        0.01014        1.00607       31.70000        0.61540        0.73971        0.99485        8.39269        0.01704        0.02241        0.01123        1.95995      170.91083        0.03558        0.01029       31.66785        0.08370        0.31997        1.94620        8.39305        0.01700        0.01995        0.01374      300.00000        0.25919
   19    1    1     1758.72401     3337.06747     1684.24506        7.78544      149.67235        0.02736        0.01778        0.11425       14.60000        1.90074        1.62391        0.11066        8.45621        0.01747        0.01444        0.00355        2.56770      150.07012        0.02750        0.01740       14.80463        0.16975        0.91586        2.55000        8.45574        0.01720        0.00053        0.01770      300.00000        0.29897
   20    1    1     2634.70725     9238.12115     3855.58847        2.62107       41.21962        0.00208        0.02813        1.57520       30.80000        9.16861        0.15882        1.57575        2.56994        0.00164        0.00035       -0.00058        6.04025       38.78134        0.00183        0.01604       35.78093        3.08237        1.79283        6.04040        2.44982        0.00149        0.00000       -0.00015      300.00000       90.23446
   21    1    1     3133.48211     1866.73860      586.98375        0.94402       17.51674        0.00037        0.04168        0.62374       18.40000        0.47963        1.12637        0.60819        4.37059        0.00460        0.07618        0.01554        1.30795       22.58368        0.00062        0.02094       27.13184        0.44837        0.53358        1.25681        5.47635        0.00780        0.03333        0.05114      300.00000      130.80880
   22    1    1     1829.21414     1756.52185      532.44258        5.59502      142.61236        0.02484        0.05451        1.25249       47.70000        0.22964        0.48171        1.25285        3.77876        0.00353        0.04551       -0.00036        1.31843      143.67963        0.02510        0.05413       47.85175        0.26287        0.38661        1.31547        3.41506        0.00285        0.04223        0.00297      300.00000        8.42500
   23    1    1     2086.15580     1873.97348      727.44316        5.09863      120.94568        0.01787        0.05086        1.30515       15.80000        0.54161        0.44603        1.28854        3.00545        0.00230        0.00423        0.01668        0.44153      125.43330        0.01920        0.05811        8.07455        0.35010        1.47498        0.44193        3.35679        0.00278        0.02134       -0.00040      300.00000       27.66894
   24    1    1     4229.72418     1641.29346      804.67159        5.87348       75.29667        0.00692        0.01315        0.60558       16.00000        0.05789        1.14949        0.58507        7.47583        0.01341        0.00143        0.02051        1.17406       73.88841        0.00665        0.01200       16.81575        0.03611        0.60399        1.15378        7.45989        0.01422        0.00085        0.02029      300.00000       39.19604
   25    1    1     2467.20385     2771.48736      836.00383        3.87767       67.52051        0.00557        0.03146        0.71190       37.20000        1.48845        1.02643        0.70814        7.31391        0.01344        0.01333        0.00378        1.29837       41.81725        0.00213        0.02931       33.08690        0.98289        0.95970        1.28136        8.41254        0.01804        0.00015        0.01701      300.00000       53.69675
   26    1    1     1026.63114     2238.97175      974.99740        8.70711      224.65586        0.06164        0.01966        0.27413       14.30000        0.80407        1.45996        0.27460        3.13440        0.00244        0.00346       -0.00055        1.91059      224.59765        0.06145        0.01969       14.46576        0.03793        0.58993        1.91103        3.13596        0.00244        0.00333       -0.00044      300.00000        0.18936
   27    1    1     2829.50378     1393.94597      659.83104        0.48211        6.22478        0.00005        0.02031        0.82467       13.20000        0.00791        0.90945        0.82511        8.98087        0.01994        0.01190       -0.00048        1.37220       21.70723        0.00057        0.02336       19.06299        0.02892        0.35172        1.36247        8.24592        0.01721        0.00024        0.00973      300.00000      167.00570
   28    1    1     3931.89134     3515.58317     1778.27575        2.23569       18.90068        0.00044        0.00829        0.62269       10.60000        2.08441        1.11861        0.61595       12.97710        0.04096        0.00398        0.00668        0.37333       31.29201        0.00120        0.00741        9.63591        0.47965        2.97266        0.36578       13.13176        0.04355        0.00159        0.00755      300.00000       95.10484
   29    1    1     5070.49768     1724.66181      538.39857        3.69408       51.94850        0.00330        0.02086        1.36646       16.60000        0.40521        0.36929        1.36527        3.22320        0.00260        0.00038        0.00117        1.08076       62.85405        0.00482        0.01352        9.08317        0.59659        0.45212        1.08095        8.67302        0.01872        0.00158       -0.00019      300.00000       73.77591
   30    1    1     1113.24577     1652.30490      474.45193        8.50455      216.12679        0.05705        0.02183        0.92387       15.70000        0.21616        0.83336        0.90121        1.21067        0.00035        0.02874        0.02260        1.40465      216.20559        0.05692        0.02210       15.58128        0.49701        0.06124        1.39227        1.19756        0.00036        0.03906        0.01238      300.00000        0.39309
   31    1    0     1661.78203  3985021.48836  1241605.33721        2.90470       28.94440        0.00102        0.01110        0.58518       29.90000     3448.91198        1.15382        0.58075        5.96273        0.00894        0.00000        0.00453       92.63300        0.00000        0.00000        0.00000       43.09932        0.01233     3358.01872       92.63300        0.00000        0.00000        0.00000        0.00000      300.00000        0.00000
   32    1    1      816.39452    13843.19096     7075.38494        8.71512      281.97974        0.09711        0.03075        1.02695       45.90000       14.06775        0.72379        1.01078        7.87550        0.01580        0.04217        0.02348        7.10159      282.03404        0.09709        0.03081       45.88029        0.19201        8.52083        7.08937        7.87833        0.01500        0.04696        0.01222      300.00000        0.06365
   33    1    1     2194.20136     1689.59374      829.29599        1.21209       19.41836        0.00046        0.03089        1.39480       21.90000        0.09381        0.35435        1.38021        3.09492        0.00244        0.00109        0.01461        1.08145       23.99515        0.00070        0.03030       26.49486        0.18205        0.57699        1.06757        4.90190        0.00611        0.00024        0.01388      300.00000      134.66248
   34    1    1     3495.00765     2388.65872      558.96772        4.63056       88.26040        0.00951        0.03486        1.68234       17.20000        1.13027        0.05215        1.68241        9.24771        0.02109        0.01192       -0.00004        1.52116       86.60209        0.00916        0.02341       19.39166        0.65363        0.70398        1.51081       10.93562        0.03030        0.00052        0.01035      300.00000       82.34670
   35    1    1     4880.96371     1447.08419      628.59280        2.19767       29.59367        0.00107        0.02108        0.50737       11.90000        0.00842        1.26490        0.46967        6.52969        0.01101        0.00131        0.03766        0.46023       37.57702        0.00172        0.03010       12.84706        0.03825        1.23847        0.46074        3.05678        0.00232        0.04406       -0.00051      300.00000       20.97546
   36    1    1     2371.73156     5066.84399     2310.95521        0.78696       16.45247        0.00033        0.05305        0.96325       22.30000        4.09332        0.78024        0.95432        2.89012        0.00203        0.00347        0.00897        4.13360       52.48902        0.00336        0.01764       28.61141        0.24536        1.48445        4.12382        5.88382        0.00877        0.00251        0.00978      300.00000      101.95590
   37    1    1     2058.85968    14383.07253     6022.34115        1.68745       36.19581        0.00160        0.05459        0.87778       11.90000       14.96984        0.85685        0.87771        7.18645        0.01287        0.00102        0.00010        7.11408       57.54751        0.00403        0.03372       19.89183        0.04996        9.55372        7.11243        8.11883        0.01616        0.00289        0.00165      300.00000       82.03416
   38    1    1     3719.21186     3358.14465     1404.67026        5.81479       77.17979        0.00728        0.01424        1.62368       21.00000        2.03496        0.12418        1.61039       13.06228        0.04335        0.00036        0.01324        1.07982       80.91974        0.00798        0.02026       17.12705        0.55022        2.13991        1.07184       13.20344        0.04234        0.00752        0.00797      300.00000       50.53633
   39    1    1     1742.56253     2520.03379      968.76119        8.08374      148.36351        0.02688        0.01426        1.58639       22.00000        1.39547        0.16985        1.56471        4.77573        0.00583        0.00003        0.02175        2.40428      148.52199        0.02690        0.01451       21.86326        0.29459        0.45179        2.38334        4.78488        0.00585        0.00079        0.02094      300.00000        0.61273
   40    1    1     1343.37659     2368.77996     1015.54485        0.58336       15.91771        0.00031        0.09062        0.33153       18.20000        0.87872        1.40275        0.33181        8.09461        0.01629        0.00023       -0.00031        1.73038       38.92241        0.00184        0.06268       20.88077        0.12720        0.76159        1.73058       12.15470        0.03675        0.00000       -0.00020      300.00000      148.64235
   41    1    1      959.91043     1797.53758      673.11834        7.16179      281.44178        0.09674        0.09187        0.47648        2.60000        0.01450        1.29174        0.44283        8.41444        0.01685        0.04440        0.03363        0.29099      281.45009        0.09625        0.09226        2.97548        0.72098        0.73667        0.29152        8.41432        0.01753        0.07789       -0.00053      300.00000        0.11688
   42    1    1     5756.50796    65222.90874    27129.75553        1.98877       29.95734        0.00110        0.02662        1.27916       23.80000       66.51013        0.49773        1.23683        4.03769        0.00386        0.02918        0.04236       22.06439       50.97562        0.00317        0.00532       32.99423        0.27930       45.92549       22.01964       11.57696        0.03169        0.03849        0.04475      300.00000       30.44127
   43    1    1     7930.26289     1462.89843      630.22535        2.31075       23.92252        0.00070        0.01239        1.17435       14.30000        0.01619        0.57072        1.16385        9.34909        0.02117        0.00485        0.01049        0.42679       31.91497        0.00124        0.00638       24.69894        0.32736        1.02897        0.41263        5.89604        0.00839        0.00125        0.01416      300.00000       41.50285
   44    1    1     5379.48764     2357.46666     1165.63530        1.09084        5.98322        0.00004        0.00363        0.44515       15.10000        0.90531        1.29114        0.44343        5.82399        0.00849        0.01530        0.00168        1.80764       12.77735        0.00020        0.00869       19.76983        0.27388        0.56127        1.80559        3.11977        0.00239        0.01499        0.00205      300.00000      144.34839
   45    1    1     2408.14933     3499.31743     1611.15302        1.98101       36.41515        0.00162        0.03965        1.06086       37.30000        2.21297        0.68212        1.05244        2.40763        0.00147        0.00596        0.00845        3.67345       57.92800        0.00410        0.03096       34.77201        0.13054        0.13780        3.67171        7.68258        0.01477        0.01304        0.00174      300.00000       75.65371
   46    1    1     2666.68926    10229.55540     4325.09287        5.19258       97.50200        0.01161        0.03145        1.05156       31.80000       10.00847        0.68532        1.04925        5.00485        0.00628        0.00105        0.00229       10.39409       98.67151        0.01187        0.03142       31.44069        0.27774        1.07162       10.38970        6.06672        0.00898        0.00003        0.00440      300.00000       21.61194
   47    1    1     2339.91207     1731.19007      760.31543        4.92472      122.69122        0.01838        0.05742        1.52890       33.10000        0.09700        0.21305        1.52152        3.44457        0.00288        0.00661        0.00735        0.54915      118.57872        0.01714        0.05344       30.45106        0.17584        1.10138        0.54514        8.37028        0.01761        0.00969        0.00401      300.00000       51.62283
   48    1    1     5374.19198     7745.49778     3263.08966        5.55881       46.24799        0.00261        0.00584        0.14077       19.10000        7.74137        1.60913        0.12543        4.20879        0.00451        0.03026        0.01530        3.17418       48.37267        0.00286        0.00628       19.59868        0.27508        6.06384        3.13638        3.96907        0.00407        0.00820        0.03780      300.00000       26.22671
   49    1    1      952.22111     1767.49883      708.76450        8.87122      231.95476        0.06571        0.01779        0.93884       26.10000        0.23578        0.79813        0.93643        7.87749        0.01555        0.00210        0.00235        0.53302      232.00603        0.06568        0.01774       26.14941        1.07643        0.36198        0.53207        7.87703        0.01550        0.00355        0.00095      300.00000        0.05401
   50    1    1     1316.78132    36113.38321    15648.42304        6.17399      200.62096        0.04916        0.07980        0.17691       51.00000       36.98390        1.56455        0.17001        6.66265        0.01120        0.00441        0.00690        4.33083      200.65414        0.04910        0.07985       51.04941        0.22764       34.16694        4.32376        6.69586        0.01132        0.00423        0.00707      300.00000        1.49370
   51    1    1     1149.09273     2399.47528      886.46429        8.62645      205.59953        0.05163        0.01775        1.38957       17.70000        0.95635        0.37328        1.36128       11.49925        0.03157        0.00122        0.02836        0.64189      205.75655        0.05170        0.01776       17.64926        0.76225        1.31616        0.61242       11.49945        0.03154        0.00007        0.02948      300.00000        0.37645
   52    1    1     1601.04151    61879.80317    24806.84342        3.25445       63.23380        0.00488        0.04122        0.33872       34.20000       62.94228        1.40027        0.33429        7.25821        0.01325        0.00192        0.00436       32.48657       75.28532        0.00691        0.11945       40.84219        0.50812       31.61386       32.47956        5.43411        0.00745        0.00020        0.00701      300.00000       83.51683
   53    1    1     2660.39484     1681.58002      569.15941        4.66141       99.37262        0.01206        0.04344        0.98025       12.80000        0.31024        0.75423        0.98033        4.27212        0.00450        0.00415       -0.00011        1.87629       96.09457        0.01127        0.04240       17.07357        0.14484        0.02935        1.87685        1.25699        0.00039        0.00433       -0.00056      300.00000       56.37795
   54    1    1     2243.00873     3328.44605     1564.50192        2.02457       25.80179        0.00081        0.01902        0.59230       49.30000        1.95842        1.14269        0.59187        3.01614        0.00224        0.00060        0.00032        2.13014       28.09519        0.00096        0.06189       40.75944        0.23429        1.28768        2.13033        0.92012        0.00021        0.00092       -0.00019      300.00000      131.91388
   55    1    1     3670.87332     1646.04183      617.56152        7.11274       73.64345        0.00662        0.00647        0.81491       16.60000        0.22310        0.93352        0.80104        9.05919        0.01981        0.02338        0.01380        0.91680       73.20003        0.00654        0.00710       16.29562        0.09693        0.97658        0.88364        9.06027        0.01954        0.00433        0.03315      300.00000        0.55244
   56    1    1     1552.52778     3671.87354     1494.48436        7.40726      173.26549        0.03667        0.03016        0.33873       21.60000        2.35926        1.39726        0.33731       13.48719        0.04464        0.01166        0.00142        2.12058      173.17186        0.03653        0.03006       21.70877        0.39179        1.58121        2.12102       13.48752        0.04514        0.01304       -0.00044      300.00000        0.26178
   57    1    1     1612.20062     1890.48444      697.42877        3.66399      105.12673        0.01350        0.08705        1.70762       30.40000        0.24497        0.04697        1.68759        6.50094        0.01015        0.00023        0.02010        0.38887       99.75203        0.01210        0.09033       25.86040        0.62217        0.95193        0.38574       10.69801        0.02798        0.01710        0.00313      300.00000       17.16413
   58    1    1     2574.70152     1874.00012      694.75611        2.18326       30.25138        0.00112        0.02233        1.14486        8.00000        0.51905        0.60479        1.12978        7.41292        0.01325        0.04349        0.01503        1.57805       27.32699        0.00091        0.01869        9.69603        0.20316        0.48332        1.57276        7.85418        0.01554        0.04922        0.00529      300.00000      111.99327
   59    1    1     2690.20181     1493.30274      753.58535        3.80465       74.56346        0.00679        0.04012        0.44755        2.50000        0.00109        1.33700        0.39756       10.99080        0.02848        0.02247        0.05002        0.38358       73.82233        0.00665        0.03070        3.08117        0.00065        1.35245        0.38406       12.66741        0.03979        0.06969       -0.00049      300.00000       24.91694
   60    1    1     1089.42565     9665.06133     3993.87817        7.81352      241.03608        0.07096        0.04527        1.18882       45.50000        9.40138        0.54600        1.18856        7.49999        0.01385        0.01471        0.00031        2.93696      241.10969        0.07090        0.04517       45.52863        0.41653        7.78864        2.93093        7.50128        0.01370        0.00909        0.00604      300.00000        0.09624
   61    1    1     2509.78497     7350.28634     3116.49477        1.31148       25.29784        0.00078        0.04466        0.56640       15.90000        6.84498        1.18868        0.54589       15.00172        0.05402        0.00044        0.02048        4.37679       46.70284        0.00266        0.01717       28.69589        0.07721        4.20332        4.35970        8.35974        0.01682        0.00601        0.01709      300.00000       91.17462
   62    1    1     2640.94565   279223.94888   110478.64359        1.31472       28.19641        0.00097        0.05520        0.89786       46.20000      277.15087        0.85079        0.88378       10.50775        0.02664        0.00574        0.01412      273.37936       41.79211        0.00213        0.01307       51.16038        2.02308        3.56365      273.37190        5.17789        0.00677        0.00004        0.00746      300.00000       92.85896
   63    1    1     4215.89922     2272.60465      977.58689        2.36255       40.94749        0.00205        0.03464        0.98606       10.00000        0.94479        0.75363        0.98093        5.57924        0.00759        0.00096        0.00511        0.61203       41.58347        0.00211        0.01379       13.69019        0.90469        1.18038        0.60937        7.29447        0.01302        0.00371        0.00265      300.00000       20.54634
   64    1    1     6458.40288     4700.82310     2196.34800        2.99190       48.17830        0.00283        0.02883        0.22336       15.50000        3.85589        1.52365        0.21092       11.68398        0.03299        0.00608        0.01249        1.82746       43.88542        0.00235        0.00673       26.56273        1.39494        2.39594        1.82722       10.47819        0.02737        0.01886        0.00024      300.00000       51.41834
   65    1    1     2674.60981     2253.62127      556.29342        3.37686       88.48397        0.00956        0.07429        1.56789       17.00000        0.73843        0.16763        1.56693       11.36505        0.03174        0.01608        0.00092        1.19918       61.07357        0.00455        0.01602       35.77817        0.58172        0.75621        1.18709       12.96475        0.04064        0.00729        0.01210      300.00000       11.52591
   66    1    1     2359.14673     4783.67900     1953.85559        7.23290      115.19397        0.01621        0.01477        0.83405       24.00000        4.10140        0.90431        0.83026        4.77572        0.00573        0.01807        0.00378        0.80666      114.71003        0.01605        0.01540       23.84434        0.67120        4.35748        0.80692        4.75394        0.00558        0.02218       -0.00026      300.00000        0.67539
   67    1    1     6855.42879     6887.01452     2881.50466        6.70645       48.60910        0.00289        0.00353        0.44831       19.50000        6.61487        1.31416        0.42041       12.14192        0.03520        0.02937        0.02789        3.35295       65.79018        0.00527        0.01447       16.24821        0.38430        4.64225        3.32257       11.02221        0.02896        0.02009        0.03038      300.00000      114.11575
   68    1    1     1915.75234     3688.90424     1421.99866        8.49335      125.93225        0.01937        0.00748        0.74674       37.10000        2.52039        0.98972        0.74485        5.71253        0.00817        0.01036        0.00192        2.50080      125.95024        0.01933        0.00753       37.10102        0.78228        0.97659        2.49609        5.71075        0.00821        0.00750        0.00471      300.00000        0.29233
   69    1    1     2863.90042     1546.39963      722.06225        1.34344       22.14948        0.00060        0.03260        1.70868        5.90000        0.00395        0.03274        1.70182        1.49883        0.00057        0.00116        0.00688        1.29391       24.93866        0.00076        0.01167       16.97945        0.01756        0.44009        1.29354        6.08644        0.00912        0.00719        0.00037      300.00000      114.82455
   70    1    1     3344.68240     2077.10071      799.54014        3.02795       62.63718        0.00479        0.04747        0.96080       15.70000        0.69996        0.77537        0.95920       11.29282        0.03128        0.05032        0.00153        1.24431       47.65542        0.00277        0.00822       32.47407        0.12358        1.16270        1.19498       10.24722        0.02727        0.00115        0.04932      300.00000       30.70493
   71    1    1     2114.43736     2072.27686      703.13326        4.37470       98.42396        0.01183        0.04999        1.58254       30.00000        0.52783        0.16647        1.56810        5.18763        0.00649        0.00279        0.01448        1.52228       91.33979        0.01014        0.04248       34.69504        0.50244        0.25319        1.52238        0.98398        0.00024        0.01719       -0.00010      300.00000       10.04361
   72    1    1     1188.25311     4488.67047     1391.41364        1.19399       35.57155        0.00155        0.10686        1.52847       37.10000        3.21433        0.20588        1.52869       10.75964        0.02858        0.01077       -0.00031        1.47102       26.72538        0.00087        0.09777       45.93225        1.99670        1.51738        1.46952        3.27979        0.00269        0.01001        0.00150      300.00000      147.98794
   73    1    1     2185.77334     3892.77034     1794.43223        3.75498       67.15267        0.00551        0.03355        0.43932       11.00000        2.65082        1.30072        0.43384       10.40084        0.02635        0.02905        0.00555        1.96931       67.61599        0.00558        0.03442       10.96952        0.28100        2.14033        1.96266       10.53424        0.02800        0.02668        0.00665      300.00000       48.72116
   74    1    1     2241.96399     4248.56647     1761.78022        1.46201       30.81035        0.00116        0.05308        0.53825       22.10000        3.10218        1.19886        0.53570       11.78576        0.03483        0.00038        0.00254        1.74631       26.40246        0.00085        0.02173       26.41417        0.87125        2.25509        1.74678       10.84155        0.02910        0.00441       -0.00048      300.00000      117.28030
   75    1    1     1216.21490     1755.09548      711.33315        7.11535      223.51395        0.06102        0.05950        1.32922       12.90000        0.03902        0.41081        1.32375       12.76829        0.04107        0.02912        0.00552        1.51349      223.33786        0.06074        0.05892       13.55938        0.04151        0.24043        1.49254       12.76596        0.04166        0.01300        0.02095      300.00000        0.92790
   76    1    1     2700.50815     1792.57517      575.48446        2.55425       27.73266        0.00094        0.01346        0.67817       34.90000        0.25556        1.09904        0.63552       18.19948        0.07840        0.01073        0.04262        0.77177       49.40170        0.00297        0.02573       32.55107        0.60474        0.65705        0.72378       17.01133        0.06831        0.00575        0.04799      300.00000       93.33904
   77    1    1     1275.95153     2378.88856      779.64855        6.82762      211.91563        0.05485        0.06281        0.92144       17.50000        0.93677        0.83021        0.90435        9.30492        0.02206        0.02574        0.01706        1.19598      212.24178        0.05450        0.06300       17.61256        0.21103        1.29178        1.16873        9.30026        0.02220        0.01541        0.02725      300.00000        0.28641
   78    1    1     2057.09122     1977.49115      767.41636        1.08307       22.95654        0.00064        0.05423        1.49403       13.80000        0.47409        0.24005        1.49451       10.67501        0.02827        0.00571       -0.00045        1.59736       25.83272        0.00081        0.03302       12.30895        0.27078        0.36012        1.59251       11.78168        0.03494        0.00001        0.00485      300.00000      130.21629
   79    1    1     1841.15080   753335.09924   278557.15041        1.53207       29.38052        0.00105        0.04386        0.21398       24.10000      725.49393        1.52654        0.20802       14.31103        0.04986        0.01307        0.00593       37.32672       19.57042        0.00047        0.03963       10.62305        6.92931      682.98847       37.31171       15.43321        0.05743        0.00000        0.01500      300.00000      146.30246
   80    1    1     2304.02689     1468.72896      607.44189        4.58413       92.00564        0.01034        0.03886        1.51236        4.00000        0.01250        0.22197        1.51260        5.39872        0.00719        0.02695       -0.00019        1.21916       90.80284        0.01007        0.03636        6.21391        0.01777        0.52698        1.20331        5.90624        0.00888        0.01095        0.01586      300.00000        5.66580
   81    1    1     5453.00372     2391.53743      611.62858        2.73959       58.23416        0.00414        0.05104        0.70709       30.50000        0.92139        1.06441        0.67015        6.73373        0.01077        0.00640        0.03691        0.50683       65.81907        0.00528        0.01262       35.30416        1.16430        1.03825        0.46472       11.87572        0.03650        0.00148        0.04211      300.00000      136.92887
   82    1    1     2796.53167     1523.18495      595.47079        5.60822       97.13672        0.01152        0.02512        0.41303        3.00000        0.09273        1.33930        0.39527       10.26298        0.02534        0.01252        0.01778        0.98488       98.73505        0.01190        0.02443        3.83509        0.15014        0.70567        0.97180       10.25133        0.02538        0.01715        0.01308      300.00000       15.09580
   83    1    1     3471.17692     1536.53085      623.99607        5.30231       84.19594        0.00866        0.02214        1.21188       20.50000        0.05187        0.58987        1.14469        4.72763        0.00523        0.01704        0.06724        0.75936       76.43465        0.00713        0.01485       13.91608        0.06533        0.95093        0.75815       10.28857        0.02646        0.08262        0.00121      300.00000       31.45394
   84    1    1     1382.31798     1852.89059      761.10426        5.65166      184.54113        0.04159        0.08862        0.52814       30.90000        0.06542        1.20933        0.52523       11.28441        0.03195        0.00026        0.00291        1.47123      184.92352        0.04165        0.08831       30.98307        0.04936        0.28322        1.46766       11.27665        0.03107        0.00048        0.00356      300.00000        2.72321
   85    1    1     1083.98960     2811.31158     1193.40571        4.50341      192.49578        0.04526        0.17789        0.52754       14.70000        1.00134        1.20646        0.52810       12.98544        0.04173        0.11468       -0.00050        0.56770      182.46795        0.04038        0.19682       16.32186        0.30435        1.96650        0.46890        9.53396        0.02406        0.01511        0.09880      300.00000        6.94995
   86    1    1     3037.24484     2243.89231     1120.61231        1.50008       17.08654        0.00036        0.01549        0.74044       16.20000        0.60942        0.99613        0.73843       14.88580        0.05550        0.00005        0.00203        0.06658       19.15840        0.00045        0.01637       10.75296        1.84408        0.43973        0.06617       13.86812        0.04733        0.00285        0.00041      300.00000      133.54741
   87    1    1     4198.62460     3512.58253     1758.84804        8.18353       54.09708        0.00357        0.00176        0.59972        5.50000        2.03446        1.13473        0.59984       13.67303        0.04613        0.02456       -0.00019        1.59338       54.25210        0.00359        0.00179        5.42524        0.05188        2.12743        1.58968       13.67323        0.04568        0.02118        0.00370      300.00000        9.07933
   88    1    1     1946.53085     1930.00077      702.78733        6.82031      139.16291        0.02365        0.02720        1.60764       28.70000        0.34282        0.13773        1.59684       12.81594        0.03976        0.00694        0.01080        0.85467      139.12874        0.02356        0.02810       28.43760        0.62366        0.59985        0.85308       12.81556        0.04029        0.01560        0.00159      300.00000        0.59928
   89    1    1     4546.29469     1509.31817      590.17281        3.96307       76.39264        0.00713        0.03825        0.38761        8.90000        0.13282        1.34649        0.38807        5.02033        0.00624        0.00002       -0.00048        1.10314       75.00767        0.00687        0.01408       15.37582        0.13396        0.63537        1.10362       10.08281        0.02513        0.00000       -0.00048      300.00000      116.93276
   90    1    1    12118.65780    18769.26676     7897.34178        5.14300       45.37400        0.00251        0.00699        0.28998       31.30000       19.37355        1.48250        0.25206        3.64698        0.00316        0.06344        0.03790       11.16364       43.73635        0.00233        0.00421       29.64042        0.10451        9.86882       11.12109        7.96492        0.01642        0.06228        0.04255      300.00000       39.80376
   91    1    1     2558.21885     2349.39736      689.81595        6.61125      105.37198        0.01356        0.01746        0.61752       19.10000        1.01877        1.15805        0.57652        4.85248        0.00558        0.00775        0.04096        1.41092      104.42998        0.01330        0.01764       19.10947        0.69882        0.65765        1.39689        4.88120        0.00606        0.03431        0.01403      300.00000        0.73566
   92    1    1     2127.11514     1743.67682      824.86393        7.42016      126.92482        0.01968        0.01606        1.33155       11.20000        0.00735        0.42685        1.30772       14.60638        0.05464        0.00087        0.02382        1.59111      127.49696        0.01979        0.01548       11.60266        0.00823        0.16653        1.56766       14.60657        0.05463        0.00124        0.02345      300.00000        0.95727
   93    1    1     2440.44193    23212.22857    10209.09188        7.20360      109.19501        0.01456        0.01350        0.20832       29.60000       24.07037        1.57386        0.16071       14.21462        0.04770        0.01743        0.04762       17.49876      109.13073        0.01454        0.01338       29.59522        7.65037        0.69082       17.46384       14.21496        0.04804        0.02983        0.03492      300.00000        1.34071
   94    1    1     5659.40429     2015.70087      655.86716        0.89549       10.42017        0.00013        0.01640        1.32762       31.80000        0.61058        0.41159        1.32297       15.40923        0.05792        0.00505        0.00466        1.27715       10.65531        0.00014        0.00152       32.09513        0.22921        0.85468        1.26865       16.55268        0.06650        0.00010        0.00850      300.00000      128.29964
   95    1    1     1073.82237     1832.70900      854.36860        8.64943      219.37155        0.05878        0.01979        0.88071       15.60000        0.06895        0.87235        0.86221       14.59794        0.05437        0.00124        0.01860        0.95615      219.43921        0.05856        0.02021       15.42302        0.06133        0.78547        0.95643       14.59732        0.05262        0.02185       -0.00028      300.00000        0.14052
   96    1    1      936.93231     1620.98235      629.66125        8.74488      244.04397        0.07274        0.02238        0.64622        9.50000        0.01651        1.12590        0.60866       15.46150        0.05674        0.01771        0.03765        1.37795      243.88206        0.07262        0.02254        9.32805        0.01057        0.38615        1.35419       15.46133        0.05725        0.03112        0.02376      300.00000        0.09734
   97    1    1     2334.18390     1809.95387      949.59736        8.43030      106.42347        0.01383        0.00563        0.39621       10.20000        0.25452        1.38232        0.35225        7.97575        0.01505        0.00143        0.04400        0.75106      106.60511        0.01386        0.00563       10.19535        0.14730        1.10963        0.73215        7.97600        0.01624        0.02527        0.01891      300.00000        1.28298
   98    1    1     2215.40763     1918.20927      911.85229        1.90794       48.16573        0.00283        0.07500        0.14734        7.20000        0.29201        1.60825        0.12632        5.74418        0.00843        0.00032        0.02102        1.77079       58.98995        0.00423        0.02540       24.52942        0.04236        0.26160        1.75702        9.56972        0.02211        0.00771        0.01377      300.00000       60.16106
   99    1    1     1882.54970     1576.24887      594.33287        6.08665      140.80776        0.02422        0.04115        0.82648       19.40000        0.07187        0.90806        0.82651        7.64090        0.01440        0.00800       -0.00005        0.16973      140.15630        0.02385        0.04074       19.44004        0.45954        1.17861        0.16836        7.84086        0.01509        0.00661        0.00137      300.00000        2.29225
  100    1    1     2185.34109     1579.10201      618.67686        2.24957       41.11033        0.00206        0.03872        1.01963       12.00000        0.06418        0.73569        0.99888        8.27584        0.01644        0.03795        0.02071        0.82760       38.40151        0.00180        0.02316       17.41116        0.02219        0.98063        0.80848        9.48703        0.02163        0.03766        0.01912      300.00000      102.74327
