    1    1    1     1750.82916     1622.13894      569.83241        5.50529      146.22410        0.02611        0.06005        1.09689       14.40000        0.09532        0.63898        1.09558       13.72769        0.04712        0.00046   -33197.38255        0.70820      141.79824        0.02447        0.05620       17.82975        0.23130        0.89709        0.70712       13.71901        0.04622        0.00147        0.00108      300.00000        3.37073
    2    1    1     3358.35783     1990.76722      755.01555        5.97430       84.19391        0.00866        0.01560        1.37783       14.90000        0.66765        0.36189        1.37267       17.31001        0.07303        0.00022        0.00510        1.22100       85.78559        0.00898        0.01404       15.68410        0.03615        1.14598        1.22129       17.31075        0.07401        0.00474       -0.00029      300.00000       16.20081
    3    1    1     2639.24208     1683.88011      794.41333        0.13126        2.90632        0.00001        0.05987        1.23847       13.00000        0.01384        0.49672        1.23784        7.69003        0.01476        0.01474        0.00069        1.51970       48.40868        0.00286        0.01292       33.58491        0.07310        0.21256        1.50377        8.33646        0.01674        0.00054        0.01592      300.00000       99.02605
    4    1    1     1715.83596     1612.05795      608.06208        0.50543       13.02934        0.00021        0.08095        1.13344       13.80000        0.00912        0.63041        1.10416        6.62501        0.01047        0.04086        0.02938        1.67906       23.13369        0.00065        0.04507       24.91729        0.03856        0.05304        1.67733        8.65977        0.01877        0.07031        0.00173      300.00000      145.52569
    5    1    1     8092.68986    43171.07068    17901.59100        0.69324        9.41771        0.00011        0.02243        0.63073       30.80000       44.64454        1.10887        0.62569        4.80450        0.00581        0.00410        0.00501       20.82901       16.02601        0.00031        0.00060       41.95576        0.07693       25.50093       20.82617        4.13830        0.00430        0.00455        0.00284      300.00000      111.50958
    6    1    1     2628.14901     2595.31022     1058.91007        5.12859      104.06023        0.01323        0.03706        1.28968       14.70000        1.49090        0.45061        1.28395       10.41164        0.02640        0.01600        0.00566        1.79573      103.95627        0.01315        0.03319       14.50255        0.02360        1.41660        1.78504       11.18874        0.03172        0.00989        0.01068      300.00000       29.24969
    7    1    1     3472.21119     1687.27815      532.54069        3.62168       57.00979        0.00397        0.02629        0.76896        9.50000        0.22210        1.06628        0.66828        3.64688        0.00352        0.00039        0.10066        1.04601       47.32010        0.00273        0.02146       14.53973        0.27553        0.66737        1.01799        4.94085        0.00583        0.07259        0.02802      300.00000       23.25395
    8    1    1     3555.58514     2154.53673      948.88938        0.79679       10.71069        0.00014        0.02193        0.83197       12.10000        0.69295        0.91049        0.82408        7.08445        0.01219        0.00085        0.00791        0.28168        2.98108        0.00001        0.02619       12.90722        1.86739        0.28176        0.28222        4.10984        0.00418        0.00931       -0.00054      300.00000      156.06251
    9    1    1     2215.96275     3200.85812     1422.30530        1.58926       18.70401        0.00043        0.01649        0.52640       37.10000        1.81542        1.20769        0.52687       15.21621        0.05731        0.00015       -0.00055        2.82060       35.61571        0.00154        0.05168       14.11110        0.15242        0.50421        2.82063       19.46439        0.09341        0.00002       -0.00002      300.00000      155.57643
   10    1    1     6722.09383     1849.63004      678.59590        3.44436       46.75658        0.00267        0.01984        1.15841       34.60000        0.52773        0.57676        1.15781        3.70060        0.00342        0.00569        0.00052        0.69034       36.88697        0.00166        0.01131       36.77714        0.20520        1.36601        0.68658        8.38724        0.01718        0.00281        0.00376      300.00000      163.85346
   11    1    1     6520.66716     2442.63957      813.09416        5.90185       47.91141        0.00280        0.00525        0.50630       17.00000        1.13297        1.24210        0.49247       11.28119        0.03235        0.00066        0.01380        1.26885       44.76700        0.00245        0.01013       18.79871        0.38773        1.21496        1.26936        9.44168        0.02211        0.01621       -0.00052      300.00000       54.28218
   12    1    1     2447.98476     2228.66487      910.36113        4.40533       67.47536        0.00556        0.02309        0.08426        1.40000        0.64665        1.68736        0.04720       19.12206        0.09438        0.01010        0.03701        0.95935       58.93369        0.00421        0.07188       13.31667        0.53481        0.88377        0.95351       14.29906        0.05153        0.04585        0.00584      300.00000       29.98441
   13    1    1     2197.35721     1716.81442      796.49730        4.19833       99.38269        0.01206        0.05638        1.43205        5.00000        0.00960        0.30254        1.43203       12.37987        0.03817        0.00101        0.00011        0.20578      113.61446        0.01568        0.05284       13.99329        0.07754        1.46969        0.20476       11.00500        0.03026        0.00003        0.00102      300.00000       35.00737
   14    1    1     1420.22162     2874.50541     1186.77172        7.05143      189.53482        0.04387        0.04436        0.65416       23.50000        1.60687        1.07999        0.65457        7.72576        0.01483        0.00308       -0.00040        0.60465      189.48130        0.04381        0.04446       23.54587        0.11424        2.62535        0.60194        7.68998        0.01447        0.00019        0.00272      300.00000        0.27845
   15    1    1     7278.01111     3821.34438     1698.02284        6.39887       33.09613        0.00134        0.00193        0.98209       30.50000        2.71854        0.79205        0.94251        6.84430        0.01111        0.00083        0.03960        3.56058       41.44350        0.00210        0.00768       25.41430        0.16357        0.72731        3.54538        9.29139        0.02197        0.02468        0.01519      300.00000       24.19576
   16    1    1     2425.91171     3755.11440     1715.16885        0.80874       12.48392        0.00019        0.02891        0.93760        4.50000        2.81308        0.80160        0.93297        9.96854        0.02424        0.01122        0.00458        0.44859       46.60891        0.00264        0.02502       32.41618        0.08515        4.04454        0.43441        3.53786        0.00302        0.00789        0.01418      300.00000      121.93646
   17    1    1     2154.56437     1502.73507      578.85800        1.45428       24.57887        0.00074        0.03415        1.18046       17.70000        0.01486        0.55836        1.17621       12.43660        0.03889        0.00271        0.00422        0.47538       39.33694        0.00188        0.03427       32.54417        0.14303        1.16472        0.46766        6.49756        0.01067        0.00024        0.00772      300.00000      135.53367
   18    1    1     2448.85755     1616.79673      596.30395        3.38576       55.01144        0.00370        0.02855        0.48765       13.60000        0.16510        1.25484        0.47973       10.81266        0.02839        0.00128        0.00794        1.67238       24.46184        0.00073        0.02931       30.50247        0.17211        0.08987        1.66371        2.95971        0.00213        0.00298        0.00867      300.00000       89.68082
   19    1    1     2351.32955     1999.34015      698.24812        4.85814      117.52379        0.01687        0.05460        1.23739       38.30000        0.44235        0.49990        1.23466        6.21135        0.00944        0.01400        0.00271        1.23065      100.40722        0.01229        0.04845       38.61909        0.52386        0.42554        1.22889        8.74978        0.01877        0.01499        0.00177      300.00000       48.33438
   20    1    1     2516.37930     2892.67896      947.15925        3.75917       67.61901        0.00558        0.03393        1.43840       23.30000        1.61555        0.29564        1.43893        6.62949        0.01089        0.02271       -0.00052        1.58471       77.62341        0.00733        0.02507       27.51898        1.08494        0.70533        1.57165        5.00236        0.00636        0.00897        0.01306      300.00000       18.21133
   21    1    1     2509.21202     5466.54530     2538.79340        5.73851      111.49704        0.01518        0.03092        0.17800       35.30000        4.48598        1.58335        0.15121       10.88674        0.02832        0.00613        0.02676        1.61091      112.78679        0.01551        0.03299       35.85951        0.30412        4.32873        1.58966       10.06484        0.02430        0.01132        0.02125      300.00000       21.06184
   22    1    1     1617.04997     5548.83374     2644.48051        8.67264      144.14272        0.02538        0.00836        0.25268       22.80000        4.87466        1.48154        0.25303        5.25022        0.00681        0.01327       -0.00034        4.58559      143.91281        0.02524        0.00844       22.81680        0.52157        1.51493        4.57276        5.25108        0.00666        0.00026        0.01283      300.00000        0.09703
   23    1    1     7335.57868     1691.52774      795.41135        4.30831       69.83018        0.00596        0.02613        1.22528        5.90000        0.00173        0.51021        1.22436       14.87548        0.05528        0.00472        0.00089        1.48067       32.72105        0.00131        0.00150       30.73843        0.05904        0.24027        1.47995       12.88712        0.04145        0.00508        0.00071      300.00000       50.71364
   24    1    1     2609.22320     1672.82285      652.72624        6.00094      111.91908        0.01530        0.02718        1.21637       16.10000        0.33719        0.52559        1.20897        6.04829        0.00889        0.00515        0.00748        0.81629      111.06855        0.01500        0.02628       17.23383        0.08987        1.17460        0.80915        5.81541        0.00854        0.00510        0.00714      300.00000       19.13757
   25    1    1     4063.93515     2209.16793      494.42461        3.22311       39.30058        0.00189        0.01627        1.10499       38.10000        0.86835        0.63469        1.09988        9.29080        0.02104        0.00079        0.00504        1.64819       30.39949        0.00113        0.00593       42.21266        0.60515        0.37007        1.64271        8.42131        0.01728        0.00026        0.00548      300.00000       57.82892
   26    1    1     3260.17192     2432.64508     1212.39108        4.99578       94.65058        0.01094        0.03290        0.16288        9.70000        0.80242        1.57411        0.16045       12.39175        0.03849        0.03322        0.00242        1.60224       95.88974        0.01120        0.02928       12.57509        0.06919        0.89272        1.57894       12.31487        0.03633        0.01401        0.02330      300.00000       74.36748
   27    1    1     1739.38872     9505.86468     4200.84777        6.46369      153.37912        0.02873        0.04004        0.82544       29.00000        9.25313        0.91606        0.81851        7.78104        0.01472        0.00004        0.00683        3.67464      153.41437        0.02873        0.03919       29.33604        3.25406        4.06290        3.67162        7.77933        0.01480        0.00384        0.00302      300.00000        0.31476
   28    1    1     1822.40450     5745.01630     2705.24218        5.75489      140.70254        0.02418        0.04883        1.19197       23.90000        4.70738        0.56763        1.16694       10.80845        0.02994        0.00005        0.02510        4.93980      142.95384        0.02489        0.05059       22.85036        0.17992        1.34447        4.91497       10.82053        0.02802        0.00229        0.02482      300.00000        3.81081
   29    1    1     1779.51288    12901.14789     5622.28958        3.18398       64.17198        0.00503        0.04458        0.27778       20.60000       12.66223        1.45665        0.27792       11.24047        0.03117        0.00013       -0.00018        2.23000       72.24585        0.00637        0.08819       27.88968        4.17736        7.94117        2.23058       11.39950        0.03222        0.00225       -0.00058      300.00000       62.14166
   30    1    1     1125.65988     8246.98382     3450.72986        7.92250      232.52950        0.06604        0.03917        0.42844       39.90000        7.60273        1.34312        0.39144        8.56703        0.01894        0.03535        0.03695        1.45581      232.50801        0.06591        0.03975       39.76925        1.68600        6.20986        1.44094        8.56988        0.01868        0.05778        0.01487      300.00000        0.24642
   31    1    1     2595.46655     1680.86357      787.74110        7.85590       99.12155        0.01200        0.00744        1.43302        7.10000        0.02868        0.30140        1.43317       16.82688        0.07045        0.02067       -0.00012        0.41666       99.89015        0.01217        0.00770        6.43377        0.27432        1.07608        0.41237       16.82688        0.06911        0.01761        0.00429      300.00000        1.64927
   32    1    1     2588.06948     1670.44964      676.94988        0.32678        9.37228        0.00011        0.10036        1.51630        5.70000        0.06183        0.21812        1.51644        4.28674        0.00453        0.02994       -0.00006        0.15230       14.49783        0.00026        0.00981        9.48639        1.11152        0.55635        0.13093       19.54598        0.09164        0.00932        0.02138      300.00000      149.87393
   33    1    1     1418.82938     1925.74217      800.71177        6.41122      189.26694        0.04375        0.06269        1.14356       11.10000        0.32644        0.59312        1.14145        6.44315        0.01040        0.02593        0.00216        0.41650      187.78007        0.04265        0.06437       10.04159        1.04160        0.60884        0.40942        6.58969        0.01056        0.02137        0.00709      300.00000        1.00220
   34    1    1     1691.29516  2047775.45710   658923.70441        4.48362       58.50974        0.00418        0.01662        1.11749       20.90000     1820.83650        0.62349        1.11107       12.22445        0.03636        0.01766        0.00646       52.79766      164.60755        0.03297        0.86927      175.30004       15.39967     1753.46959       52.77582       15.37096        0.05666        0.00141        0.02184      300.00000      114.04738
   35    1    1     3703.39028     1723.92549      598.31261        1.72557       16.78796        0.00034        0.01122        1.34290        7.70000        0.30421        0.39235        1.34222       15.72623        0.06082        0.06960        0.00071        0.95216       11.23327        0.00015        0.00552       18.49736        0.08692        1.03281        0.93628       14.61854        0.05149        0.05238        0.01588      300.00000      147.15548
   36    1    1     1983.36754     1591.77819      608.28543        2.24861       45.48188        0.00253        0.04744        1.32361       12.30000        0.04271        0.42111        1.31345       11.73053        0.03333        0.01509        0.01023        0.61122       34.09294        0.00142        0.06558       20.57311        0.44890        0.74091        0.60714        2.11747        0.00109        0.01672        0.00408      300.00000      122.32505
   37    1    1     2108.47820     1519.95200      574.58207        7.97289      121.63579        0.01807        0.01036        1.17258       16.10000        0.17012        0.58662        1.14795        3.68654        0.00325        0.00169        0.02457        0.80679      121.30447        0.01793        0.01017       16.35842        0.14733        0.96814        0.78964        3.67457        0.00325        0.00908        0.01715      300.00000        1.22491
   38    1    1     1461.66238    66303.63453    26740.21884        7.72040      182.20721        0.04055        0.02748        0.88224       38.60000       67.49764        0.85986        0.87470        4.32298        0.00472        0.00133        0.00754       34.38880      181.71656        0.04033        0.02784       38.54484       13.93221       20.91250       34.38741        4.31810        0.00458        0.00759        0.00140      300.00000        0.47699
   39    1    1     2019.22314     1561.17483      616.54209        7.01960      135.41347        0.02240        0.02305        0.37617        2.20000        0.09730        1.41713        0.31744       10.65528        0.02961        0.00617        0.05868        1.51595      136.09915        0.02259        0.02251        3.58781        0.01466        0.30144        1.51618       10.65522        0.02801        0.06666       -0.00023      300.00000        2.27579
   40    1    1     1560.89635     1675.89981      737.67830        0.02616        0.58179        0.00000        0.06040        1.11645       12.20000        0.11211        0.63255        1.10201        5.70918        0.00786        0.00001        0.01438        0.17156       17.74598        0.00038        0.04914       12.99510        0.73294        0.94518        0.17077        8.32191        0.01702        0.01316        0.00079      300.00000      167.86398
   41    1    1     4274.03519     6865.81750     3039.10875        5.38681       82.58660        0.00833        0.02038        0.60527       25.70000        6.37775        1.14013        0.59443       13.10338        0.04156        0.00096        0.01088        4.70519       62.66348        0.00479        0.01276       25.83086        1.12656        2.29099        4.69881       14.32417        0.05175        0.00235        0.00638      300.00000       75.65835
   42    1    1     1703.88696     3566.31896     1479.81048        1.26943       27.11174        0.00090        0.05481        0.25168       14.20000        2.38830        1.50782        0.22674        6.23151        0.00929        0.08721        0.02501        1.44110       31.53557        0.00121        0.04436       20.07582        0.82977        1.97301        1.32936        6.64497        0.01015        0.00039        0.11174      300.00000      132.73534
   43    1    1     2333.79091     1705.32786      799.71114        0.56602        7.94283        0.00008        0.02397        0.54402       31.10000        0.17836        1.19945        0.53511        2.63554        0.00168        0.00784        0.00900        0.53435        7.30581        0.00007        0.02611       29.49838        0.38301        1.00698        0.51842        3.91495        0.00369        0.00120        0.01593      300.00000      165.23443
   44    1    1     2293.82962     1865.68974      739.25439        2.78790       64.23803        0.00504        0.05980        0.69806       22.90000        0.35464        1.05907        0.67550        1.03781        0.00028        0.03626        0.02251        0.87994       73.98877        0.00668        0.02972       26.78039        0.04169        1.23388        0.83775        4.77744        0.00540        0.01584        0.04218      300.00000       27.73345
   45    1    1     8425.44104     1583.63196      576.46953        0.85980        9.47219        0.00011        0.01471        1.00490       11.40000        0.22907        0.75067        0.98390        7.25291        0.01345        0.01078        0.02102        0.40171        4.00514        0.00002        0.00533       10.21784        0.19721        1.37168        0.37719       12.43334        0.03700        0.01074        0.02451      300.00000      159.82666
   46    1    1     1577.51898   339088.04277   128672.57882        6.99515      171.89152        0.03609        0.03766        0.31818       35.30000      333.91823        1.44264        0.29192        7.30884        0.01277        0.04095        0.02632      237.16603      171.82237        0.03606        0.03784       35.31610        3.26178       95.29210      237.09871        7.33972        0.01260        0.00013        0.06732      300.00000        0.78461
   47    1    1     2359.81464     1690.28934      654.37632        4.89255      114.42210        0.01599        0.05081        0.89218       35.40000        0.22397        0.85878        0.87579        3.52780        0.00300        0.00118        0.01643        1.00528      119.66886        0.01743        0.05535       32.42852        0.11132        0.83464        1.00327        5.02286        0.00632        0.01557        0.00200      300.00000       53.02369
   48    1    1     1903.02967    47186.96157    20372.70370        2.30207       75.40706        0.00694        0.12410        1.52822       16.60000       48.57895        0.20695        1.52762       17.61895        0.07635        0.00370        0.00064       15.41671       86.20440        0.00907        0.03856       20.42653        6.10674       28.79765       15.41300       24.94703        0.15202        0.00445        0.00370      300.00000       37.63221
   49    1    1     1352.21078     2011.97959      607.60798        5.34060      189.18089        0.04371        0.10954        1.31427       36.40000        0.38090        0.42033        1.31424        4.96021        0.00613        0.04385       -0.00004        0.71278      189.24706        0.04362        0.10961       36.46045        1.18758        0.22468        0.70348        4.85709        0.00597        0.03449        0.00930      300.00000       10.18300
   50    1    1     1468.94957     1732.32890      615.41668        2.61878       85.93242        0.00902        0.12249        1.22560       17.50000        0.02587        0.55712        1.17744        7.81553        0.01442        0.00199        0.04811        1.08633       93.22841        0.01053        0.08632       28.30969        0.15706        0.57432        1.04101       12.45462        0.04021        0.00174        0.04531      300.00000       45.08776
   51    1    1     2171.75684     1647.33661      712.70586        4.51329       92.84871        0.01053        0.04116        1.01104       11.40000        0.08163        0.72797        1.00659       11.63112        0.03301        0.00267        0.00444        1.23114       75.42025        0.00690        0.04047       17.46599        0.08974        0.50470        1.23156       10.71269        0.02837        0.00671       -0.00041      300.00000       22.21805
   52    1    1     2113.19674     1718.16289      473.20736        4.37532       77.95465        0.00742        0.03135        1.31359       23.80000        0.30444        0.42257        1.31199        5.53250        0.00751        0.00096        0.00158        1.35320       38.93336        0.00185        0.06492       19.90048        0.41427        0.24712        1.35370        3.71075        0.00341        0.00307       -0.00050      300.00000       56.90262
   53    1    1     3884.59736     1722.88231      562.66015        5.12031       57.36982        0.00402        0.01131        1.59404       19.20000        0.40741        0.14921        1.58535        6.72546        0.01098        0.00727        0.00860        0.63062       80.34123        0.00788        0.02098        9.74307        0.49486        1.00395        0.62958        6.75493        0.01121        0.01474        0.00104      300.00000       46.83395
   54    1    1     2013.98522     2167.75917      763.19087        3.13635       74.93463        0.00686        0.06286        1.27971       24.90000        0.64909        0.48335        1.25121        9.15436        0.02000        0.00228        0.02848        0.41186       75.18511        0.00688        0.03832       32.87360        1.27720        0.74740        0.38225        9.40620        0.02110        0.00140        0.02961      300.00000       48.24657
   55    1    1     1557.32504     2435.29291      827.44491        6.24824      171.56364        0.03595        0.05613        1.18531       16.10000        1.05870        0.55421        1.18035        3.48111        0.00295        0.03843        0.00492        1.04308      172.07019        0.03607        0.05553       16.40578        0.54754        1.24002        1.00620        3.48438        0.00288        0.00657        0.03688      300.00000        2.54682
   56    1    1     1371.08591     3287.30037     1201.78368        5.72717      189.97835        0.04408        0.09031        0.87807       20.70000        1.91604        0.87913        0.85543       10.44232        0.02790        0.00204        0.02263        1.98758      189.92930        0.04388        0.09283       19.74457        0.31599        1.34479        1.98793       10.35070        0.02662        0.02589       -0.00035      300.00000        5.69273
   57    1    1     6604.08140     1757.63661      767.42891        1.67041       20.79120        0.00053        0.01839        1.27348       10.90000        0.18992        0.55882        1.17574        6.40873        0.00949        0.00020        0.09775        0.59350       25.03736        0.00077        0.00166       29.84717        0.65729        0.72413        0.55315        7.99742        0.01654        0.05697        0.04035      300.00000       54.61544
   58    1    1     1870.31311    11455.66663     4831.87815        1.50710       31.95196        0.00125        0.05365        1.19354       13.70000       11.62924        0.55668        1.17789        6.69726        0.01142        0.00056        0.01572       12.11646       45.53393        0.00253        0.04817       15.53990        0.17593        1.03759       12.10344       15.67948        0.06244        0.00324        0.01302      300.00000      105.40766
   59    1    1     1970.42949     1673.58399      643.41414        1.91314       47.84004        0.00280        0.07357        1.28167       16.80000        0.21818        0.45234        1.28223        9.94451        0.02450        0.00028       -0.00057        0.46062       57.36571        0.00402        0.02276       31.20724        0.13339        1.39566        0.46090       12.17536        0.03684        0.00005       -0.00028      300.00000       89.12149
   60    1    0     1556.62062  3454083.58309  1125957.83683        7.65204       77.67944        0.00737        0.00522        0.77774       10.00000     3011.41042        0.95792        0.77664        5.16888        0.00668        0.10070        0.00119      140.19585        0.00000        0.00000        0.00000       78.26676        0.01958     2873.25342      140.19585        0.00000        0.00000        0.00000        0.00000      300.00000        0.00000
   61    1    1     1600.86147    11544.22217     4972.02074        0.43068       11.85856        0.00017        0.09242        0.17500       21.40000       11.63488        1.57511        0.15946        5.39031        0.00700        0.00721        0.01537        7.56227       34.39221        0.00144        0.03425       15.66928        0.98490        4.81528        7.52992       19.36877        0.08932        0.00433        0.03235      300.00000      142.91071
   62    1    1     4704.26122     1501.21321      589.53059        1.42142       10.37286        0.00013        0.00637        0.64199       19.10000        0.06805        1.11153        0.62304       10.48829        0.02644        0.01413        0.01896        0.52870       18.42520        0.00041        0.00484       12.80243        0.43418        0.84974        0.51228       11.79947        0.03547        0.01528        0.01642      300.00000      113.31606
   63    1    1      934.87556    17216.40545     8487.43223        8.93286      230.77034        0.06504        0.01647        0.44370       16.60000       17.62499        1.29163        0.44293       15.38034        0.05906        0.00468        0.00071       10.78984      230.90759        0.06508        0.01653       16.55921        0.75873        7.81051       10.79025       15.38016        0.05873        0.00619       -0.00041      300.00000        0.21463
   64    1    1     3075.76574     3625.93806     1837.87046        3.13989       41.80022        0.00213        0.01951        0.45060       30.70000        2.01960        1.29163        0.44293        8.26063        0.01658        0.01621        0.00763        0.60717       36.69203        0.00164        0.00982       30.17011        0.13987        3.01946        0.59238       10.90048        0.02865        0.00968        0.01479      300.00000       79.68521
   65    1    1     2127.37370     1828.92487      500.49398        8.98174       97.43298        0.01159        0.00278        0.79597       16.00000        0.50052        0.95620        0.77836       11.14057        0.02986        0.00175        0.01754        1.09829       97.50181        0.01160        0.00271       16.06998        0.51063        0.64320        1.08137       11.14043        0.02987        0.00236        0.01692      300.00000        1.26989
   66    1    1     1311.42256     1620.82799      605.78096        1.11680       30.49822        0.00114        0.08995        0.94969        2.90000        0.00979        0.82817        0.90639       10.47562        0.02597        0.00324        0.04331        1.26792       34.18632        0.00142        0.08812       11.97102        0.01494        0.50946        1.22659        9.99217        0.02583        0.00027        0.04133      300.00000      137.15726
   67    1    1     2276.18106     1934.19111      547.58925        1.18730       14.06651        0.00024        0.01690        1.13990       24.30000        0.49543        0.60271        1.13185       17.51247        0.07447        0.00049        0.00805        1.89067       16.73523        0.00034        0.08405       16.43962        0.25008        0.06170        1.88492       12.93640        0.04217        0.00114        0.00575      300.00000      152.28326
   68    1    1     1127.00894     1619.60404      625.87917        8.30528      220.78574        0.05954        0.02678        0.53007       15.30000        0.02747        1.21411        0.52046       18.06098        0.08257        0.00247        0.00963        0.99284      220.79471        0.05924        0.02720       15.19325        0.22216        0.56280        0.97690       18.06097        0.07859        0.00016        0.01594      300.00000        0.53690
   69    1    1     2394.78785     3405.70987     1362.28331        6.68073      114.09167        0.01590        0.01972        0.30561       20.70000        2.13220        1.43830        0.29627        9.60210        0.02333        0.00177        0.00935        1.83126      114.43045        0.01595        0.01974       20.70268        0.45382        1.59266        1.82028        9.59676        0.02335        0.00005        0.01097      300.00000        2.09607
   70    1    1     2016.66229    53566.88609    20338.18856        5.26828      124.56548        0.01895        0.04933        1.01639       16.30000       55.63320        0.73141        1.00316       10.36103        0.02727        0.00056        0.01326        5.12144      124.21080        0.01882        0.05028       16.22692        2.20457       50.04779        5.11436       10.35821        0.02608        0.00811        0.00709      300.00000        8.66915
   71    1    1     3257.40432    32472.00969    14570.05864        0.11169        1.72347        0.00000        0.02908        0.96987       13.50000       33.44726        0.80827        0.92629       10.26195        0.02491        0.04350        0.04355        5.40667        2.37053        0.00001        0.02063       19.62724        0.27879       29.57978        5.32754        9.02680        0.01896        0.01801        0.07913      300.00000      159.26026
   72    1    1    27072.55429     2456.69259      895.90243        0.14519        1.72492        0.00000        0.01723        0.63687       16.40000        1.18325        1.09771        0.63686        4.05225        0.00409        0.00265       -0.00002        0.62109        7.92482        0.00008        0.00200       15.56907        1.32532        0.98660        0.61838        5.19374        0.00660        0.00013        0.00271      300.00000      107.29694
   73    1    1     2005.51633   104104.76846    42407.17887        1.55829       32.36328        0.00128        0.05140        1.54365       42.20000      106.14324        0.20481        1.52975       12.27973        0.03639        0.00007        0.01393       85.95351       40.48026        0.00200        0.03745       41.17622        0.79883       21.13755       85.94848       14.19666        0.05074        0.00078        0.00503      300.00000      115.33367
   74    1    1     3684.00055     5452.81699     2562.17003        2.24447       23.10859        0.00065        0.01229        0.14814       24.00000        4.69696        1.59480        0.13976        2.55696        0.00165        0.02351        0.00837        2.41745       40.22381        0.00197        0.01839       30.29500        0.95719        3.03979        2.41145        8.01086        0.01618        0.02705        0.00601      300.00000       80.93926
   75    1    1     2057.92830     1658.80716      609.34696        8.69182      111.40163        0.01516        0.00491        0.82160        6.10000        0.19801        0.91255        0.82202       10.70728        0.02846        0.06802       -0.00041        1.28815      111.74892        0.01524        0.00488        6.05959        0.11215        0.55087        1.26953       10.70722        0.02925        0.04817        0.01861      300.00000        0.56110
   76    1    1     2721.29977     1695.74948      765.07347        5.41769      106.20358        0.01378        0.03316        0.68739        9.80000        0.00820        1.10384        0.63073        9.87282        0.02540        0.01676        0.05667        0.53867       95.14296        0.01103        0.02471       17.55207        0.01829        1.27139        0.46420        9.88569        0.02279        0.00165        0.07447      300.00000       21.79389
   77    1    1     2231.68366    88619.71200    37342.67869        8.04896      117.56494        0.01688        0.00918        0.10428       17.60000       90.69230        1.63189        0.10267       11.72818        0.03442        0.01933        0.00165       22.76973      117.23739        0.01678        0.00909       17.65014        0.16525       69.50397       22.75774       11.72800        0.03326        0.01014        0.01199      300.00000        1.76910
   78    1    1     1933.40470     3780.58864     1735.64777        6.38451      139.58331        0.02380        0.03458        1.47065       45.40000        2.33262        0.26513        1.46943        7.30669        0.01335        0.06634        0.00118        0.92043      139.72414        0.02375        0.03477       45.37875        1.18962        2.02385        0.85353        7.32485        0.01404        0.00001        0.06691      300.00000        2.78087
   79    1    1     3982.12847     3235.25550     1096.41799        1.02165       24.11645        0.00071        0.06734        1.57091       19.50000        2.00906        0.16311        1.57146       13.44619        0.04487        0.05210       -0.00048        1.91110       19.78180        0.00048        0.01259       29.96410        0.55285        1.35285        1.85814       17.33634        0.07819        0.00005        0.05296      300.00000       96.28262
   80    1    1     1753.07322     1655.60655      600.99266        5.32216      147.11574        0.02643        0.06689        1.17391       30.60000        0.10864        0.60271        1.13185        4.05430        0.00425        0.01623        0.04206        1.20107      142.77747        0.02489        0.06751       31.44161        0.08202        0.62126        1.14246        3.08392        0.00223        0.00009        0.05861      300.00000       11.98295
   81    1    1     1129.55851     2699.80759      867.82530        5.17111      213.85061        0.05585        0.15302        1.27468       31.90000        1.11980        0.46110        1.27346        3.31026        0.00269        0.00093        0.00116        1.61641      212.63802        0.05480        0.15331       32.52057        0.32715        0.91239        1.61693        2.40331        0.00143        0.00259       -0.00052      300.00000        1.88377
   82    1    1     2805.61968     2230.87891      958.07893        1.59505       28.65241        0.00100        0.03841        0.30019       12.00000        0.80681        1.47165        0.26291       13.40151        0.04264        0.03186        0.03728        2.14659       40.15158        0.00197        0.01060       27.95845        0.03848        0.40244        2.13298       12.34706        0.03874        0.05377        0.01361      300.00000       90.88685
   83    1    1     2710.13921     1603.90180      670.97935        2.40670       59.29221        0.00429        0.06983        0.36900       22.60000        0.03478        1.37568        0.35888       16.51032        0.06604        0.00249        0.01013        0.70712       47.14874        0.00270        0.06176       43.70670        0.10834        1.02269        0.70631        6.28434        0.00971        0.00980        0.00081      300.00000       37.81081
   84    1    1     2036.36445     1696.76643      606.44375        6.43462      133.19146        0.02167        0.03066        0.75677       28.90000        0.13322        1.04304        0.69153       13.10540        0.04491        0.00000        0.06526        1.35730      132.97241        0.02153        0.03109       28.82454        0.18988        0.34448        1.33319       13.10635        0.04112        0.04487        0.02410      300.00000        2.76092
   85    1    1     2004.50304     2913.37569     1252.59174        0.38909        6.77964        0.00006        0.03703        0.94711        9.00000        1.50699        0.79289        0.94168       13.70370        0.04730        0.02600        0.00538        2.16028        4.34709        0.00002        0.04450       11.93330        0.06476        1.03519        2.15105       10.74695        0.02923        0.02339        0.00924      300.00000      171.38054
   86    1    1      743.17411     2103.05948      741.76556        8.31159      336.64508        0.13841        0.06195        0.48357       18.40000        0.45252        1.25097        0.48360        1.03079        0.00026        0.00641       -0.00012        1.51264      336.79133        0.13745        0.06281       18.50184        0.18707        0.48707        1.51313        1.03046        0.00026        0.00678       -0.00049      300.00000        0.10413
   87    1    1     2357.41850     1761.09953      710.19237        7.65262      111.98170        0.01532        0.01084        0.85862       13.20000        0.37423        0.88889        0.84568        2.95345        0.00222        0.00185        0.01285        0.40616      111.70757        0.01519        0.01019       13.80971        0.70135        1.01605        0.39223        2.95923        0.00211        0.00089        0.01393      300.00000        0.65962
   88    1    1     1198.98781     1762.37364      808.71857        8.52012      199.47260        0.04860        0.01835        0.35843       16.50000        0.10723        1.41678        0.31779        5.59709        0.00742        0.00314        0.04055        0.38626      199.40181        0.04841        0.01844       16.56465        0.09166        1.38506        0.36519        5.59816        0.00801        0.02210        0.02107      300.00000        0.58773
   89    1    1     1501.83122     4326.95731     1431.87207        7.55726      179.58610        0.03939        0.02958        1.23411       25.60000        3.37133        0.50366        1.23090        5.14725        0.00648        0.00206        0.00326        3.78418      179.74635        0.03944        0.02962       25.56710        0.58838        0.73852        3.77888        5.14522        0.00645        0.00001        0.00530      300.00000        1.31930
   90    1    1     1350.94606     1727.97515      628.00259        5.64795      189.16884        0.04371        0.09330        1.12501       11.60000        0.11156        0.60923        1.12533        7.64334        0.01442        0.01134       -0.00030        0.32079      187.61753        0.04280        0.09295       11.91716        1.24854        0.28130        0.31669        7.85567        0.01551        0.00667        0.00410      300.00000        2.43098
   91    1    1     1245.88370     1543.29489      656.71453        8.32425      198.45752        0.04810        0.02132        1.37573        7.70000        0.07322        0.36087        1.37370        8.72859        0.01867        0.03408        0.00196        1.54806      198.29557        0.04793        0.02134        7.92740        0.09633        0.17146        1.54019        8.72789        0.01925        0.02763        0.00788      300.00000        0.61684
   92    1    1     1350.69679     1747.95928      660.21686        3.34477      102.45801        0.01282        0.10178        0.70800        9.00000        0.02501        1.04934        0.68522       21.46566        0.11041        0.00135        0.02286        1.37464      116.68806        0.01657        0.09866        7.84432        0.02249        0.38489        1.35311       21.46472        0.11050        0.00095        0.02153      300.00000       46.49063
   93    1    1     4785.62889     6171.37022     3135.24167        6.43742       54.95169        0.00369        0.00521        0.36360       10.60000        5.95372        1.43163        0.30293        7.04748        0.01296        0.00823        0.06061        7.35196       56.57462        0.00391        0.00539       10.23228        0.14084        0.24151        7.30549        7.04411        0.01287        0.02254        0.04648      300.00000        1.07279
   94    1    1     4656.60982    10350.31103     4784.69835        4.26673       44.07234        0.00237        0.01066        0.55065       31.60000       10.15896        1.18840        0.54617        4.21559        0.00447        0.00110        0.00449        7.91376       54.17200        0.00358        0.00843       30.86590        0.28648        3.69191        7.91169        6.17709        0.00956        0.00291        0.00207      300.00000       13.82127
   95    1    1     5492.13307     1509.64689      648.43623        3.66441       44.33282        0.00240        0.01548        0.77035        2.40000        0.01380        0.96506        0.76950        8.61508        0.01824        0.00043        0.00081        0.22250       50.03532        0.00305        0.02578        6.86217        1.04524        0.48421        0.22111        4.49897        0.00497        0.00002        0.00139      300.00000       59.22891
   96    1    1     2435.79822     2294.57758      767.98760        6.97159      112.19020        0.01537        0.01626        1.41188       35.90000        0.92989        0.35154        1.38303        2.16165        0.00112        0.03222        0.02882        0.78141      112.46432        0.01541        0.01620       35.90262        0.80129        1.12553        0.73765        2.16922        0.00122        0.01720        0.04377      300.00000        1.81252
   97    1    1     2348.81644     1855.15012      509.28201        2.50695       51.11097        0.00319        0.04758        1.24937       24.70000        0.41526        0.48480        1.24977        0.07079        0.00000        0.00455       -0.00037        1.06710       67.18448        0.00548        0.03296       19.11369        0.94539        0.12666        1.06734        9.16638        0.02090        0.00625       -0.00024      300.00000       47.30129
   98    1    1     1941.93634     2751.70687      936.46363        7.77311      137.30926        0.02303        0.01508        1.19260       14.00000        1.56958        0.54612        1.18844        9.97033        0.02426        0.00123        0.00413        1.81170      136.89324        0.02281        0.01525       14.01166        0.46269        1.02978        1.81170        9.97041        0.02450        0.00517        0.00001      300.00000        0.84787
   99    1    1     1229.95289     1772.43771      823.79511        7.20071      218.40820        0.05826        0.05410        0.44932       14.40000        0.05331        1.28809        0.44648        5.31043        0.00707        0.00009        0.00282        0.07701      218.19351        0.05801        0.05411       14.55109        1.18503        0.52838        0.07471        5.31951        0.00709        0.00062        0.00230      300.00000        0.53866
  100    1    1     1880.65826     2064.74484      551.74635        4.14859       76.84517        0.00721        0.03469        1.62528       35.00000        0.57509        0.11894        1.61562        8.21618        0.01709        0.01900        0.00963        1.00590       81.32810        0.00805        0.08857       16.79842        0.89150        0.38672        0.98108        7.18764        0.01236        0.00421        0.02483      300.00000       50.30776
