    1    1    1     1079.10887     1632.32375      672.30891        8.72980      212.30144        0.05505        0.01718        1.21354       17.70000        0.23148        0.55012        1.18444        0.23044        0.00001        0.00015   -33197.35478        1.55774      212.44813        0.05506        0.01715       17.73794        0.28288        0.12962        1.55362        0.23069        0.00001        0.02509        0.00412      300.00000        0.10906
    2    1    1     5245.87750     1766.63246      703.27478        0.10227        1.43383        0.00000        0.02400        1.62624       22.30000        0.12614        0.10922        1.62535       18.04176        0.07999        0.01340        0.00088        0.15241        6.11601        0.00005        0.02724       19.06249        0.75420        0.95679        0.14428       18.24841        0.08416        0.00415        0.00813      300.00000      108.57070
    3    1    1     2174.87170     7509.12871     3828.93835        0.88346       13.42437        0.00022        0.02798        0.79150        9.40000        7.10895        0.94415        0.79041        3.48591        0.00304        0.00011        0.00111        2.39537        7.36016        0.00007        0.02470        9.63938        0.59416        5.85172        2.39580        5.81594        0.00836        0.00157       -0.00042      300.00000      158.81812
    4    1    1     2146.60375    21968.63717     9118.14023        0.77209        8.97879        0.00010        0.01642        1.04369       25.80000       23.15340        0.70708        1.02749        9.57048        0.02206        0.00724        0.01615       18.70704       17.80605        0.00039        0.07626       22.20213        0.43003        5.70848       18.69757        9.31668        0.02197        0.00581        0.00947      300.00000      157.48721
    5    1    1     5927.81480    21465.61732     9569.72297        4.57765       51.86423        0.00329        0.01239        0.61616       13.20000       21.81841        1.11819        0.61637        4.18937        0.00433        0.00001       -0.00029       10.76133       45.73568        0.00255        0.03191       20.80488        0.37001       12.39873       10.76137        1.13367        0.00032        0.00791       -0.00004      300.00000      125.20393
    6    1    1     3964.79786     2509.71437     1083.69161        8.55313       60.03265        0.00440        0.00162        0.21009       15.50000        1.16651        1.54067        0.19390        3.23713        0.00252        0.03364        0.01624        1.67440       59.70124        0.00435        0.00155       15.51361        0.15854        1.11608        1.62647        3.23733        0.00272        0.00181        0.04793      300.00000        0.60365
    7    1    1     3340.12325     1639.87163      798.24423        2.91209       27.14736        0.00090        0.00971        0.56440       13.30000        0.08910        1.17034        0.56423        6.77684        0.01132        0.03259        0.00017        0.88490       15.55504        0.00029        0.02006       12.58038        0.27190        0.65490        0.86854       10.93841        0.02882        0.01750        0.01636      300.00000      112.56445
    8    1    1     1806.69646     1949.72433      793.13362        1.65928       35.03279        0.00150        0.05294        0.76487       18.70000        0.39377        0.97229        0.76228        4.65727        0.00544        0.01467        0.00271        1.67900       44.38958        0.00240        0.05250       22.80613        0.35767        0.08787        1.66757        9.35824        0.02119        0.00485        0.01143      300.00000      107.61729
    9    1    1     2237.64544     1591.46708      587.74683        3.54494       55.81679        0.00381        0.02647        1.26450       24.50000        0.03696        0.47087        1.26369       13.42519        0.04429        0.03130        0.00089        1.28559       33.84420        0.00140        0.04983       27.42018        0.11984        0.38941        1.25629       11.05630        0.03142        0.00072        0.02931      300.00000       83.25435
   10    1    1     1722.75751     2222.72972      579.64330        4.13614      118.60793        0.01718        0.08325        1.40793       18.10000        0.74511        0.35583        1.37873       11.48261        0.03146        0.00021        0.02920        0.78293      121.83401        0.01809        0.09492       19.36699        0.70092        1.02308        0.75747        8.56222        0.01880        0.00224        0.02546      300.00000       18.15619
   11    1    1     3391.18001     2542.48050     1093.60855        1.17990       31.12209        0.00118        0.08379        0.35476       31.00000        1.07381        1.38036        0.35421        4.42600        0.00489        0.00653        0.00059        2.52778       15.36862        0.00029        0.00448       32.52558        0.08640        0.22484        2.52265       15.81765        0.06099        0.00054        0.00514      300.00000      158.37622
   12    1    1     1832.58956     1685.26529      651.67164        7.02261      148.15119        0.02681        0.02755        1.16269       22.20000        0.30005        0.58344        1.15112        2.35772        0.00141        0.00061        0.01156        1.37023      148.78275        0.02694        0.02821       21.84182        0.04733        0.62617        1.36031        2.34944        0.00134        0.00235        0.00991      300.00000        0.81271
   13    1    1     3538.57050     8594.52539     3841.35347        2.50889       17.00312        0.00035        0.00526        0.60760       29.70000        8.23668        1.15573        0.57884       10.50630        0.02634        0.01992        0.02878        9.05135       24.87289        0.00075        0.02207       25.65078        0.14793        0.81242        9.01860        1.41472        0.00052        0.01687        0.03275      300.00000      146.65115
   14    1    1     1586.76080     1827.41342      798.31262        7.62781      167.16575        0.03413        0.02453        0.47234       15.20000        0.26238        1.26861        0.46596       12.46448        0.03919        0.00851        0.00647        0.96332      167.62628        0.03430        0.02494       14.80763        0.32655        0.71755        0.95223       12.46404        0.03939        0.00364        0.01109      300.00000        0.19066
   15    1    1     3595.49244     1431.69979      582.17687        6.14130       76.78812        0.00720        0.01189        1.28239        2.10000        0.00253        0.46654        1.26802        4.53019        0.00495        0.01624        0.01434        1.32516       81.05218        0.00800        0.01047        4.16048        0.00489        0.42991        1.30297        4.54612        0.00495        0.00839        0.02219      300.00000       11.68546
   16    1    1     2800.86061    17039.82041     7074.49097        0.37388        7.42849        0.00007        0.04815        0.46892       19.10000       17.43119        1.30002        0.43455        4.11305        0.00436        0.00000        0.03429        5.51172       30.44186        0.00113        0.01019       30.99154        0.15797       13.54842        5.46996        9.46064        0.02120        0.00211        0.04176      300.00000      122.13891
   17    1    1     2077.63336     4868.53591     2129.48330        0.34332        5.94338        0.00004        0.03656        0.75875       24.80000        3.80207        0.97573        0.75884        4.17015        0.00429        0.00058       -0.00011        2.71680       11.84982        0.00017        0.04499       28.75018        0.91682        1.85569        2.71663       13.25487        0.04328        0.00027        0.00017      300.00000      161.32085
   18    1    1     1553.43847     1510.30134      712.87468        6.94926      172.51820        0.03635        0.03892        1.11992       14.00000        0.00935        0.61418        1.12039       11.03850        0.03013        0.01191       -0.00045        1.29516      173.26979        0.03658        0.03925       13.57285        0.01530        0.44063        1.28739       11.03909        0.02960        0.00424        0.00776      300.00000        0.58146
   19    1    1     1485.63801     1740.98596      641.70325        5.35361      173.66854        0.03684        0.09169        1.03963       19.70000        0.14767        0.71498        1.01959       14.08216        0.05065        0.00085        0.02005        1.55079      169.05681        0.03479        0.08522       23.69368        0.09424        0.24670        1.55003       14.06264        0.04861        0.02195        0.00076      300.00000        8.87421
   20    1    1     1617.04104     2205.46181      828.18643        7.83597      160.92196        0.03163        0.01988        1.25758       11.70000        0.82399        0.48615        1.24841        8.52258        0.01838        0.06523        0.00910        0.56494      161.38636        0.03177        0.01992       11.56177        0.30342        1.70248        0.55249        8.52278        0.01756        0.06275        0.01245      300.00000        0.71353
   21    1    1     1009.17109     3034.68525     1152.96872        8.66140      232.76028        0.06617        0.02203        0.35621       17.10000        1.75512        1.37873        0.35583        7.64160        0.01456        0.00010        0.00041        2.40782      232.65724        0.06597        0.02228       17.05327        0.29974        0.78193        2.40793        7.64059        0.01440        0.00079       -0.00011      300.00000        0.27169
   22    1    1     5394.23968     1401.64014      598.32886        4.08475       38.99269        0.00186        0.00927        0.88047        8.30000        0.00425        0.86812        0.86645        8.47039        0.01731        0.02615        0.01402        1.27239       18.36852        0.00041        0.00828       16.55469        0.01919        0.45517        1.26643        7.07845        0.01263        0.03936        0.00596      300.00000       55.26465
   23    1    1     2206.91816     1418.67962      673.97665        8.40857      110.31306        0.01486        0.00616        1.06411       18.40000        0.02047        0.66991        1.06465        1.80959        0.00081        0.01031       -0.00053        1.62640      110.16897        0.01481        0.00593       18.57554        0.04648        0.08395        1.62492        1.78822        0.00078        0.00827        0.00149      300.00000        0.37737
   24    1    1     2104.77154     1695.95819      579.70978        3.67493       76.45341        0.00714        0.04572        0.91542        7.70000        0.19469        0.83096        0.90360       16.29934        0.06740        0.00050        0.01177        0.97524       76.73969        0.00719        0.03476        9.96416        0.18100        0.78717        0.96403       17.43089        0.07352        0.00295        0.01121      300.00000       41.40408
   25    1    1     2087.09690     5010.18089     2267.00965        7.60626      127.86225        0.01997        0.01455        0.77012       41.80000        3.86130        0.98225        0.75232       12.38283        0.03688        0.02138        0.01775        2.09242      127.81066        0.01992        0.01462       41.79960        0.27956        3.26260        2.05368       12.38048        0.03636        0.00095        0.03874      300.00000        0.25096
   26    1    1     1480.85067     1723.26099      580.49785        4.19727      133.95087        0.02191        0.10248        1.05018       39.30000        0.09976        0.68423        1.05033       11.07883        0.03028        0.04229       -0.00013        1.01043      121.92362        0.01810        0.08925       39.94017        0.37298        0.47593        0.98728       13.39960        0.04301        0.02144        0.02315      300.00000       15.96018
   27    1    1     2234.76238     1700.95908      702.93859        0.19425        3.59187        0.00002        0.04175        0.70007       21.20000        0.09363        1.06120        0.67336       12.03579        0.03717        0.02166        0.02674        1.24202       39.56447        0.00190        0.02746       22.55915        0.09301        0.49428        1.23548       14.81161        0.05337        0.04345        0.00655      300.00000      131.32068
   28    1    1    10917.67390     2061.44809      468.80869        5.65659       40.05315        0.00196        0.00416        1.54044       18.80000        0.81606        0.19656        1.53800        3.45976        0.00293        0.01084        0.00246        1.25053       11.50644        0.00016        0.00575       16.84632        0.47724        0.82477        1.25105        1.96408        0.00095        0.01355       -0.00052      300.00000      118.32388
   29    1    1     4400.44521     1793.92171      808.83968        5.98293       80.14283        0.00784        0.01407        0.48651       13.00000        0.20778        1.32683        0.40773        9.81589        0.02533        0.00072        0.07881        1.67753       83.97102        0.00857        0.02406        7.27002        0.01375        0.24734        1.67610        8.80064        0.01937        0.07846        0.00144      300.00000       86.45598
   30    1    1     2066.32664     2678.00720      970.17188        2.29610       38.92703        0.00185        0.03325        0.19004       19.90000        1.49917        1.54835        0.18621        8.56285        0.01791        0.00140        0.00380        2.13445       37.58394        0.00172        0.04924       11.97654        0.21442        0.87476        2.13251        7.62942        0.01427        0.00311        0.00194      300.00000       95.25657
   31    1    1     1331.50068    46623.21575    20739.18106        8.42372      182.59782        0.04072        0.01667        0.33959       16.00000       48.09669        1.39539        0.33917       11.48880        0.03292        0.00380        0.00040       25.67383      182.79503        0.04078        0.01655       16.05340        0.00974       24.14799       25.67356       11.48956        0.03291        0.00388        0.00027      300.00000        0.40854
   32    1    1     5022.66690     1637.90798      672.14879        0.83091       16.89028        0.00035        0.05012        0.40037       17.60000        0.29927        1.33640        0.39817        4.23914        0.00450        0.00547        0.00211        0.37164       26.26741        0.00084        0.00182       33.55333        0.27922        1.43268        0.36338        5.36816        0.00728        0.00299        0.00826      300.00000      111.06040
   33    1    1      978.27350     1870.70736      567.04357        8.38762      250.50487        0.07664        0.03230        1.13918       19.60000        0.25836        0.59699        1.13758       13.96160        0.04877        0.03848        0.00159        1.27086      250.36639        0.07650        0.03222       19.73772        0.25897        0.46504        1.26919       13.96228        0.04781        0.03932        0.00167      300.00000        0.40256
   34    1    1     3013.72918     2143.64483      841.89299        4.09994       73.95029        0.00668        0.03305        0.68988       15.80000        0.74085        1.04636        0.68820        9.06024        0.02013        0.01920        0.00165        1.20868       73.49676        0.00659        0.01814       28.24862        0.19331        1.12282        1.18840        5.13922        0.00634        0.00028        0.02028      300.00000       13.21415
   35    1    1     1158.91225     2903.20161      649.78037        1.52860       47.83341        0.00279        0.11680        1.33299       34.20000        1.42386        0.40246        1.33210        5.30135        0.00702        0.03519        0.00084        1.46146       21.05274        0.00053        0.18384       36.60876        1.47742        0.19643        1.42445        2.02239        0.00106        0.00038        0.03701      300.00000      145.20536
   36    1    1     2535.16915     2422.46996      738.31891        6.19547      106.35370        0.01381        0.02218        1.13283       15.70000        1.21465        0.61461        1.11996        9.59686        0.02339        0.00679        0.01287        0.72506      107.71391        0.01416        0.01996       16.86930        0.68083        1.54776        0.72255        9.59801        0.02310        0.01738        0.00251      300.00000        4.78327
   37    1    1     1655.15961     1951.62719      468.83594        1.02664       26.36266        0.00085        0.07968        0.89644       28.30000        0.41703        0.86812        0.86645       14.08706        0.04732        0.00000        0.02992        1.24757       33.40188        0.00135        0.05715       26.59001        0.40117        0.51728        1.24118       16.05228        0.06498        0.01994        0.00639      300.00000      131.91645
   38    1    1     5850.21257     4205.42101     1804.91120        5.77659       58.92644        0.00424        0.00847        1.39523       31.00000        3.01007        0.34199        1.39257        8.25745        0.01710        0.00068        0.00265        2.02752       39.69280        0.00192        0.00775       31.96433        0.85484        1.85923        2.02612        9.94230        0.02472        0.00180        0.00140      300.00000       70.24502
   39    1    1     2454.46970     2088.86242      676.05156        8.98410       87.23259        0.00929        0.00222        1.61916       14.60000        0.88713        0.11898        1.61558        6.19891        0.00965        0.00047        0.00367        0.75101       87.43756        0.00933        0.00236       14.44181        0.31355        1.55842        0.74948        6.19902        0.00943        0.00281        0.00153      300.00000        0.19176
   40    1    1     4220.75250     2260.17875      610.51336        0.91603        9.69526        0.00011        0.01357        1.15048       15.30000        0.96676        0.59699        1.13758        9.59686        0.02339        0.00679        0.01287        1.50226        7.61676        0.00007        0.00329       16.88825        0.97474        0.22900        1.50273       10.69148        0.02829        0.02044       -0.00048      300.00000      170.76039
   41    1    1     1539.99635     1733.92516      752.88440        6.34816      172.24100        0.03623        0.05368        0.47521        6.90000        0.11158        1.26861        0.46596        8.16076        0.01685        0.01226        0.00929        0.76855      171.97144        0.03609        0.05407        6.51452        0.10406        0.97624        0.76555        8.15480        0.01669        0.01872        0.00300      300.00000        0.40503
   42    1    1     3379.74241     3835.61623     1927.86324        1.63463       19.21744        0.00045        0.01643        0.92895       10.50000        2.51141        0.80600        0.92857        6.30698        0.00979        0.02428        0.00043        3.27747       27.33519        0.00091        0.01324       12.81735        0.05872        0.92836        3.26813        3.18710        0.00257        0.01607        0.00934      300.00000      115.25329
   43    1    1     3326.08506     6261.32778     3016.52034        5.04323       81.03172        0.00802        0.02351        0.77694       16.80000        5.41202        1.00581        0.72876       10.55622        0.02630        0.01588        0.04812        3.97632       84.90451        0.00880        0.02090       17.69430        0.08713        3.09148        3.97369        9.67438        0.02291        0.06094        0.00263      300.00000       48.36087
   44    1    1     2605.62707     1990.04724      826.19810        4.08030       78.26862        0.00748        0.03746        1.10396       10.80000        0.60548        0.63958        1.09499        2.89012        0.00203        0.00347        0.00901        1.67929       71.14153        0.00616        0.02471       15.03384        0.04753        0.62946        1.66800        6.76986        0.01109        0.00122        0.01129      300.00000        9.23224
   45    1    1     1812.82609     1914.61342      658.55629        0.70087       17.67414        0.00038        0.07728        0.98507       16.70000        0.57212        0.75037        0.98420        3.50681        0.00307        0.00357        0.00094        1.03764       27.78180        0.00094        0.03435       32.62100        0.28767        1.01169        1.03811        7.33072        0.01330        0.00628       -0.00048      300.00000      148.46625
   46    1    1     2969.50213     1759.10797      654.60128        6.27656       94.29543        0.01086        0.01671        1.05449       17.40000        0.32307        0.68151        1.05305        6.82566        0.01165        0.00135        0.00147        0.43636       92.13029        0.01035        0.01818       16.93532        1.30550        0.31648        0.43483        6.79803        0.01156        0.00122        0.00153      300.00000       10.24523
   47    1    1     1540.29955    14224.94813     6298.02641        4.41598      142.00291        0.02463        0.10166        0.17225       40.80000       14.42088        1.56670        0.16786       11.99399        0.03511        0.00522        0.00432        5.26650      133.69280        0.02182        0.08844       41.61391        0.43729       10.45365        5.26523       14.46637        0.05138        0.00738        0.00127      300.00000        6.78872
   48    1    0     1129.28764  9522710.85336  3146686.56409        6.82153      212.63255        0.05522        0.06345        0.98622       27.80000     8173.51319        0.75546        0.97911        9.02593        0.02056        0.00015        0.00708      156.15786        0.00000        0.00000        0.00000      203.93423        0.08073     8019.15399      156.15786        0.00000        0.00000        0.00000        0.00000      300.00000        0.00000
   49    1    1     2325.94229     2117.26806      829.05576        1.87657       33.11135        0.00134        0.03668        1.06332       15.20000        0.72298        0.67130        1.06327        4.51204        0.00502        0.00811        0.00013        0.85046       18.21069        0.00040        0.02134       25.30399        0.39328        1.23647        0.84638        3.71325        0.00337        0.00343        0.00408      300.00000      132.39629
   50    1    1     1582.71267     1714.85505      551.13267        1.50020       46.35803        0.00262        0.11400        1.36225       11.40000        0.07073        0.37243        1.36214       12.71615        0.03984        0.05007        0.00005        0.58623       32.51379        0.00129        0.04118       51.49059        0.24253        1.08612        0.58328        6.05643        0.00920        0.04540        0.00295      300.00000      149.68661
   51    1    1     1334.61109     9893.66747     4382.52066        2.68473       76.80646        0.00720        0.09276        0.31766       25.70000        9.73291        1.41796        0.31661        7.62006        0.01451        0.00009        0.00107        5.66465       58.06975        0.00410        0.15177       10.73964        0.01417        5.72490        5.66500        9.46712        0.02214        0.00136       -0.00035      300.00000       81.74449
   52    1    1     1185.69310     4296.59343     2174.47508        8.53130      201.61350        0.04964        0.01856        0.87547        7.20000        2.83029        0.85869        0.87588        7.58756        0.01430        0.00085       -0.00040        3.13074      201.41290        0.04953        0.01866        7.13249        0.04380        1.39062        3.13040        7.58791        0.01418        0.00029        0.00034      300.00000        0.37892
   53    1    1     1528.93348     3012.69126     1305.45543        4.17389      131.20592        0.02103        0.09966        0.88926       41.30000        1.43765        0.85288        0.88169        7.93394        0.01529        0.01099        0.00764        1.94459      115.92169        0.01633        0.07536       38.08912        0.08459        1.14980        1.92384       15.21506        0.05556        0.00053        0.02076      300.00000       20.38937
   54    1    1     2480.27801     2031.59371      786.61644        1.75099       37.01521        0.00167        0.05291        1.00122       16.60000        0.50491        0.73371        1.00085       17.31841        0.07383        0.00098        0.00037        0.92246       49.83975        0.00303        0.01890       22.72613        0.02795        1.31690        0.92300       17.83341        0.07881        0.00118       -0.00054      300.00000       75.18153
   55    1    1     1609.13728     2164.33706      775.87537        6.24347      166.72459        0.03395        0.05314        0.72988       40.70000        0.66171        1.02154        0.71303        3.94218        0.00374        0.03369        0.01683        0.30168      166.97564        0.03405        0.05296       40.67367        0.51032        1.59131        0.29459        4.01678        0.00407        0.04328        0.00709      300.00000        3.36478
   56    1    1     1843.43548    20587.35055     7814.78738        7.41908      145.31853        0.02579        0.02107        0.24375       24.80000       22.08627        1.49033        0.24424        6.28924        0.00978        0.00109       -0.00038       13.56722      145.07735        0.02568        0.02083       24.86616        0.11527       10.13919       13.56659        6.30146        0.00977        0.00011        0.00063      300.00000        0.19424
   57    1    1     1209.68972     2240.56229      856.34246        1.22607       39.68586        0.00192        0.12604        0.87415       27.90000        0.62735        0.87350        0.86106       14.29117        0.04933        0.00021        0.01310        0.40599       48.62766        0.00288        0.14001       32.75718        0.59008        1.39785        0.40330        6.14561        0.00947        0.00620        0.00269      300.00000      124.66632
   58    1    1     1960.23924     1736.28842      739.85309        1.95387       34.79789        0.00148        0.03726        0.30366       23.80000        0.12143        1.43657        0.29800       12.43112        0.03764        0.03739        0.00571        0.45172       58.01452        0.00410        0.07103        6.84912        0.33453        1.04179        0.44052       12.72728        0.04107        0.03118        0.01120      300.00000      100.91836
   59    1    1     1043.06087     3412.98565     1687.31384        8.86242      212.21858        0.05500        0.01503        0.15849       21.70000        1.85651        1.60421        0.13035        9.89021        0.02335        0.02638        0.02805        1.36218      212.25191        0.05485        0.01510       21.75669        0.15402        2.09783        1.33936        9.89128        0.02504        0.02996        0.02282      300.00000        0.13459
   60    1    1     2885.68921     1655.71569      827.60054        2.90905       37.64513        0.00173        0.01872        1.54588        2.80000        0.00131        0.22436        1.51020        7.43478        0.01314        0.00045        0.03568        0.21212       46.56853        0.00264        0.02003        3.58807        0.01427        1.53821        0.18288        7.07317        0.01286        0.00544        0.02924      300.00000       68.47729
   61    1    1     1796.60649     6069.75805     2809.69758        1.26877       28.14915        0.00097        0.05915        0.06445       10.90000        5.16673        1.71650        0.01807        6.94598        0.01251        0.00270        0.04640        1.91047       34.36955        0.00144        0.05085       20.18022        2.49313        2.51520        1.87108       13.80221        0.04517        0.00675        0.03938      300.00000      126.73762
   62    1    1     3007.31353     3394.05502     1180.56478        1.83020       15.01054        0.00028        0.00794        1.31755       32.70000        2.34080        0.41786        1.31671        4.87938        0.00585        0.00101        0.00085        2.30795       37.93074        0.00176        0.02745       25.76442        0.81837        0.93179        2.30770        3.12842        0.00244        0.00154        0.00025      300.00000      146.56407
   63    1    1     1591.91484     1569.45816      627.57250        1.63938       37.21103        0.00169        0.06123        1.60034        6.70000        0.02247        0.13574        1.59882        7.42752        0.01380        0.00494        0.00154        0.45712       35.74993        0.00156        0.05896       15.06410        0.47441        0.83805        0.45238        5.66724        0.00783        0.00230        0.00473      300.00000      129.07698
   64    1    1     2775.95538    10793.00292     4968.73817        8.63032       86.22208        0.00908        0.00311        0.06746       18.40000       11.13482        1.67037        0.06419        7.37017        0.01364        0.00837        0.00333        2.99419       86.39425        0.00911        0.00331       18.25324        0.17402        9.70684        2.98831        7.37019        0.01369        0.00571        0.00588      300.00000        0.96044
   65    1    1     3925.72225     1729.03185      827.40809        4.95655       76.59244        0.00716        0.02200        0.67248       19.20000        0.05003        1.06467        0.66989       13.20137        0.04370        0.00005        0.00254        0.42854       55.97479        0.00382        0.01060       35.88555        0.49078        0.91531        0.42905        5.72192        0.00813        0.00292       -0.00052      300.00000       48.94691
   66    1    1     1897.66096     6249.94118     2827.27737        5.90104      140.08247        0.02397        0.04486        1.16004       18.80000        5.46165        0.57472        1.15984        4.67275        0.00544        0.01354        0.00017        6.12501      139.41332        0.02370        0.04782       17.38775        0.30092        0.76970        6.12300        4.61218        0.00533        0.01176        0.00201      300.00000        7.08830
   67    1    1     2095.15811     2897.01280     1212.18673        2.25267       33.64985        0.00138        0.02587        1.24342       21.70000        1.62218        0.49297        1.24160        5.98161        0.00896        0.01336        0.00184        1.52896       33.79564        0.00139        0.04193       17.91922        0.30140        1.51883        1.52880        1.22037        0.00037        0.01526        0.00016      300.00000      113.74180
   68    1    1     1439.82377    59386.40943    25482.94426        1.29075       24.56115        0.00074        0.04349        1.45023       14.20000       60.97495        0.34736        1.38720       11.91822        0.03711        0.00224        0.06296       11.32117       41.29439        0.00208        0.22482       43.96699        4.71832       46.52582       11.28981       10.75551        0.02756        0.03632        0.03136      300.00000      161.72100
   69    1    0     5793.96715   427150.62450   166700.62405        7.54801       33.09422        0.00134        0.00101        1.68709       22.80000      419.39652        0.07964        1.65492        6.41130        0.00979        0.00081        0.03211       91.89881        0.00000        0.00000        0.00000       41.75362        0.02561      329.25186       91.89881        0.00000        0.00000        0.00000        0.00000      300.00000        0.00000
   70    1    0     1567.09298  4334902.44737  1418359.83321        5.85636       97.74565        0.01167        0.02235        0.59718       25.30000     3754.76167        1.14266        0.59190        2.85946        0.00206        0.01007        0.00563      550.85444        0.00000        0.00000        0.00000      102.98459        0.04373     3205.91226      550.85444        0.00000        0.00000        0.00000        0.00000      300.00000        0.00000
   71    1    1     3416.84347     1488.88447      646.30555        2.00377       21.89560        0.00059        0.01400        1.19198        8.40000        0.13558        0.54208        1.19248        6.98122        0.01206        0.00363       -0.00073        0.20693       11.65103        0.00017        0.01213       16.86962        0.04218        1.63234        0.20590        3.45865        0.00294        0.00323        0.00103      300.00000      117.20018
   72    1    1     1558.44480     7695.03730     3327.53402        2.95637       72.18882        0.00636        0.06646        0.07762       19.00000        7.21841        1.67648        0.05809       17.14845        0.07064        0.02635        0.01958        2.98939       96.20683        0.01125        0.07627       23.19559        0.48271        5.50752        2.98259       13.35197        0.04499        0.03017        0.00681      300.00000       62.61849
   73    1    1     3352.56566     1799.69610      913.01074        8.64613       67.18500        0.00551        0.00186        0.32214        6.70000        0.27572        1.41192        0.32265        8.88126        0.01952        0.02240       -0.00055        0.09202       67.06988        0.00549        0.00190        6.64639        1.23006        0.69492        0.08528        8.88105        0.01990        0.01478        0.00674      300.00000        3.07083
   74    1    1     1663.53043     3646.22435     1542.38832        3.56504       87.22991        0.00929        0.06383        0.52020       31.60000        2.30729        1.22774        0.50683        8.70018        0.01828        0.02472        0.01342        2.85315       65.62535        0.00523        0.06223       26.41181        0.41146        0.78964        2.82191       13.28535        0.04541        0.00422        0.03123      300.00000       64.00431
   75    1    1     8999.51705     1739.59408      704.11323        1.23719        5.94631        0.00004        0.00278        0.86102       15.80000        0.21559        0.89647        0.83809       15.16448        0.05510        0.00572        0.02299        0.44225       41.93692        0.00215        0.00752       19.86391        0.13832        1.42640        0.42335        7.48029        0.01428        0.00582        0.01890      300.00000       47.86228
   76    1    1     1172.20165     1793.75163      648.71083        8.00321      219.92789        0.05907        0.03315        1.11417       25.30000        0.33228        0.62438        1.11019        8.97711        0.01968        0.02409        0.00400        1.72769      219.73271        0.05885        0.03315       25.40347        0.14712        0.21913        1.70087        8.97690        0.02068        0.00020        0.02682      300.00000        0.43758
   77    1    1     2830.38216    16288.00234     7433.58540        3.26725       38.91899        0.00185        0.01548        1.10619       16.40000       16.49070        0.62920        1.10537       12.90725        0.04161        0.00320        0.00080        5.93514       26.00332        0.00082        0.04308       27.24136        0.04803       12.24807        5.93411        7.23274        0.01307        0.00001        0.00104      300.00000       73.96264
   78    1    1     1247.63306     4217.52122     1342.05324        7.27171      217.58936        0.05782        0.05153        0.82030       47.60000        2.89795        0.91410        0.82047        6.94579        0.01190        0.00002       -0.00019        2.00040      217.38504        0.05766        0.05104       47.72453        1.43385        1.19856        2.00071        6.95244        0.01194        0.00017       -0.00031      300.00000        0.96727
   79    1    1     6349.80181     4687.05706     2171.39953        8.26640       39.34249        0.00189        0.00088        0.91697       29.90000        3.60350        0.83698        0.89759       11.77489        0.03331        0.00008        0.01941        3.86560       40.28897        0.00198        0.00082       29.88886        0.29874        1.19306        3.84626       11.77533        0.03331        0.00012        0.01934      300.00000        1.47597
   80    1    1     3067.98746     1655.82799      622.94455        6.54527       90.31947        0.00996        0.01329        1.52696       25.60000        0.12170        0.21334        1.52123        9.71749        0.02380        0.01595        0.00577        1.18024       89.82690        0.00985        0.01209       26.05913        0.11007        0.57501        1.17240        9.71822        0.02294        0.01479        0.00784      300.00000        4.33652
   81    1    1     1998.59211     1721.70388      589.10137        0.22165        3.28726        0.00001        0.02685        1.13964       17.40000        0.13950        0.59500        1.13956       20.49692        0.10352        0.03022        0.00014        0.11156       36.89242        0.00165        0.06258       32.54022        0.16664        1.67843        0.08328        6.73143        0.01082        0.00306        0.02829      300.00000      151.05343
   82    1    1     1931.82665     3029.37690     1030.78412        7.22244      139.26195        0.02369        0.02172        1.32510       37.20000        1.68937        0.43984        1.29473        3.19424        0.00262        0.01448        0.03038        1.93907      140.05693        0.02394        0.02188       37.12238        0.75448        0.75243        1.91675        3.16746        0.00240        0.02262        0.02233      300.00000        0.21391
   83    1    1     1846.22183     1847.38291      763.62218        6.88841      149.37008        0.02725        0.03018        1.05634       11.30000        0.37841        0.70102        1.03354        7.97148        0.01523        0.02469        0.02274        0.87518      148.95924        0.02699        0.03091       10.81056        0.28813        0.99434        0.82995        7.98360        0.01507        0.00250        0.04524      300.00000        2.90088
   84    1    1     2888.29913    12879.71772     6083.63554        7.32694       95.40369        0.01112        0.00959        0.03881       15.80000       13.03374        1.71238        0.02219        7.03635        0.01192        0.00514        0.01668        2.93365       93.86778        0.01076        0.00890       16.44276        0.16065       11.69639        2.91225        7.03896        0.01189        0.00044        0.02140      300.00000        1.99328
   85    1    1     2227.00970     1619.62482      671.00198        3.27417       68.86146        0.00579        0.04823        0.36352        6.90000        0.19676        1.37904        0.35553       10.81266        0.02839        0.00128        0.00801        0.92464       69.24146        0.00584        0.04193       19.92067        0.07092        0.95066        0.92271        9.82417        0.02366        0.00536        0.00193      300.00000       26.96767
   86    1    1     1405.34658     1508.74656      587.90393        7.81428      187.02683        0.04272        0.02724        1.02216        5.50000        0.00200        0.71188        1.02268        2.24160        0.00124        0.01886       -0.00055        0.24472      186.81636        0.04255        0.02714        5.99571        0.00329        1.50705        0.22653        2.24702        0.00129        0.00007        0.01819      300.00000        0.19244
   87    1    1     6468.22522     4476.67796     2217.33765        0.34128        4.56073        0.00003        0.02179        0.76432       17.80000        3.31707        0.97356        0.76100        6.84902        0.01178        0.01897        0.00327        0.11812       18.23396        0.00041        0.00325       20.80668        3.77396        1.16719        0.11394       10.23907        0.02559        0.01898        0.00418      300.00000       93.24634
   88    1    1     2750.35765    88103.38275    37217.68317        6.89468       97.43309        0.01159        0.01280        0.31681       10.30000       90.02946        1.41846        0.31611       21.46795        0.11507        0.00355        0.00072       22.73393       96.66510        0.01141        0.01338        8.85199        0.00359       69.03302       22.72698       21.46955        0.11208        0.00039        0.00695      300.00000        1.34635
   89    1    1     2626.94594     2330.00122     1083.77365        0.85073       13.58973        0.00023        0.03094        0.10686       13.60000        0.77819        1.67778        0.05679        7.98181        0.01502        0.08610        0.05011        0.65988       24.70542        0.00075        0.01997       25.69710        0.02972        1.84819        0.66017        1.90956        0.00090        0.13570       -0.00028      300.00000      140.78758
   90    1    1     2561.45734     8024.27084     3825.59708        3.19074       35.23687        0.00152        0.01338        1.33951       24.50000        7.57289        0.39638        1.33818       20.06871        0.09887        0.00014        0.00129        6.06819       19.57631        0.00047        0.06653       29.79755        1.04013        2.18446        6.06876       15.22641        0.05739        0.00550       -0.00058      300.00000      107.08435
   91    1    1     1526.26068     1547.92729      640.30781        0.87350       18.95907        0.00044        0.05710        0.22033       17.90000        0.03233        1.51796        0.21661        7.87823        0.01559        0.00096        0.00362        1.14675       25.11132        0.00077        0.07298       11.18232        0.00762        0.60060        1.14722        6.54796        0.01061        0.00538       -0.00048      300.00000      151.42575
   92    1    1     1613.04857     4804.79301     2152.98953        1.64166       36.66266        0.00164        0.05927        1.07075       25.10000        3.69681        0.67567        1.05889        3.55613        0.00321        0.00789        0.01182        4.33258       34.70008        0.00147        0.04496       21.61898        0.34989        0.75653        4.31398       10.71417        0.02929        0.00054        0.01859      300.00000      131.25818
   93    1    1     3854.03425    18234.52098     7960.31787        5.45711       49.06347        0.00294        0.00693        0.95643       27.00000       18.56988        0.77982        0.95474        7.39527        0.01369        0.02434        0.00178       15.57207       50.90600        0.00316        0.01436       23.18388        0.02109        4.71120       15.56841        6.85926        0.01182        0.02037        0.00367      300.00000       31.55106
   94    1    1     6120.63622     4200.39214     1825.28074        5.68599       50.21825        0.00308        0.00645        0.19457       36.00000        3.24872        1.54919        0.18537        5.93939        0.00856        0.01116        0.00914        0.90919       50.23025        0.00308        0.02455       41.40466        1.79077        2.27457        0.89631        7.42408        0.01332        0.00624        0.01288      300.00000       64.35921
   95    1    1     1560.58014     1859.96484      602.47227        6.68243      171.07561        0.03574        0.04430        0.38139       26.80000        0.36020        1.38941        0.34516       15.82347        0.06460        0.03727        0.03629        1.35845      171.64787        0.03592        0.04552       26.27294        0.31995        0.43683        1.33659       15.82304        0.06403        0.05223        0.02186      300.00000        0.24227
   96    1    1     3967.68002     1742.58036      877.90061        5.80863      101.14267        0.01249        0.02454        0.44790        4.00000        0.00093        1.29135        0.44322       14.33567        0.05171        0.00087        0.00463        0.68305       93.64437        0.01071        0.01932       12.21970        0.00828        1.05660        0.67757       14.34422        0.05183        0.00000        0.00547      300.00000       96.87313
   97    1    1     2813.43333     1541.92783      649.96636        6.23125       98.26315        0.01179        0.01858        0.63384       19.70000        0.09889        1.10156        0.63301        6.79004        0.01133        0.00013        0.00081        0.51920      100.35641        0.01226        0.02080       18.12173        0.13155        1.17954        0.51932        6.90817        0.01177        0.00102       -0.00012      300.00000        9.54021
   98    1    1     1491.85789    40558.82309    16024.23109        7.65692      176.80313        0.03818        0.02694        1.32217       32.30000       41.73553        0.44712        1.28744       14.12822        0.05146        0.00345        0.03470       10.67822      177.16054        0.03832        0.02699       32.26119        0.18730       32.61378       10.66891       14.12850        0.05052        0.02972        0.00931      300.00000        0.53007
   99    1    1     1383.95889     9556.40052     4497.06305        7.62451      191.11885        0.04461        0.03213        0.17576       29.60000        9.52849        1.56014        0.17443        2.41515        0.00146        0.02093        0.00126        5.68755      191.46618        0.04465        0.03247       29.48607        0.74762        4.84913        5.66597        2.41485        0.00140        0.00069        0.02158      300.00000        0.64722
  100    1    1     1819.45310     1738.91609      780.11159        2.03289       53.39480        0.00348        0.08077        0.21490       12.80000        0.07674        1.52740        0.20717        4.58672        0.00511        0.00085        0.00772        0.41326       27.12804        0.00090        0.04370       25.18849        1.35578        0.04296        0.40558       14.43813        0.05266        0.00000        0.00767      300.00000      107.41968
