    1    1    1     3343.36216     1513.84717      586.61682        2.39073       20.60678        0.00052        0.00856        0.18320       20.70000        0.13944        1.58038        0.15419        6.86042        0.01209        0.00065   -33197.35480        0.47414       29.78522        0.00108        0.01795       16.81415        0.05217        1.36557        0.44608        6.62190        0.01126        0.00267        0.02806      300.00000      119.03954
    2    1    1     7036.19094     1368.28292      620.23233        2.52684       22.61549        0.00062        0.00916        1.51192        5.90000        0.00252        0.22663        1.50793        2.44799        0.00146        0.00003        0.00403        1.02101       19.87633        0.00048        0.02059        6.57559        0.06308        0.64029        1.02000        3.99254        0.00392        0.00300        0.00101      300.00000       22.40802
    3    1    1     1977.56808     1602.77598      611.01826        6.18064      133.69428        0.02183        0.03532        1.31155        2.50000        0.00564        0.42257        1.31199       17.36370        0.07461        0.00343       -0.00048        1.07330      134.15003        0.02193        0.03532        2.28089        0.00881        0.65857        1.07278       17.36469        0.07419        0.00284        0.00052      300.00000        1.07617
    4    1    1     2295.30123    21501.66968     9759.04955        6.80819      116.80848        0.01666        0.01929        0.18055       43.90000       21.89600        1.55944        0.17512        3.11259        0.00244        0.00861        0.00538        9.37994      116.71900        0.01661        0.01958       43.85867        0.66727       13.59708        9.36595        3.14165        0.00251        0.00001        0.01399      300.00000        0.65350
    5    1    1     1559.11184    70165.08856    29315.72738        8.41063      157.56559        0.03032        0.01254        0.24557       21.00000       71.59302        1.48875        0.24581        7.05966        0.01231        0.00275       -0.00025       34.50535      157.29024        0.03020        0.01216       21.20339        0.02398       38.80102       34.50321        7.05718        0.01220        0.00039        0.00214      300.00000        0.25365
    6    1    1     1084.79380   503438.00203   196839.88594        8.92910      199.21241        0.04847        0.01232        0.82967       18.00000      490.77493        0.90439        0.83017        4.88309        0.00591        0.02073       -0.00056      448.37901      199.21647        0.04847        0.01229       17.95377        0.12386       44.01119      448.37452        4.88266        0.00600        0.01560        0.00450      300.00000        0.13671
    7    1    1     1216.51975     1668.65681      561.92492        7.70166      217.90950        0.05799        0.03978        1.39270       24.70000        0.08094        0.34138        1.39318       16.89799        0.07074        0.00183       -0.00054        0.29079      217.62239        0.05757        0.03960       24.97233        0.14466        1.38143        0.29010       16.89792        0.07128        0.00003        0.00068      300.00000        0.20070
    8    1    1     2538.78307     2341.26324      968.25740        4.61158       75.56018        0.00697        0.02582        0.63906        5.20000        0.92530        1.10949        0.62507       17.11916        0.07073        0.00040        0.01394        1.09534       72.50408        0.00641        0.02960        5.10030        0.05015        1.52767        1.08230       16.82857        0.06840        0.00019        0.01304      300.00000       26.97107
    9    1    1     2355.78220    29652.27480    12004.41990        4.40709       92.28678        0.01040        0.04315        1.36443       32.40000       30.79118        0.42030        1.31427        4.11378        0.00399        0.00206        0.05011       14.08303      100.60535        0.01233        0.04269       30.75580        0.43818       18.01725       14.06712        4.77485        0.00549        0.03657        0.01590      300.00000       14.24849
   10    1    1     1826.75413     1538.02654      605.07481        7.28738      146.88533        0.02635        0.02327        1.53882       27.60000        0.04689        0.20194        1.53262        2.23093        0.00121        0.01301        0.00618        0.57852      146.92469        0.02636        0.02331       27.56477        0.05270        1.15516        0.57349        2.22925        0.00121        0.01424        0.00503      300.00000        0.19529
   11    1    1      934.26544     3082.08091      548.75357        8.86658      236.50744        0.06832        0.01858        1.45225       31.70000        1.60281        0.28269        1.45187       10.82211        0.02883        0.00045        0.00038        1.26818      236.58082        0.06819        0.01875       31.69451        1.88834        0.18136        1.26765       10.82228        0.02881        0.00029        0.00054      300.00000        0.17219
   12    1    1     1984.05597     2114.98411      795.31221        0.48049        6.37753        0.00005        0.02147        0.67404       12.80000        0.66770        1.08330        0.65127       11.69049        0.03275        0.00911        0.02282        1.09409       20.63945        0.00052        0.12057       18.70752        0.48228        0.78491        1.06558        4.31672        0.00445        0.00160        0.02850      300.00000      163.97112
   13    1    1     1892.78119     2206.85844      903.61530        7.86887      139.04202        0.02361        0.01452        0.93027       40.50000        0.65010        0.81056        0.92401        6.25321        0.00986        0.00000        0.00625        0.29973      138.80992        0.02347        0.01459       40.51182        1.66769        0.41724        0.29979        6.25004        0.00963        0.00656       -0.00006      300.00000        0.20796
   14    1    1     1958.81555    38551.70962    15217.49442        4.24976       94.22250        0.01084        0.04919        0.81619       27.30000       40.17503        0.94367        0.79089       12.97040        0.04313        0.02648        0.02531       29.76177      101.76695        0.01263        0.06791       33.38065        0.32259       11.82511       29.74373       11.05723        0.03118        0.04337        0.01804      300.00000        6.30622
   15    1    1     2136.74769     1487.67328      624.17971        8.32825      117.93263        0.01699        0.00750        0.26501        5.70000        0.10428        1.48228        0.25228       11.55067        0.03224        0.00007        0.01273        1.65260      117.90367        0.01697        0.00731        6.15604        0.04430        0.14288        1.65193       11.55098        0.03280        0.01150        0.00066      300.00000        1.38367
   16    1    1     1464.42594     1975.90898      656.12699        2.40273       70.45138        0.00606        0.09894        0.73763       33.60000        0.31312        1.03485        0.69972       14.06309        0.05107        0.01672        0.03786        0.98616       64.08382        0.00500        0.08350       44.49327        0.30199        0.82394        0.93148       14.88724        0.05770        0.00011        0.05468      300.00000       80.64693
   17    1    1     1769.82135   550055.23088   215427.58674        8.66658      131.35659        0.02107        0.00698        0.89930       32.80000      535.98810        0.84921        0.88536        8.58292        0.01873        0.00261        0.01386      113.69903      131.36165        0.02107        0.00694       32.77763        7.59705      416.43403      113.69152        8.58528        0.01861        0.00914        0.00752      300.00000        0.12141
   18    1    1     2185.37919    21304.27763     9302.82956        7.42155      124.17968        0.01883        0.01536        1.08067       17.60000       21.67794        0.65333        1.08124       10.03052        0.02496        0.00021       -0.00051        9.43361      123.97661        0.01875        0.01536       17.73150        0.06074       13.91767        9.43417       10.02963        0.02494        0.00023       -0.00056      300.00000        1.45518
   19    1    1     1120.69009     6371.28686     3042.96982        7.57514      239.76883        0.07021        0.05215        0.35775       29.60000        5.64006        1.39478        0.33978        3.27188        0.00257        0.00918        0.01793        4.54881      239.67270        0.06994        0.05263       29.49718        0.40867        2.41798        4.54768        3.28640        0.00265        0.02603        0.00112      300.00000        0.61000
   20    1    1     4658.54701     1512.72607      650.17638        3.33404       45.61749        0.00254        0.02032        0.80381       20.30000        0.02149        0.93236        0.80220        2.83768        0.00198        0.00180        0.00168        1.29483       39.28805        0.00188        0.01550       24.65110        0.08266        0.37814        1.29221        6.78642        0.01127        0.00001        0.00262      300.00000       46.74358
   21    1    1     1503.77370     9770.52123     4202.79506        1.31546       37.15579        0.00169        0.09575        0.63720       23.10000        9.27930        1.10430        0.63027       19.61622        0.09357        0.00087        0.00691        8.43445       70.06168        0.00598        0.08544       31.46998        0.46364        2.10105        8.42752       20.63178        0.10350        0.01861        0.00693      300.00000       95.71601
   22    1    0     1792.71386  3370815.84940  1135576.18752        6.22370       67.75415        0.00561        0.00887        0.05280       26.90000     2942.87563        1.68521        0.04936       11.99934        0.03519        0.00358        0.00341      133.49162        0.00000        0.00000        0.00000       46.62394        0.05220     2811.11053      133.49162        0.00000        0.00000        0.00000        0.00000      300.00000        0.00000
   23    1    1     2728.52113     6536.16880     2934.60626        3.04061       30.34970        0.00112        0.01104        0.15351       23.80000        5.88075        1.58051        0.15406       13.92533        0.04800        0.00350       -0.00023        3.18848       40.78728        0.00202        0.06262       17.03966        0.06345        4.36138        3.18651        0.36326        0.00003        0.00046        0.00197      300.00000      108.77718
   24    1    1    11713.18503     3538.58246     1409.84923        1.31419       11.15303        0.00015        0.00864        1.43874       19.60000        2.62914        0.33657        1.39799        9.43728        0.02110        0.00006        0.04074        0.65153       28.81451        0.00101        0.00309       10.82146        0.50584        3.22690        0.62982       10.37726        0.02583        0.02022        0.02171      300.00000      104.50003
   25    1    1     2006.55049   137917.16832    55980.91703        4.14427       93.10268        0.01059        0.05105        0.75518       16.10000      138.70124        1.04375        0.69082        9.45180        0.02335        0.00650        0.06444       56.66957       90.12028        0.00990        0.03587       15.96186        0.05733       83.72176       56.66861       10.19204        0.02552        0.07165        0.00096      300.00000       30.64329
   26    1    1     2847.99112     1881.55436      730.85217        1.99328       28.78720        0.00101        0.02446        0.22814       13.70000        0.49165        1.56278        0.17179       11.89445        0.03686        0.00284        0.05637        1.22419       37.38014        0.00170        0.01559       20.34183        0.06504        0.99447        1.17607       11.70201        0.03232        0.01443        0.04812      300.00000       86.62311
   27    1    0     1205.18032  7902461.91686  2679991.18646        5.77686       81.91982        0.00820        0.01636        1.42030       28.40000     6789.05553        0.32138        1.41319       12.24336        0.03784        0.01720        0.00705     1056.53692        0.00000        0.00000        0.00000       67.92978        0.07400     5734.15710     1056.53692        0.00000        0.00000        0.00000        0.00000      300.00000        0.00000
   28    1    1     1876.49298     1907.65458      383.26844        3.29549       80.51698        0.00792        0.06499        1.36152       14.80000        0.45762        0.37771        1.35685        9.13633        0.02100        0.00798        0.00267        0.97978      101.92561        0.01267        0.05133       27.66592        1.12824        0.11400        0.97628        3.50386        0.00300        0.00972        0.00351      300.00000       26.09453
   29    1    1     1514.06135     1871.42543      821.17661        2.97974       75.11815        0.00689        0.07073        0.44754        4.00000        0.00307        1.28749        0.44707       22.17505        0.12098        0.00071        0.00053        1.16682       63.91706        0.00496        0.07102       20.79184        0.02123        0.57279        1.16664       20.16840        0.10022        0.00037        0.00018      300.00000       85.07726
   30    1    1      947.94338     1712.41478      611.05505        8.10768      271.14796        0.08979        0.04681        1.14369       18.50000        0.13894        0.60779        1.12678        6.95978        0.01166        0.01680        0.01699        1.04986      271.09469        0.08971        0.04705       18.39759        0.09726        0.75980        1.01625        6.95938        0.01152        0.00027        0.03361      300.00000        0.36126
   31    1    1      967.72211     1709.70998      764.30686        8.84315      229.40000        0.06427        0.01792        0.99537       14.10000        0.03982        0.76807        0.96649        6.77683        0.01096        0.00417        0.02889        0.70421      229.42562        0.06416        0.01812       13.99253        0.07610        1.00221        0.69593        6.77858        0.01161        0.02418        0.00828      300.00000        0.32572
   32    1    1     1551.36083     1613.52194      588.45491        8.99666      137.52631        0.02310        0.00544        0.95576       14.40000        0.10674        0.79481        0.93976       14.68534        0.05491        0.03405        0.01606        0.38370      137.35982        0.02303        0.00549       14.40928        0.08285        1.40565        0.35282       14.68504        0.05547        0.01862        0.03089      300.00000        0.28043
   33    1    1     3013.57637     4911.80267     2400.40228        3.25303       29.47858        0.00106        0.00897        0.02119       23.60000        4.17156        1.71340        0.02117        7.50813        0.01404        0.00605        0.00006        1.42582       35.46069        0.00154        0.03695       19.15398        0.44320        4.00627        1.42441        8.35384        0.01712        0.00538        0.00141      300.00000       92.81592
   34    1    1     4797.86795    77161.10715    33035.00819        7.18383       57.86827        0.00409        0.00384        1.10614       21.00000       79.54946        0.63989        1.09468        3.63471        0.00335        0.01010        0.01136       15.67777       57.64787        0.00406        0.00394       21.30434        0.21906       65.40026       15.66468        3.62261        0.00333        0.00844        0.01309      300.00000        2.63234
   35    1    1     2188.90607     1454.62349      628.39980        2.93457       61.07892        0.00456        0.04835        1.00544        1.40000        0.00022        0.72905        1.00551        2.52640        0.00157        0.00774       -0.00008        0.37539       57.34879        0.00401        0.02711       16.76977        0.09967        1.27784        0.36935        6.89461        0.01198        0.00094        0.00604      300.00000       59.05911
   36    1    0      412.76280125246118.19901 43450724.19130        1.39255       25.54063        0.00080        0.04029        0.37830       29.40000   110831.15641        1.35617        0.37844       11.39606        0.03231        0.00059       -0.00018    34824.07564        0.00000        0.00000        0.00000       41.74572        0.00396    76008.88825    34824.07564        0.00000        0.00000        0.00000        0.00000      300.00000        0.00000
   37    1    1     3995.63035     3879.54441     1107.47392        6.08125       72.34623        0.00639        0.01089        1.31653       28.50000        2.97476        0.41866        1.31590        2.63821        0.00171        0.00769        0.00094        1.94973       73.80098        0.00665        0.01164       28.18820        1.08226        1.68121        1.94497        2.61656        0.00167        0.00350        0.00476      300.00000       17.59930
   38    1    1     2469.83044     3503.14441     1388.58546        2.01952       29.05669        0.00103        0.02425        1.28861       28.20000        2.36674        0.44836        1.28620       14.33103        0.05147        0.01564        0.00231        1.44685       49.30758        0.00297        0.03694       19.29993        0.46103        2.19119        1.43046       14.95923        0.05700        0.00014        0.01638      300.00000       86.18057
   39    1    1     2196.06505     1603.08181      686.50745        6.19170      120.09343        0.01761        0.02833        1.48448       19.20000        0.10552        0.25992        1.47465       15.18612        0.05589        0.00379        0.00991        0.36778      121.09650        0.01782        0.02937       18.54267        0.11552        1.35589        0.36742       15.18640        0.05677        0.01238        0.00036      300.00000        1.78052
   40    1    1     5862.45383     1633.25597      580.17102        3.34694       61.39370        0.00460        0.03649        1.02507       17.10000        0.06606        0.72277        1.01180       14.55908        0.05385        0.01750        0.01326        0.52126       72.15387        0.00634        0.01185       32.80403        0.50475        0.81654        0.51199       13.00230        0.04278        0.02282        0.00927      300.00000      151.05645
   41    1    1     3738.71430    37364.14185    17138.81530        7.35941       75.10611        0.00689        0.00583        0.98796       15.10000       38.77670        0.74984        0.98472       13.11795        0.04320        0.06467        0.00322        3.15008       74.86836        0.00684        0.00670       14.37386        0.07998       37.31060        3.11988       13.11305        0.04100        0.03985        0.03019      300.00000        4.34538
   42    1    1     2105.73872     2688.83153      805.65706        6.40188      126.82897        0.01965        0.02829        0.59903       32.10000        1.37470        1.20572        0.52885        2.28677        0.00122        0.00225        0.07020        1.47742      127.71998        0.01991        0.02763       32.21638        0.95009        0.73032        1.42923        2.28711        0.00136        0.02412        0.04819      300.00000        1.05687
   43    1    1     1660.63646     1843.44983      807.62389        6.01965      160.27886        0.03138        0.05521        1.55046       26.20000        0.03342        0.18509        1.54947       12.86521        0.04135        0.09769        0.00098        0.33300      160.00361        0.03122        0.05478       26.14722        0.03764        1.49692        0.23332       12.97324        0.03887        0.00216        0.09968      300.00000        3.84500
   44    1    1     1916.49184     1656.29820      649.25579        3.35582       60.54645        0.00448        0.03528        0.71083       23.40000        0.26605        1.03680        0.69776        8.26759        0.01651        0.00691        0.01309        0.38862       64.92761        0.00514        0.04535       18.09992        0.36352        1.25281        0.37756        7.02430        0.01251        0.00892        0.01107      300.00000       77.09515
   45    1    1     3307.77185     3131.25518     1108.16216        4.44554       39.51363        0.00191        0.00774        0.62958       35.20000        1.66859        1.10559        0.62897       20.68361        0.10679        0.00009        0.00060        2.32339       54.12410        0.00356        0.03890       34.04673        0.76681        0.26391        2.32288       22.24308        0.12343        0.00029        0.00051      300.00000       44.58419
   46    1    1     2137.45939     1717.36148      878.70012        2.84108       49.72657        0.00302        0.03439        1.53942        3.30000        0.00311        0.27717        1.45739        3.44386        0.00276        0.00470        0.08209        0.18230       52.03592        0.00330        0.03175        1.52312        0.33597        1.29468        0.10714        4.67325        0.00573        0.01083        0.07516      300.00000       82.27301
   47    1    1     5284.33723     4273.06680     1848.13024        0.52044        8.14587        0.00008        0.02984        0.66567       20.40000        3.27426        1.08189        0.65268        1.03793        0.00027        0.04584        0.01295        0.98112        9.93189        0.00012        0.01010       19.50517        0.48563        3.57973        0.94534        9.36377        0.02083        0.02033        0.03578      300.00000       75.85840
   48    1    1     1774.90444     2179.83136     1020.52293        0.62024       20.31907        0.00050        0.13057        0.59286       21.70000        0.44386        1.17310        0.56147        7.57009        0.01365        0.02001        0.03141        1.89035       24.87824        0.00075        0.02794       35.76970        0.09819        0.28147        1.86437       14.43466        0.04982        0.02603        0.02598      300.00000      138.15021
   49    1    1     1336.05008     8452.90661     3909.22729        0.32663        8.03081        0.00008        0.07375        0.22551       18.70000        7.86659        1.54253        0.19203       14.16558        0.05170        0.03497        0.03352        0.44178       29.50924        0.00105        0.12863       26.74819        2.74108        6.37383        0.40161       18.93407        0.09269        0.01608        0.04016      300.00000      162.27024
   50    1    1     1451.25116     2158.88612      828.77412        1.21038       26.91063        0.00088        0.05949        0.25078       14.40000        0.87782        1.48904        0.24553        5.20660        0.00661        0.00008        0.00527        1.22648       33.50752        0.00136        0.06403        6.67999        0.06417        1.31688        1.22027        6.60743        0.01101        0.00076        0.00621      300.00000      140.91632
   51    1    1     2742.75496     1465.07115      649.02005        1.60657       27.08880        0.00090        0.03383        0.89964       19.70000        0.05156        0.84161        0.89296        3.69353        0.00344        0.03152        0.00676        1.13271       13.43306        0.00022        0.01497       20.70404        0.02066        0.65021        1.12321        8.00887        0.01555        0.02818        0.00949      300.00000      129.94387
   52    1    1     2740.56177     1408.81613      587.34086        7.89546       92.84924        0.01053        0.00636        0.80747        2.00000        0.00783        0.93139        0.80318        3.91824        0.00386        0.00251        0.00428        0.30230       93.42366        0.01065        0.00619        2.47220        0.29611        1.14371        0.30268        3.92267        0.00380        0.00718       -0.00037      300.00000        2.04619
   53    1    1     9018.97161     3605.37775     1797.81835        1.57707       13.14380        0.00021        0.00827        0.57754       19.40000        2.27051        1.16774        0.56683        3.41973        0.00296        0.02376        0.01065        3.66081       14.12235        0.00024        0.00753       18.11639        0.10784        0.24194        3.65320        4.91009        0.00586        0.02683        0.00762      300.00000       65.00812
   54    1    1     4837.89704     2218.86905      755.07369        2.41564       13.91009        0.00024        0.00381        1.07209       26.20000        0.74218        0.72678        1.00778       19.50431        0.09944        0.00583        0.06431        1.35906       53.88151        0.00354        0.01079       17.51017        0.26473        0.85585        1.33440       20.52462        0.10795        0.04846        0.02466      300.00000       55.16470
   55    1    1     2449.93416     1608.28111      605.01942        4.19224       83.95657        0.00861        0.04037        0.42883        9.40000        0.18937        1.31162        0.42294        8.14806        0.01616        0.00775        0.00590        0.71561       88.00921        0.00944        0.03238        3.03433        0.06625        1.14803        0.70508       10.59979        0.02721        0.00380        0.01053      300.00000       10.84268
   56    1    1     6840.67896     1676.91218      615.74612        5.92361       56.78964        0.00394        0.00729        1.49762       10.40000        0.37572        0.26736        1.46721        2.19922        0.00124        0.01400        0.03042        1.39623       47.80441        0.00279        0.00462       14.55805        0.28747        0.43621        1.39165        0.40299        0.00004        0.03981        0.00458      300.00000      104.57021
   57    1    1     2345.05665     2901.06912     1214.36302        5.50818      120.96370        0.01787        0.04103        1.11388        7.80000        1.71752        0.62047        1.11410        2.56791        0.00163        0.02403       -0.00026        2.73225      119.94238        0.01746        0.03615       11.96393        0.05429        0.67409        2.72764        3.51143        0.00301        0.01918        0.00461      300.00000       25.02768
   58    1    1     1461.03547     1747.47512      622.92132        1.35665       37.03072        0.00167        0.08932        0.67817        3.50000        0.28828        1.06954        0.66503        7.75584        0.01453        0.00518        0.01313        0.99745       41.07639        0.00205        0.09494       10.15195        0.06126        0.96369        0.99773        5.28340        0.00689        0.02040       -0.00028      300.00000      118.52074
   59    1    1     2113.04375     2215.92156      641.28776        6.45404      127.85056        0.01996        0.02796        1.44180       34.90000        0.76386        0.32119        1.41337        4.77182        0.00544        0.03005        0.02841        0.45279      128.29907        0.02010        0.02764       34.98593        1.07577        0.98610        0.43686        4.74412        0.00542        0.04245        0.01593      300.00000        2.75624
   60    1    1     2531.44025    74501.98793    30247.57827        2.37618       41.42356        0.00210        0.03502        0.28297       22.30000       76.48553        1.45213        0.28243       14.52579        0.05190        0.02359        0.00055       27.34200       33.12016        0.00134        0.01436       27.49973        0.14318       50.74106       27.33232       18.23938        0.08063        0.01064        0.00968      300.00000      110.12648
   61    1    1     1810.49512     1768.69617      649.41226        2.54746       55.64413        0.00378        0.05449        0.96419       21.00000        0.38421        0.77072        0.96384        5.89586        0.00867        0.00199        0.00029        1.56382       47.26663        0.00271        0.05328        6.92762        0.08707        0.43287        1.56153       13.88304        0.04830        0.00001        0.00229      300.00000       93.83288
   62    1    1     3252.94680     1836.85503      898.77327        3.96914       78.71190        0.00757        0.04046        0.48084        9.30000        0.19976        1.26326        0.47130        3.99612        0.00404        0.02875        0.00949        1.22838       56.46599        0.00389        0.01466       14.79009        0.02774        0.71388        1.20220        9.95422        0.02369        0.01247        0.02618      300.00000       21.18225
   63    1    1     1969.91336     1775.04662      675.63658        1.77798       43.88734        0.00235        0.07206        1.47697       15.70000        0.22990        0.25931        1.47525        3.44072        0.00296        0.01109        0.00178        0.91952       49.41020        0.00297        0.02596       32.97318        0.36582        0.73346        0.90779        4.95719        0.00623        0.00069        0.01173      300.00000       96.59957
   64    1    1     2902.78969     2032.70362      969.06046        3.88289       58.82413        0.00423        0.02380        0.09965        1.50000        0.51796        1.64919        0.08537        8.90366        0.01913        0.00000        0.01423        0.21619       65.02401        0.00516        0.02689       20.65829        0.62556        1.43388        0.20267        4.93172        0.00587        0.00040        0.01351      300.00000       17.27525
   65    1    1     5003.35645     2191.63204      825.28172        3.10905       18.80601        0.00043        0.00404        1.38603       22.20000        0.83715        0.34839        1.38617       14.12823        0.04967        0.04006       -0.00010        1.54007       48.96540        0.00292        0.01017       34.82598        0.21465        0.89296        1.49965        2.92414        0.00221        0.00277        0.04042      300.00000       73.37189
   66    1    1     1857.51104    12707.75238     5755.41441        1.25556       21.47277        0.00056        0.03516        0.10769       15.00000       12.48004        1.62671        0.10786       22.66673        0.12786        0.00004       -0.00016        5.14614       32.50348        0.00129        0.07279        6.94153        0.06515        8.96283        5.14631       22.92319        0.12964        0.00023       -0.00017      300.00000      129.58067
   67    1    1     1802.33143     1520.38092      701.62850        8.79020      123.44465        0.01861        0.00548        0.62467        5.20000        0.00833        1.10954        0.62502        7.89674        0.01541        0.00021       -0.00041        0.59751      123.19890        0.01852        0.00547        5.40349        0.02986        1.11521        0.59794        7.89638        0.01542        0.00027       -0.00043      300.00000        1.12805
   68    1    1     1232.39054     2539.77412      897.52254        6.99372      220.59707        0.05943        0.06208        0.15808       29.80000        1.01892        1.58281        0.15175       13.52371        0.04451        0.00229        0.00631        1.23204      220.01319        0.05893        0.06168       30.10369        0.89410        0.63619        1.22412       13.52388        0.04442        0.00076        0.00792      300.00000        0.69880
   69    1    1     2510.98544     1618.63178      756.33243        2.27698       32.13897        0.00126        0.02307        0.27756       13.00000        0.07461        1.46354        0.27103        4.67625        0.00532        0.00002        0.00648        0.52647       30.36893        0.00113        0.02149       10.04907        0.06401        1.21908        0.52304        6.54530        0.01076        0.00245        0.00343      300.00000      109.41140
   70    1    1     2067.40708     1763.49451      583.55130        2.83477       42.48788        0.00220        0.02523        0.68688       30.50000        0.23935        1.04782        0.68674       13.66128        0.04650        0.05685        0.00014        1.45251       41.40772        0.00208        0.07512       10.13123        0.21103        0.23846        1.45219       16.59726        0.06782        0.05782        0.00031      300.00000       95.82114
   71    1    1     1827.54670   349056.64900   134692.05272        8.48065      131.99958        0.02128        0.00831        0.09108       23.60000      344.13203        1.66492        0.06965       13.21655        0.04466        0.02949        0.02142      208.88897      131.80621        0.02122        0.00830       23.59581        0.10615      136.91107      208.84944       13.20995        0.04138        0.01461        0.03954      300.00000        0.37473
   72    1    1     5751.78149    12404.73863     5313.75156        3.60377       27.37097        0.00091        0.00613        1.03664        8.30000       12.58418        0.70735        1.02722       15.24354        0.05881        0.00086        0.00935        2.46634       43.80439        0.00234        0.00596        5.25460        0.02656       11.84049        2.45002       13.99514        0.04717        0.00601        0.01632      300.00000       15.36130
   73    1    1     1559.72284     2792.34937      986.85066        1.95862       53.44455        0.00349        0.08745        0.49757       23.20000        1.43328        1.24011        0.49446        0.82866        0.00017        0.00007        0.00307        0.46443       32.45373        0.00128        0.04035       37.17156        1.47981        1.27018        0.46429        3.35806        0.00278        0.00330        0.00014      300.00000      122.53644
   74    1    1     1786.60805     2005.66294      648.53035        8.39329      136.57398        0.02278        0.00956        0.54290       24.30000        0.59282        1.20656        0.52800       14.85019        0.05610        0.00043        0.01496        0.71577      136.81018        0.02284        0.00972       24.21824        0.35652        1.26896        0.70170       14.84992        0.05606        0.00128        0.01406      300.00000        0.63402
   75    1    1     1035.56200     7561.45145     3252.42461        2.16197       75.77205        0.00701        0.14301        1.45114       19.70000        6.66916        0.29779        1.43678        6.91733        0.01217        0.01289        0.01437        2.36464       38.07929        0.00177        0.29411       31.13056        2.28690        3.60389        2.36488        6.75270        0.01134        0.03053       -0.00024      300.00000      111.87455
   76    1    1     3144.72358     1450.50067      578.06115        4.17846       47.87006        0.00280        0.01323        1.22538       17.70000        0.02618        0.51307        1.22149        5.56279        0.00756        0.00136        0.00394        0.65025       27.57792        0.00093        0.02617       19.20565        0.48483        0.60613        0.65056        8.10333        0.01622        0.00506       -0.00031      300.00000       58.52006
   77    1    1     3108.65012     5948.79636     2940.82771        5.33226       88.05010        0.00947        0.02383        1.04825       22.30000        5.21098        0.68621        1.04835        3.38766        0.00283        0.00301       -0.00007        2.69392       84.98880        0.00882        0.02022       22.09410        0.21414        4.03962        2.69134        5.58790        0.00783        0.00004        0.00258      300.00000       19.49326
   78    1    1     1782.00583     1586.47325      640.93340        8.63330      131.14100        0.02100        0.00718        0.64659        6.20000        0.08657        1.10100        0.63356        5.00523        0.00636        0.02439        0.01305        1.20645      131.38455        0.02104        0.00719        6.17991        0.08736        0.55442        1.17935        5.00519        0.00598        0.01066        0.02711      300.00000        0.35651
   79    1    1     1360.23651     1926.89272      809.39763        6.08537      192.82687        0.04541        0.07722        0.39764        6.20000        0.01023        1.35026        0.38431       19.89793        0.09561        0.00170        0.01327        0.71441      193.59220        0.04570        0.07611        7.44922        0.00790        1.03079        0.70699       19.89773        0.09621        0.00696        0.00742      300.00000        1.29651
   80    1    1     1059.49281    23488.40631    11395.95196        8.71435      217.47142        0.05776        0.01830        1.48816       18.20000       25.16929        0.25468        1.47988        2.21707        0.00119        0.02014        0.00827        7.36911      217.57506        0.05773        0.01842       18.15206        5.42687       14.13456        7.34231        2.21822        0.00118        0.00167        0.02680      300.00000        0.09496
   81    1    1     2358.69672     1727.81770      615.87306        6.46666      114.58803        0.01604        0.02231        1.05481       27.60000        0.29871        0.68683        1.04773        6.21008        0.00938        0.00016        0.00707        1.58952      115.44603        0.01624        0.02164       27.74066        0.13568        0.31058        1.58742        6.22020        0.00969        0.00487        0.00211      300.00000        2.45829
   82    1    1     7717.49754    11122.16038     4649.69552        4.53951       54.59445        0.00364        0.01402        0.04678       22.20000       11.42695        1.68963        0.04494        5.98161        0.00896        0.01336        0.00186        5.75441       42.62369        0.00222        0.00480       17.71205        0.24886        7.16968        5.73737        9.54041        0.02191        0.00148        0.01704      300.00000      147.07246
   83    1    1     2065.97634     1647.51905      569.14148        1.37148       31.43741        0.00121        0.06296        0.22074        8.60000        0.17192        1.51607        0.21849       12.84829        0.04043        0.01639        0.00228        0.87185       19.36429        0.00046        0.02469       35.35188        0.43333        0.66018        0.85655       11.86484        0.03583        0.00340        0.01530      300.00000      160.92576
   84    1    1     1603.81996     1637.57702      580.82725        4.77028      156.20015        0.02980        0.10115        0.69013        7.90000        0.13511        1.06034        0.67422        6.22228        0.00933        0.00010        0.01584        1.66315      147.19179        0.02643        0.10599        7.03880        0.13113        0.07423        1.66350        6.01777        0.00894        0.01609       -0.00035      300.00000       27.05108
   85    1    1     2768.49156     7735.81855     3303.22406        4.05680       61.88694        0.00468        0.02374        1.29199       33.30000        7.12662        0.46454        1.27003        7.26691        0.01266        0.02557        0.02191        2.94473       48.73521        0.00290        0.02236       33.44563        1.01879        4.89713        2.90038       14.74721        0.05143        0.01248        0.04435      300.00000       40.79131
   86    1    1     1243.14269     1416.21780      625.19396        8.69020      185.74208        0.04214        0.01366        1.17070       13.80000        0.01153        0.56411        1.17046        3.93023        0.00385        0.00362        0.00028        0.21609      185.72379        0.04208        0.01379       13.71022        0.12256        1.41113        0.21228        3.92880        0.00388        0.00007        0.00381      300.00000        0.39207
   87    1    1     5363.57390     1583.68916      514.43461        5.43150       49.87762        0.00304        0.00726        0.99383       16.60000        0.21247        0.74270        0.99186        8.46317        0.01794        0.00147        0.00192        0.58982       39.48229        0.00190        0.00656       24.50333        0.42503        0.95385        0.58690        2.16095        0.00117        0.00038        0.00293      300.00000       31.75637
   88    1    1     1228.19437     1757.33318      797.89807        6.98093      221.40869        0.05987        0.06298        1.37245        3.60000        0.00656        0.37363        1.36094        2.61398        0.00165        0.02029        0.01148        0.60366      221.43597        0.05954        0.06301        4.44443        0.01592        1.15143        0.57413        2.59780        0.00173        0.00213        0.02954      300.00000        0.93154
   89    1    1     1922.68636    18018.97614     9534.61592        6.60375      141.64358        0.02450        0.03168        1.21909        8.70000       16.58022        0.52620        1.20837       19.40756        0.09119        0.00444        0.01071        7.54026      142.13668        0.02464        0.03235        7.66755        0.01768       10.76616        7.53011       19.40803        0.09540        0.00082        0.01015      300.00000        3.17320
   90    1    1     3579.85191     7220.74529     3168.47902        5.18929       50.95896        0.00317        0.00861        0.99420       19.80000        6.90017        0.74964        0.98492        6.83308        0.01182        0.00013        0.00935        2.91678       56.60727        0.00391        0.02325       29.00531        3.13439        2.58154        2.91317        1.00905        0.00026        0.00760        0.00361      300.00000       15.56726
   91    1    1     2469.58538   109241.33652    45508.51081        2.40112       36.58482        0.00163        0.02672        0.45988        6.80000      111.46010        1.27438        0.46019        7.02583        0.01227        0.00046       -0.00026       36.66675        5.86337        0.00004        0.02171       29.31735       19.50980       57.02153       36.66729        7.73704        0.01483        0.00078       -0.00054      300.00000      138.29154
   92    1    1     1671.64916     2398.34177     1017.44648        5.88369      160.37080        0.03141        0.05933        0.00903       11.40000        0.92151        1.72833        0.00624        3.57349        0.00320        0.00022        0.00276        1.56096      159.04306        0.03078        0.05574       14.66254        0.01512        1.08449        1.56076        3.56397        0.00317        0.00277        0.00021      300.00000        6.45996
   93    1    1     1003.84871   737723.79073  2527796.23795        1.77332       43.14296        0.00227        0.07002        0.09862       15.10000        0.14961        1.65057        0.08399        7.00983        0.01250        0.02561        0.01457    -2362.28096    24205.81586      710.71218      110.96628      480.94613      184.61893      726.22714      331.74083    23828.45225      418.55168      213.21367    -2694.02179      300.00000       68.33691
   94    1    1     2755.02442     6227.22327     3030.77257        8.15594       92.46487        0.01044        0.00526        0.42587        8.10000        5.38229        1.33897        0.39559       16.45011        0.06452        0.02760    -2703.89053        1.21678       92.39806        0.01042        0.00498        8.53254        0.17614        5.78285        1.15823       16.44994        0.06354        0.00022        0.05855      300.00000        0.65237
   95    1    1     1956.97901     3773.65768     1263.41551        7.05293      137.04254        0.02294        0.02317        1.68009       22.30000        2.69337        0.05896        1.67561       15.55559        0.06086        0.00349        0.00438        1.78856      137.00238        0.02286        0.02318       22.33508        0.63608        2.00676        1.78518       15.55630        0.06076        0.00469        0.00338      300.00000        1.10677
   96    1    1     3691.97506     1517.95954      597.86645        7.44637       73.83433        0.00666        0.00535        0.43623        3.60000        0.05415        1.33579        0.39878       13.79635        0.04518        0.03480        0.03747        1.07161       74.88628        0.00685        0.00534        3.12214        0.15343        0.62845        1.00667       13.79676        0.04457        0.00791        0.06494      300.00000        3.08245
   97    1    1     1498.71207     2349.40299      950.44506        6.11224      174.26162        0.03709        0.06219        0.30326       16.60000        0.89662        1.43648        0.29808        5.11716        0.00638        0.00618        0.00514        2.04801      173.98228        0.03686        0.06227       16.88335        0.05170        0.53155        2.04844        4.98191        0.00616        0.01164       -0.00042      300.00000        0.35145
   98    1    1     2114.02303    15143.43515     7743.21657        4.91888      116.71669        0.01664        0.05213        1.67404       47.00000       14.28041        0.08240        1.65217       11.66132        0.03478        0.03547        0.02185        2.71424      115.23710        0.01619        0.05560       47.91756        7.42373        5.87687        2.71405       10.20026        0.02592        0.06331        0.00019      300.00000       19.96167
   99    1    1     1247.28223     1571.02008      577.24458        8.85349      179.45524        0.03933        0.01085        0.53537       14.60000        0.04501        1.20212        0.53245       16.44741        0.06787        0.00206        0.00298        0.97973      179.31685        0.03922        0.01080       14.73844        0.09139        0.71010        0.97830       16.44764        0.06767        0.00370        0.00143      300.00000        0.50724
  100    1    1     1089.34458    58150.96981    26306.42937        1.15669       27.40525        0.00092        0.06764        0.25906       11.30000       60.98089        1.47630        0.25827        3.90957        0.00376        0.00023        0.00074        7.41731       84.69939        0.00870        0.47554       34.49037        0.34465       54.31831        7.41656       30.13896        0.22333        0.00092        0.00076      300.00000      132.16721
