    1    1    1     1986.67742     1828.28359      643.97422        3.87083       76.12408        0.00708        0.04016        1.41728       20.60000        0.46617        0.31945        1.41512        4.57827        0.00525        0.01213   -33197.38166        1.76829       75.48434        0.00692        0.05128       16.10800        0.33944        0.08868        1.76404        3.58032        0.00322        0.00966        0.00425      300.00000       46.24418
    2    1    1     1451.29369     2237.31293      783.70235        7.35373      184.42870        0.04154        0.03528        0.65963       25.50000        0.79271        1.08907        0.64549        2.54254        0.00156        0.05414        0.01426        0.51716      184.54306        0.04147        0.03588       25.25562        0.65456        1.41949        0.45259        2.56558        0.00172        0.00365        0.06457      300.00000        0.53984
    3    1    1     3603.87019     1504.91512      653.43115        0.97097        8.63801        0.00009        0.00957        1.21211        1.70000        0.00248        0.56392        1.17065        7.29661        0.01378        0.05896        0.04155        0.39609        6.86354        0.00006        0.00635        1.05034        0.00432        1.35279        0.38256        8.18528        0.01618        0.08514        0.01353      300.00000      166.81245
    4    1    1     1283.86017    18002.46724     7984.73433        1.17876       31.18506        0.00119        0.08429        0.17422       11.70000       18.24395        1.58875        0.14581        1.29391        0.00043        0.00338        0.02841       14.25315       55.80745        0.00380        0.13985       44.49171        0.45016        5.14789       14.22452       20.46281        0.09994        0.00137        0.02863      300.00000      143.98596
    5    1    1     2679.02031     2548.76066     1029.46938        6.55871      108.10728        0.01427        0.01891        0.80517       15.70000        1.08355        0.95384        0.78073       13.78907        0.04551        0.00047        0.02452        2.15072      105.24171        0.01350        0.01950       15.75352        0.22006        0.46783        2.13031       13.78922        0.04565        0.00446        0.02042      300.00000       10.79359
    6    1    1     3628.96977     3547.06555     1745.80314        3.46578       75.72049        0.00700        0.05130        1.31667       12.00000        2.19214        0.41848        1.31609        5.63129        0.00791        0.00101        0.00059        3.77198       67.82482        0.00561        0.01317       29.65041        0.09141        0.11070        3.77093        2.15204        0.00114        0.00053        0.00104      300.00000       49.34856
    7    1    1     1413.92635     2204.59851      458.52460        1.24129       37.67211        0.00173        0.11076        1.51403       42.40000        0.61054        0.22147        1.51309       12.45657        0.03813        0.04819        0.00088        1.01378       46.22658        0.00261        0.06914       17.25618        0.43370        0.83195        1.01426       24.31023        0.14667        0.04703       -0.00048      300.00000      126.94975
    8    1    1      847.44524     1614.70570      606.32929        8.92790      256.21514        0.08018        0.02041        0.81943       12.10000        0.02875        0.92915        0.80542        4.64313        0.00548        0.00549        0.01401        0.51785      256.20452        0.08016        0.02033       12.22758        0.30184        0.94319        0.51845        4.64274        0.00534        0.02018       -0.00060      300.00000        0.14130
    9    1    1     2008.63461     3538.84933     1444.67898        4.61855      114.28619        0.01595        0.05883        1.36432       13.70000        2.51473        0.37188        1.36268        2.82855        0.00200        0.00174        0.00161        0.89617      115.57486        0.01629        0.06140       11.85267        0.31463        3.03732        0.89557        1.79748        0.00081        0.00287        0.00059      300.00000       20.63648
   10    1    1     1489.03992     5706.40578     2663.95109        7.79501      179.73222        0.03945        0.02548        0.77140       15.90000        4.60576        0.99522        0.73935        8.33517        0.01788        0.00233        0.03208        1.83156      179.71915        0.03941        0.02542       15.98100        0.46874        4.07448        1.79725        8.33472        0.01791        0.00000        0.03431      300.00000        1.64069
   11    1    1     5410.65534    17513.06056     7555.58234        4.91472       32.32352        0.00128        0.00401        0.06126       19.90000       18.08542        1.67504        0.05953       13.24105        0.04300        0.00597        0.00161       13.15387       43.90569        0.00235        0.01404       12.67727        0.04333        6.61186       13.14114       14.27982        0.04927        0.00122        0.01273      300.00000       34.17381
   12    1    1     2415.17469     1640.59908      576.85987        2.79380       56.34056        0.00388        0.04579        1.15321       23.80000        0.25723        0.58135        1.15321        1.03079        0.00026        0.00641       -0.00010        0.53890       61.83846        0.00466        0.02914       26.82713        0.14248        1.31292        0.53821        7.65381        0.01441        0.00562        0.00069      300.00000       38.24233
   13    1    1     2846.21725    11295.72788     4903.13628        0.41368        3.72517        0.00002        0.00989        0.18973        6.80000       11.36951        1.54542        0.18915       11.83699        0.03446        0.05126        0.00062        2.63561       24.79231        0.00075        0.01994        6.16914        0.10243       10.37184        2.62302       12.22041        0.03792        0.03181        0.01258      300.00000      150.84031
   14    1    1     1232.14189     2590.07074     1251.00923        8.76075      184.61225        0.04162        0.01261        0.69659       41.40000        0.91346        1.03739        0.69718        7.57306        0.01420        0.00361       -0.00060        2.23389      184.61315        0.04160        0.01260       41.39096        0.11719        0.29659        2.23420        7.57084        0.01424        0.00337       -0.00030      300.00000        0.06102
   15    1    1      816.14497    62364.17185    27297.44416        8.03192      316.33281        0.12221        0.06723        0.10024       13.90000       63.73191        1.63657        0.09799        0.88372        0.00020        0.01585        0.00226       33.53366      316.58830        0.12215        0.06732       13.87916        0.08858       31.84691       33.53100        0.88498        0.00020        0.01538        0.00265      300.00000        0.03143
   16    1    1     1451.76562     1987.82449      369.70303        6.30594      182.70548        0.04077        0.06176        1.56193       19.80000        0.53154        0.17214        1.56243        7.09209        0.01245        0.00208       -0.00057        1.21964      182.08064        0.04045        0.06142       20.07458        0.53337        0.51352        1.21979        7.11235        0.01248        0.00179       -0.00015      300.00000        0.26070
   17    1    1     3143.96921     1554.03124      602.18399        3.14181       30.79047        0.00116        0.01057        0.64949        7.20000        0.02412        1.09089        0.64367       22.16820        0.11967        0.00169        0.00586        1.49830        7.95574        0.00008        0.01293       12.47884        0.12807        0.14093        1.49499       21.59589        0.11709        0.00020        0.00330      300.00000      133.22456
   18    1    1     2025.80414     1594.80937      581.15958        6.59307      136.15394        0.02264        0.02944        1.21396        8.00000        0.10202        0.52701        1.20755        5.05050        0.00621        0.03594        0.00647        1.09980      134.93145        0.02218        0.03019        7.51132        0.24749        0.51799        1.07073        5.07762        0.00615        0.01344        0.02907      300.00000        4.34657
   19    1    1     3462.69315    10343.51826     4780.49932        7.21948       75.73782        0.00701        0.00644        0.82324        8.20000       10.21738        0.91879        0.81577       11.57912        0.03258        0.00159        0.00744        0.85851       75.99393        0.00705        0.00633        8.40795        0.61561       10.48564        0.85075       11.57505        0.03385        0.00004        0.00776      300.00000        3.34597
   20    1    1     1001.20368     1577.23207      601.81147        8.41347      245.15025        0.07340        0.03029        1.02004        4.10000        0.01447        0.71557        1.01899        4.53983        0.00506        0.00111        0.00102        0.78368      244.96536        0.07291        0.03072        4.16584        0.19199        0.77412        0.78296        4.53346        0.00505        0.00147        0.00072      300.00000        0.29456
   21    1    1     1715.49817     1542.15905      575.40153        6.85220      158.69507        0.03076        0.03475        0.42882       25.20000        0.07864        1.30539        0.42917        5.77428        0.00824        0.00066       -0.00032        0.85270      158.78667        0.03079        0.03439       25.31507        0.06841        0.89269        0.85239        5.77985        0.00823        0.00006        0.00031      300.00000        1.34902
   22    1    1     2996.85788     1808.51108      707.02979        4.75874       95.24153        0.01108        0.03784        1.17114       21.30000        0.34524        0.56986        1.16471        2.35144        0.00139        0.00234        0.00651        1.47339       80.32641        0.00787        0.02615       20.04603        0.26221        0.34171        1.46455       10.59104        0.02721        0.00035        0.00884      300.00000       59.19477
   23    1    1     1380.55911     1598.65043      648.67299        7.57021      193.25184        0.04561        0.03398        1.04224       16.30000        0.14475        0.71008        1.02448       11.15032        0.02991        0.00308        0.01770        1.07371      192.89617        0.04537        0.03370       16.65408        0.08159        0.72898        1.06933       11.15028        0.03127        0.01503        0.00438      300.00000        0.13751
   24    1    1     1374.15930     2598.31263      612.17882        6.71802      198.24587        0.04800        0.05836        1.61265       26.50000        1.05220        0.14705        1.58751       10.63578        0.02706        0.00855        0.02511        0.63330      198.38465        0.04794        0.05853       26.46516        2.14737        0.03983        0.59947       10.63431        0.02690        0.00000        0.03383      300.00000        2.28408
   25    1    1     4684.87362     1615.35939      816.75443        3.00764       26.63563        0.00087        0.00871        0.13784        2.60000        0.00281        1.62980        0.10477        3.95483        0.00403        0.00806        0.03308        1.20834       27.92444        0.00095        0.00284        1.74903        0.00040        0.56090        1.17527        6.33233        0.00954        0.00915        0.03307      300.00000       74.87157
   26    1    1     6853.16816     1652.99801      815.00980        1.57796       12.06501        0.00018        0.00696        1.25294        9.40000        0.16198        0.50343        1.23114        7.39439        0.01398        0.01488        0.02171        0.28785        9.85156        0.00012        0.00133        8.93700        0.35434        1.28760        0.26769        5.08272        0.00620        0.01691        0.02016      300.00000      129.70665
   27    1    1     2115.61812    14355.68111     6523.50594        4.40584      108.10716        0.01427        0.05926        1.40199       24.50000       14.42622        0.34080        1.39376       12.90248        0.04041        0.01995        0.00822       11.49513      115.51094        0.01628        0.06361       19.95578        1.78933        2.87540       11.48931       13.14380        0.04353        0.01962        0.00582      300.00000       37.81979
   28    1    1     6856.37074    25211.43648     9890.43792        5.98445       65.05300        0.00517        0.00926        0.82883       46.10000       26.33633        0.90589        0.82868        9.12387        0.02074        0.00373        0.00017       24.19194       68.09532        0.00566        0.00833       45.61533        0.47098        3.41111       24.18910        9.23481        0.02140        0.00056        0.00285      300.00000      134.63604
   29    1    1     2159.33979   124025.86776    52196.27123        2.75087       61.89339        0.00468        0.05715        0.72340       16.90000      125.64595        1.01602        0.71854        7.90034        0.01571        0.00660        0.00481       51.19900       30.16882        0.00111        0.02023       32.62412        0.84284       75.36710       51.19671       12.56393        0.03866        0.00052        0.00229      300.00000      101.73695
   30    1    1     1539.69334     2233.91603      761.58214        8.32540      160.41171        0.03143        0.01391        1.52108       19.30000        1.03126        0.21446        1.52011        7.18235        0.01289        0.01610        0.00094        1.09757      160.42777        0.03140        0.01412       19.20027        0.21852        1.46041        1.08671        7.18403        0.01308        0.00602        0.01086      300.00000        0.69588
   31    1    1      926.82825     7112.11196     3115.07434        8.88574      238.14517        0.06927        0.01846        0.35107        9.90000        6.37442        1.43751        0.29705       16.52824        0.07110        0.02606        0.05406        3.62307      238.11194        0.06915        0.01848       10.01422        0.05424        4.49914        3.55574       16.52795        0.07149        0.01230        0.06733      300.00000        0.23191
   32    1    1     1989.07737     6633.95131     3135.69135        2.91769       57.67610        0.00406        0.04366        1.07099       12.20000        5.87759        0.68671        1.04786        6.21644        0.00989        0.01120        0.02305        1.24304       66.18586        0.00534        0.04328        8.35305        0.08927        6.30853        1.21006        7.42650        0.01313        0.00153        0.03298      300.00000       73.74941
   33    1    1     1640.06699     1804.57279      646.47725        4.74821      140.37865        0.02407        0.08268        0.61947       30.80000        0.06948        1.12107        0.61350       16.61662        0.06960        0.00013        0.00594        1.19444      147.66677        0.02643        0.10423       23.39581        0.04039        0.55269        1.19057       16.18173        0.06395        0.00435        0.00388      300.00000       18.77981
   34    1    1     1745.56749   309338.75533   121380.08495        1.70506       27.16303        0.00090        0.03010        0.42612       29.20000      305.91976        1.31123        0.42334       10.31853        0.02606        0.00010        0.00275      183.27403       24.92194        0.00076        0.10130       66.84126        1.50657      122.81879      183.27420        4.61205        0.00529        0.00761       -0.00017      300.00000      168.54306
   35    1    1     2375.42545     5287.19676     2031.75361        3.90675       87.46350        0.00934        0.05187        0.92999       43.40000        4.38498        0.82132        0.91324        4.02664        0.00413        0.00320        0.01671        3.78097       93.17721        0.01059        0.03282       45.79564        1.28718        1.07282        3.78031        3.45058        0.00297        0.01747        0.00066      300.00000       14.66934
   36    1    1     2138.70908    20264.52467     8734.24672        0.89158       14.55453        0.00026        0.03229        1.71053       31.20000       20.82514        0.04917        1.68539        7.55106        0.01364        0.00780        0.02514        7.54708       43.62592        0.00232        0.02549       15.04639        0.03004       14.93569        7.53758       17.50529        0.07429        0.02391        0.00950      300.00000      131.18875
   37    1    1     1763.93350     2190.75877      692.37845        2.23297       43.61085        0.00232        0.04426        1.51306       45.70000        0.80451        0.29809        1.43648        4.20092        0.00411        0.00070        0.07655        1.66622       46.16678        0.00259        0.05180       41.35338        0.37648        0.46933        1.66653        9.85194        0.02398        0.07665       -0.00031      300.00000      134.18306
   38    1    1     2238.10416     3913.05310     1668.75469        0.67326       14.18820        0.00025        0.05399        1.49067       23.10000        2.85724        0.25101        1.48356       12.24336        0.03784        0.01720        0.00715        2.67409       11.89621        0.00017        0.02150       41.63335        0.13374        1.84774        2.67210        5.81414        0.00847        0.02249        0.00198      300.00000      171.57772
   39    1    1     2819.72277     6330.72804     2980.03269        6.11690       98.09449        0.01175        0.01966        0.31914       31.40000        5.57242        1.42329        0.31128        3.55389        0.00307        0.00142        0.00784        6.10741       99.39403        0.01206        0.01973       31.65438        0.31958        0.88015        6.10781        2.99138        0.00222        0.00958       -0.00039      300.00000       11.28322
   40    1    1     2042.73829     3299.65562     1240.28932        2.68642       54.92661        0.00368        0.04737        1.41198       28.50000        2.21172        0.36562        1.36895        3.30012        0.00258        0.00037        0.04307        0.57400       39.47177        0.00190        0.04482       30.84925        2.68659        0.71066        0.55500        1.15309        0.00032        0.02504        0.01901      300.00000       96.63478
   41    1    1     1470.09115     1585.70612      618.10045        8.48152      165.77075        0.03356        0.01309        1.30557        8.90000        0.06466        0.42910        1.30546        9.12387        0.02074        0.00373        0.00017        0.05627      166.01625        0.03363        0.01299        9.00805        0.78353        0.96079        0.05500        9.12382        0.02043        0.00281        0.00127      300.00000        0.58882
   42    1    1     2417.71793     4952.12619     1837.23938        3.20950       55.84934        0.00381        0.03317        1.18711       49.40000        3.87563        0.54806        1.18650        7.65004        0.01440        0.03778        0.00051        1.51572       45.62278        0.00254        0.02060       50.24816        2.49913        1.60853        1.51323        8.45213        0.01791        0.03553        0.00249      300.00000       72.80438
   43    1    1     2170.95446     1795.20192      557.24054        3.76230       77.40285        0.00732        0.04438        0.94964       11.00000        0.28150        0.79171        0.94285       15.60339        0.06143        0.00043        0.00675        0.71586       84.79349        0.00872        0.03859       17.49165        0.33063        0.97754        0.71575       15.08239        0.05667        0.00838        0.00011      300.00000       33.76679
   44    1    1     1831.76585    10134.20098     4597.15786        7.03848      146.32236        0.02615        0.02663        1.23108       12.20000       10.00511        0.50380        1.23076        5.57389        0.00775        0.00006        0.00028       11.29897      146.97312        0.02632        0.02659       12.07196        0.02990        0.41070       11.29882        5.61462        0.00777        0.00031        0.00015      300.00000        0.72255
   45    1    1     1613.46175     6737.35614     2916.77954        7.04375      165.71637        0.03354        0.03406        1.67987       16.00000        6.02454        0.13678        1.59779        1.74273        0.00071        0.01264        0.08206        2.83744      166.24854        0.03369        0.03398       15.98429        0.35921        4.65501        2.74485        1.75046        0.00081        0.00198        0.09259      300.00000        0.98591
   46    1    1     4576.10818     1560.43414      637.09239        5.65451       73.37830        0.00658        0.01399        1.33900       17.40000        0.05800        0.39517        1.33940       10.65715        0.02820        0.11160       -0.00045        0.50956       69.56509        0.00590        0.02464       16.89105        0.02285        1.31884        0.44521        9.24529        0.02234        0.04843        0.06435      300.00000      112.58092
   47    1    1     1525.32073    44249.11611    18874.16400        4.07051       99.30199        0.01204        0.06064        0.60031       35.80000       45.83969        1.13392        0.60065       15.38189        0.05881        0.00109       -0.00030        1.80555      104.81490        0.01338        0.12764       38.34488        0.73816       44.98514        1.80533       12.19177        0.03661        0.00002        0.00022      300.00000       39.33436
   48    1    1     8289.26976     1919.24505      640.44634        4.27395       30.97136        0.00117        0.00524        1.66109       29.10000        0.51977        0.07429        1.66027        4.37937        0.00471        0.01327        0.00080        0.60721       48.86339        0.00292        0.00544       23.80790        0.76440        0.87350        0.60016        8.59901        0.01798        0.00813        0.00704      300.00000      115.88254
   49    1    1     3642.99716     5068.34428     2370.01116        3.70560       24.85988        0.00075        0.00474        0.25942       21.80000        3.99268        1.50060        0.23396       19.21035        0.08826        0.00000        0.02554        5.18942       21.56277        0.00057        0.02857       25.50407        0.28493        0.24025        5.16897       20.04608        0.10267        0.00004        0.02045      300.00000      102.24502
   50    1    1     2592.26800     1534.76538      639.36130        3.80804       67.43990        0.00555        0.03275        0.53338        1.20000        0.01232        1.21859        0.51598        5.53692        0.00738        0.01662        0.01741        0.46631       61.85881        0.00465        0.03064        1.70161        0.00015        1.28198        0.46460        6.54141        0.01049        0.03237        0.00171      300.00000       16.75624
   51    1    0     1286.06358  6764442.15177  2254954.14484        4.80395       83.20910        0.00846        0.02819        0.05244       32.10000     5808.22422        1.73280        0.00176        5.04730        0.00662        0.00028        0.05073     1759.56002        0.00000        0.00000        0.00000      109.53047        0.04744     4050.49377     1759.56002        0.00000        0.00000        0.00000        0.00000      300.00000        0.00000
   52    1    1     1846.38807     1515.24674      575.60233        0.25976        5.69091        0.00004        0.05858        0.87336        2.70000        0.01126        0.88429        0.85027        9.81546        0.02308        0.00000        0.02138        1.12539       10.36495        0.00013        0.04506        4.21448        0.03368        0.60026        1.12551        9.90355        0.02441        0.02170       -0.00012      300.00000      161.70263
   53    1    1     1930.44960     4593.62074     2001.06191        1.51149       22.45556        0.00062        0.02634        1.10842       25.50000        3.53466        0.63090        1.10366       12.06338        0.03549        0.00121        0.00471        2.53423       21.11306        0.00054        0.08480       19.61008        0.36208        2.35303        2.53002        2.42309        0.00148        0.00147        0.00421      300.00000      165.71748
   54    1    1     4491.57922     1552.80365      752.29329        3.93601       30.16317        0.00111        0.00606        0.42423       13.50000        0.01030        1.32525        0.40931        4.84963        0.00598        0.00289        0.01487        1.40791       28.62833        0.00100        0.00903        7.15743        0.00270        0.32677        1.40807        6.17839        0.00949        0.01894       -0.00017      300.00000       51.77427
   55    1    1     3710.57161     1446.45117      641.99350        3.01813       29.26582        0.00105        0.01044        1.61465        4.00000        0.02949        0.15281        1.58175        9.48295        0.02141        0.01553        0.03291        1.45302       49.50689        0.00299        0.00869       13.74647        0.03562        0.28346        1.45229        8.01458        0.01603        0.04557        0.00073      300.00000       56.65558
   56    1    1     1626.23487     2512.20288      474.79454        7.97095      161.53849        0.03187        0.01829        0.90320       25.10000        1.19369        0.84591        0.88865        6.91218        0.01152        0.00094        0.01465        1.44405      161.82677        0.03191        0.01841       25.03094        1.05935        0.42553        1.44320        6.91183        0.01174        0.01444        0.00085      300.00000        1.19313
   57    1    1     2263.71456     5713.21549     2784.37159        5.53710      118.68150        0.01720        0.03891        0.25101       15.90000        4.71882        1.48737        0.24720        2.32996        0.00133        0.00292        0.00381        2.51959      116.79303        0.01664        0.03808       15.68638        2.55754        1.37750        2.51799        3.51442        0.00303        0.00518        0.00160      300.00000       14.38603
   58    1    1     2413.25328     6110.73699     1282.60470        1.35314       22.89117        0.00064        0.03431        1.64611       56.90000        5.12156        0.08952        1.64504        7.59440        0.01441        0.00810        0.00103        2.10169        8.31100        0.00008        0.01412       60.65924        3.57213        1.21627        2.10122        2.32597        0.00133        0.00903        0.00047      300.00000      152.31488
   59    1    1     2180.60807  1526093.86654   530616.80860        1.30303       17.32720        0.00037        0.02123        0.50084       28.10000     1387.99425        1.24070        0.49386        4.44209        0.00480        0.02060        0.00698       67.19784       33.47887        0.00137        0.03077       24.96408        0.20419     1322.29291       67.19837       13.59062        0.04569        0.00999       -0.00053      300.00000      138.42371
   60    1    1     2033.79947     8570.57800     3571.08367        2.28488       40.68880        0.00202        0.03671        0.13799       29.60000        8.49138        1.60435        0.13022       11.20687        0.03173        0.02102        0.00770        4.56628       49.45195        0.00297        0.05749       34.67429        0.70933        4.97785        4.55322        2.38845        0.00138        0.00988        0.01306      300.00000       90.17436
   61    1    1     1935.69068     4470.30112     1495.57239        5.33937      135.03039        0.02227        0.05584        1.39912       27.60000        3.48305        0.34137        1.39320        6.30236        0.00967        0.00120        0.00588        2.10148      134.96007        0.02212        0.05340       28.51733        1.11794        2.00143        2.10113        6.25206        0.00962        0.00653        0.00035      300.00000       13.24316
   62    1    1     1727.49649     5926.48256     2683.43522        6.86091      154.74947        0.02925        0.03289        1.26119       29.40000        5.12833        0.57713        1.15744        6.23144        0.01029        0.00741        0.10372        3.43742      154.70148        0.02923        0.03301       29.34434        0.23269        3.30220        3.32784        6.24085        0.00896        0.00299        0.10957      300.00000        1.00411
   63    1    1     1565.28090     1734.26624      591.37035        7.05695      172.27527        0.03625        0.03654        1.01525        8.60000        0.11147        0.72261        1.01196       15.59423        0.06105        0.00484        0.00330        1.56562      171.37111        0.03570        0.03665        9.05986        0.11859        0.16218        1.56568       15.59433        0.05997        0.00928       -0.00005      300.00000        0.60344
   64    1    1     2349.75887     3350.74358     1095.55116        7.03151      117.14841        0.01676        0.01714        1.40108       23.40000        2.06856        0.34186        1.39270       14.32518        0.04981        0.03864        0.00840        2.70310      116.41690        0.01655        0.01803       23.10821        0.49820        0.60308        2.70113       14.32509        0.05139        0.04349        0.00197      300.00000        2.26241
   65    1    1      849.04770    58776.08892    23900.49603        8.22854      296.47306        0.10735        0.05120        0.42691       17.90000       60.93140        1.32525        0.40931        4.09343        0.00403        0.04107        0.01759       33.34765      296.49281        0.10716        0.05140       17.88156        0.15429       29.22160       33.29008        4.09799        0.00395        0.00118        0.05757      300.00000        0.23128
   66    1    1     3423.15311     1527.31213      591.54133        0.93187       27.10262        0.00090        0.10241        0.93823        8.10000        0.01857        0.79593        0.93863        4.15706        0.00427        0.00439       -0.00044        0.29618       49.23488        0.00296        0.00640       33.18141        0.15285        1.35761        0.29455       13.87762        0.04723        0.00147        0.00163      300.00000       58.81191
   67    1    1    10425.41686    18664.62541     7788.15832        1.43258       13.81590        0.00023        0.01113        0.50643       25.10000       19.41512        1.22911        0.50545       19.65589        0.09491        0.00328        0.00100       18.14014       24.27111        0.00072        0.00097       28.77194        0.27976        2.73064       18.13998       20.40328        0.10372        0.00432        0.00016      300.00000       20.60820
   68    1    1     1801.39175     1869.35410      699.91955        1.21846       31.24597        0.00119        0.07912        1.61192        5.70000        0.39395        0.14399        1.59058        6.63577        0.01056        0.02139        0.02139        1.25474       57.47712        0.00402        0.04420       27.87130        0.28516        0.62776        1.23554        9.38950        0.02118        0.02506        0.01920      300.00000       94.71396
   69    1    1     3360.28846     3386.25776     1415.37079        0.08056        0.42995        0.00000        0.00348        0.51183       33.70000        2.38380        1.22223        0.51234        1.66499        0.00069        0.03092       -0.00061        3.62885       45.96887        0.00258        0.10937       19.02155        0.29989        0.07265        3.61016       12.39847        0.03923        0.00037        0.01869      300.00000      151.98297
   70    1    1     3564.78086     1662.03170      671.55037        5.47438       69.07548        0.00583        0.01362        1.22299       13.60000        0.14555        0.51658        1.21798       12.28567        0.03799        0.00004        0.00493        0.47747       79.09517        0.00764        0.02079       17.51825        0.98361        0.42579        0.47717        9.43597        0.02192        0.00539        0.00030      300.00000       18.36764
   71    1    1     2529.87361     1671.45858      599.68646        8.33357       99.60313        0.01212        0.00533        1.06758        5.30000        0.00163        0.68794        1.04663       25.19735        0.15234        0.00038        0.02099        1.13713      100.26619        0.01226        0.00548        4.65404        0.00155        0.60714        1.12718       25.19738        0.15384        0.00992        0.00995      300.00000        1.36452
   72    1    0     2638.74082  1805033.14660   595939.78687        1.15645       16.69543        0.00034        0.02511        0.45999       35.70000     1619.81871        1.27438        0.46019        2.37889        0.00140        0.00000       -0.00021      353.15728        0.00000        0.00000        0.00000       26.42526        0.01382     1268.42422      353.15728        0.00000        0.00000        0.00000        0.00000      300.00000        0.00000
   73    1    1     1418.36457    10752.70479     4736.97006        8.50843      168.28364        0.03459        0.01319        0.49199        8.60000       10.96387        1.25512        0.47945        3.45052        0.00302        0.02674        0.01243        6.50350      168.19849        0.03449        0.01325        8.64634        0.09740        6.09748        6.50359        3.45368        0.00297        0.03942       -0.00008      300.00000        0.86994
   74    1    1     1890.06534     1542.48370      626.77282        2.95739       63.23978        0.00488        0.05096        0.36886       23.30000        0.08058        1.40449        0.33007        4.47500        0.00475        0.00267        0.03883        0.25283       73.22161        0.00653        0.07162       10.02735        0.06427        1.47004        0.25135        7.22493        0.01306        0.03884        0.00148      300.00000       43.50119
   75    1    1     2496.01701     8518.62181     4069.42240        7.67909      105.79547        0.01367        0.00951        0.74757       32.60000        8.17401        0.99001        0.74456        7.24077        0.01282        0.00590        0.00304        5.13285      105.41731        0.01356        0.00956       32.60458        0.26239        4.51696        5.12921        7.23963        0.01281        0.00536        0.00364      300.00000        0.72067
   76    1    1     2084.49783     6171.95579     2989.73061        7.55227      127.12509        0.01974        0.01487        1.29652       11.80000        5.59363        0.44424        1.29033        6.96645        0.01224        0.01302        0.00630        2.19720      126.83663        0.01961        0.01521       11.54099        0.01716        5.11617        2.19458        6.96488        0.01187        0.01702        0.00262      300.00000        1.09690
   77    1    1     2634.93004     2098.98973      648.90881        5.28849       92.08669        0.01036        0.02667        1.49573       34.50000        0.57779        0.23960        1.49496       11.39612        0.03193        0.00001        0.00078        0.82090       78.07412        0.00743        0.03279       41.56535        1.14335        0.37664        0.82089        1.35902        0.00046        0.00053        0.00001      300.00000        9.36433
   78    1    1     2476.89183     2010.05760      947.08519        6.39228      109.95152        0.01477        0.02137        0.41821       13.90000        0.44938        1.31792        0.41665       11.29282        0.03128        0.05032        0.00164        1.88945      109.47748        0.01458        0.02177       13.77660        0.11817        0.17742        1.88814       11.27619        0.03179        0.05007        0.00130      300.00000        3.05587
   79    1    1     2761.98363    15911.54530     7487.29954        7.70907       93.53661        0.01069        0.00729        0.76833       18.50000       16.78356        0.97805        0.75651        9.38323        0.02129        0.00045        0.01182       18.16374       94.33005        0.01086        0.00706       18.56641        0.08996        0.27629       18.15197        9.38317        0.02129        0.00048        0.01177      300.00000        1.98146
   80    1    1     3276.92731     1730.86709      753.62014        4.20828       39.64515        0.00192        0.00892        1.49488       16.70000        0.20005        0.27911        1.45546        3.78101        0.00369        0.00343        0.03948        0.73987       48.07384        0.00281        0.03480       16.03499        0.67593        0.50644        0.71716        6.28402        0.01011        0.02204        0.02272      300.00000       54.57415
   81    1    1     1727.14669     1697.55713      706.61917        8.92813      126.85311        0.01965        0.00500        1.46415       18.10000        0.16349        0.27661        1.45795       15.21043        0.05631        0.01460        0.00624        0.44057      127.01116        0.01966        0.00517       17.96499        0.32458        1.14393        0.42928       15.21055        0.05866        0.00723        0.01129      300.00000        0.34174
   82    1    1     2195.81443     2810.46976     1110.07405        8.68164      103.53068        0.01309        0.00428        0.83022       20.80000        1.40673        0.90738        0.82719       14.63378        0.05374        0.00763        0.00303        0.51388      103.57919        0.01308        0.00432       20.78550        2.06257        0.56463        0.51406       14.63389        0.05285        0.01173       -0.00018      300.00000        1.62251
   83    1    1     2521.39719     2522.12397      910.97494        7.71651      104.68282        0.01338        0.00909        1.42468       29.50000        1.32461        0.31374        1.42083        8.25445        0.01664        0.01526        0.00382        2.24937      104.68982        0.01338        0.00910       29.50758        0.26085        0.55156        2.24678        8.25098        0.01667        0.01648        0.00259      300.00000        0.32809
   84    1    1     1165.75288     1762.94290      744.76458        8.06713      221.08115        0.05969        0.03203        0.71493       12.80000        0.09444        1.05126        0.68330       12.17267        0.03530        0.00029        0.03165        1.39592      221.39959        0.05949        0.03224       12.83390        0.04674        0.38826        1.39406       12.17265        0.03632        0.02898        0.00186      300.00000        0.01125
   85    1    1     4518.06524     9555.87759     4414.40000        2.37496       21.89548        0.00059        0.00980        0.24744       36.30000        9.20347        1.49045        0.24412        8.53008        0.01778        0.02014        0.00335        5.29151       22.99931        0.00064        0.01411       29.75341        0.77007        4.90776        5.26314        3.68960        0.00325        0.00231        0.02837      300.00000       72.89063
   86    1    1     2130.20746     2377.77550      567.33288        0.11590        1.35870        0.00000        0.01678        1.59597       43.20000        0.84887        0.15773        1.57684       15.97746        0.06134        0.00320        0.01911        1.18100       57.38424        0.00401        0.07902       28.08595        0.64311        0.72227        1.16607       14.38409        0.04989        0.00459        0.01492      300.00000      141.30505
   87    1    1     2123.51835     1583.15659      606.12623        7.92564      122.61028        0.01836        0.01087        0.87979       32.80000        0.09267        0.86812        0.86644       10.44303        0.02771        0.00131        0.01330        0.66512      122.64654        0.01835        0.01093       32.78446        0.06806        1.09646        0.66266       10.44309        0.02734        0.01258        0.00246      300.00000        0.19396
   88    1    1     3261.11121     1618.28928      761.62847        2.74263       44.56568        0.00243        0.02982        1.05917        2.90000        0.25026        0.67697        1.05759        9.64156        0.02281        0.01839        0.00155        1.31586       36.43579        0.00162        0.02688       15.37520        0.02786        0.66987        1.30182        7.27663        0.01346        0.00431        0.01404      300.00000       69.29508
   89    1    1     1078.29938     7213.03542     2503.98906        8.35862      228.97773        0.06404        0.02762        0.93399       35.10000        6.69756        0.80809        0.92647       12.74076        0.04099        0.03411        0.00748        5.09413      229.22881        0.06395        0.02777       35.09557        1.53374        1.80920        5.08916       12.74016        0.04086        0.03675        0.00496      300.00000        0.27643
   90    1    1     1461.70806     3234.96042     1336.60208        1.57027       36.67671        0.00164        0.06499        0.46166       44.00000        1.57014        1.27297        0.46160       21.05702        0.10928        0.01293        0.00005        0.70479       47.33032        0.00271        0.13401       22.52246        1.33857        1.19337        0.70409       20.92061        0.10924        0.01092        0.00070      300.00000      120.45346
   91    1    1     8460.97642     2248.01436      474.89630        1.96873       18.25814        0.00041        0.01010        1.29866       32.90000        0.91655        0.43568        1.29888        4.18937        0.00433        0.00001       -0.00023        0.98188       35.83407        0.00157        0.00182       33.71329        1.38718        0.28230        0.98234        6.61993        0.01084        0.00016       -0.00046      300.00000       14.17304
   92    1    1     5589.62023     2654.90342     1221.46611        1.85837       19.52962        0.00047        0.01302        0.33266        9.40000        1.42523        1.40426        0.33030        3.20289        0.00251        0.00000        0.00235        0.30357       13.38707        0.00022        0.00159       11.63222        0.66268        2.19677        0.30122        7.31200        0.01309        0.00023        0.00234      300.00000      112.43074
   93    1    1     1440.23152     2621.18618     1249.52763        8.33977      173.40502        0.03672        0.01608        0.22659       18.60000        1.14755        1.50764        0.22693        5.62555        0.00786        0.00220       -0.00039        0.49019      173.12295        0.03648        0.01594       18.84108        0.11732        2.27660        0.48868        5.62526        0.00776        0.00038        0.00150      300.00000        0.37138
   94    1    1     2184.31729     1453.03735      623.08412        0.13337        2.33671        0.00001        0.03748        0.64571        2.60000        0.03816        1.10792        0.62665       10.15805        0.02634        0.00129        0.01902        0.45522        9.81024        0.00012        0.03776       19.22639        0.03422        1.29314        0.45398        7.16429        0.01283        0.02363        0.00123      300.00000      168.18496
   95    1    1     2433.83645     1423.03040      654.35272        1.09273       14.44246        0.00025        0.02108        0.93005        5.50000        0.04381        0.81657        0.91800        7.44621        0.01407        0.00186        0.01208        1.56724       21.50910        0.00056        0.02153        5.56116        0.00668        0.20779        1.56598        6.87273        0.01181        0.01209        0.00126      300.00000      142.83088
   96    1    1     1722.54670    14358.12367     7885.98946        0.66059       14.22159        0.00025        0.05636        0.55680       23.20000       13.12197        1.18142        0.55315        7.38934        0.01372        0.00029        0.00361        2.18902       33.91093        0.00140        0.04778       34.57198        1.45294       11.16097        2.14917       18.11630        0.07781        0.00088        0.03985      300.00000      144.84240
   97    1    1     3155.86606     2144.70898      938.47683        3.39994       45.42053        0.00252        0.01928        0.81266        7.30000        0.75254        0.92161        0.81295       10.56857        0.02759        0.01958       -0.00030        1.99226       51.59337        0.00324        0.02503       14.96189        0.12721        0.38508        1.97495        9.13691        0.02128        0.00167        0.01731      300.00000       22.09010
   98    1    1    12166.86919    10026.90303     4497.44558        0.80828       13.24917        0.00021        0.03260        1.49807       15.30000       10.00669        0.24658        1.48798        8.75805        0.01943        0.02542        0.01010       10.01687        6.82716        0.00006        0.04175       29.72967        0.14408        1.61831        9.96951        3.13827        0.00233        0.00561        0.04736      300.00000      127.45567
   99    1    1     1947.24941    16954.61079     7823.79282        3.03001       99.27541        0.01204        0.11907        0.05906       34.20000       17.19966        1.68134        0.05322        7.07733        0.01220        0.00262        0.00596       15.22942       73.41270        0.00656        0.02852       53.59104        0.21934        3.56756       15.22145       10.98151        0.03047        0.00411        0.00798      300.00000       41.84263
  100    1    1     1526.91212    14259.33305     6160.70882        0.91542       20.64089        0.00052        0.06157        1.24138       31.70000       14.32337        0.49738        1.23718       16.85055        0.07139        0.01763        0.00421       10.11865       22.22734        0.00060        0.09123       36.37909        0.56644        5.24870       10.11439       24.87407        0.15559        0.03203        0.00425      300.00000      146.10104
