    1    1    1     2535.32437     1760.64944      872.54928        5.56851      112.69112        0.01551        0.03451        1.63564       19.90000        0.02349        0.09847        1.63610        9.83325        0.02401        0.00598   -33197.38427        0.32044      123.76623        0.01869        0.04703        9.85701        0.00558        1.41686        0.32016        9.77573        0.02382        0.00518        0.00029      300.00000       42.39077
    2    1    1     4157.19070     1965.86714      738.72320        4.56847       59.74615        0.00436        0.01653        1.66619       23.10000        0.43545        0.09847        1.63610        8.92068        0.01897        0.00011        0.03016        0.33262       53.59408        0.00350        0.00981       25.80871        1.64699        0.20038        0.33037        8.88083        0.01976        0.02702        0.00226      300.00000       16.41026
    3    1    1     2905.19890     1462.60901      611.43796        3.77020       50.84257        0.00316        0.01905        0.88320        3.30000        0.03206        0.85425        0.88031        9.72982        0.02316        0.01181        0.00287        0.38434       49.38833        0.00297        0.02900        9.85836        0.11071        1.28587        0.37247        7.20868        0.01257        0.00125        0.01188      300.00000       47.60403
    4    1    1     2508.19626     3459.66585      495.15362        2.11673       31.90343        0.00124        0.02650        1.43000       53.40000        2.10903        0.33036        1.40421        4.12055        0.00435        0.00957        0.02583        1.79507       24.14079        0.00071        0.02460       48.80892        1.85489        0.19782        1.76065       12.13462        0.03795        0.00000        0.03442      300.00000      110.79506
    5    1    1     3240.12624     2766.54577      363.86381        1.47864       20.57234        0.00052        0.02312        1.50894       36.50000        1.25107        0.23318        1.50138       19.39195        0.09497        0.00948        0.00752        1.52725       24.08078        0.00071        0.00934       39.49418        1.27218        0.21176        1.51559       19.43340        0.09580        0.00426        0.01165      300.00000      111.00285
    6    1    1     1846.35073     1644.14470      667.32905        7.62978      143.17549        0.02504        0.01797        0.23908       12.90000        0.14058        1.50252        0.23204        8.25843        0.01721        0.01015        0.00701        0.86249      142.86340        0.02487        0.01785       13.14378        0.96183        0.06860        0.84505        8.25804        0.01641        0.00050        0.01745      300.00000        0.85164
    7    1    1     4256.53169     1952.14236      721.25338        6.25436       72.31928        0.00639        0.00994        0.14234        6.70000        0.49658        1.65658        0.07798       20.63319        0.09971        0.00773        0.06438        2.12798       73.01575        0.00650        0.01002        6.34862        0.05571        0.11942        2.05578       20.63361        0.09938        0.00028        0.07220      300.00000       24.87972
    8    1    1     1449.19870     1820.93587      642.96036        7.28198      184.74147        0.04168        0.03692        1.22914       19.00000        0.47091        0.50498        1.22958        6.50769        0.01052        0.00010       -0.00042        0.58360      184.49060        0.04154        0.03665       19.23453        0.09369        1.52809        0.58415        6.50595        0.01048        0.00022       -0.00055      300.00000        0.66413
    9    1    1     4384.22429     3064.99347      680.18604        5.01811       30.21895        0.00112        0.00331        1.45793       37.20000        1.84604        0.27633        1.45823       17.97879        0.07984        0.00781       -0.00036        2.63269       46.78773        0.00266        0.02029       45.23750        0.91157        0.08462        2.62608        8.91184        0.02004        0.00050        0.00661      300.00000       69.60700
   10    1    0     1554.73799  4169972.55179  1341615.57359        8.25245      135.41561        0.02240        0.01049        0.46152       19.10000     3608.09716        1.27532        0.45924       16.27767        0.06639        0.00069        0.00215      450.83110        0.00000        0.00000        0.00000      121.23556        0.02943     3159.05994      450.83110        0.00000        0.00000        0.00000        0.00000      300.00000        0.00000
   11    1    1     1386.77259     1796.44440      744.76191        2.68652       98.83637        0.01193        0.15337        0.96164       10.20000        0.01135        0.77492        0.95965        8.96699        0.01971        0.02137        0.00197        0.26898      105.58214        0.01358        0.07492       38.49115        0.51237        1.05297        0.24777       10.98084        0.02893        0.00254        0.02121      300.00000       50.55431
   12    1    1     1545.16517    59544.66956    23460.47105        2.22236       39.46105        0.00190        0.03661        0.08824       31.30000       60.32119        1.64815        0.08642       11.00878        0.03034        0.00646        0.00188       17.47748       33.90880        0.00140        0.21444       32.95154        0.27009       44.14576       17.46906        8.32063        0.01750        0.00620        0.00842      300.00000      120.18243
   13    1    1     2672.13790     4498.79436     2052.35364        3.26809       57.81714        0.00408        0.03414        0.55844       21.20000        3.42116        1.18015        0.55442        6.66211        0.01116        0.01665        0.00408        0.74749       48.73222        0.00290        0.01808       28.57180        1.23261        3.20084        0.74432        5.12559        0.00659        0.01729        0.00317      300.00000       55.64219
   14    1    1     3272.93857     2036.89994      690.79710        5.40629       92.71193        0.01050        0.02542        0.59984       17.90000        0.50689        1.14789        0.58667       14.97988        0.05420        0.05566        0.01322        0.78715       85.89015        0.00898        0.01949       21.54284        0.87262        0.63961        0.73660       14.97097        0.05284        0.01971        0.05055      300.00000       36.21812
   15    1    1     2713.48520     3548.05074     1405.50495        1.78809       13.64175        0.00023        0.00688        1.23610       15.10000        2.45607        0.50498        1.22958       15.17355        0.05601        0.02302        0.00661        1.59069       13.37025        0.00022        0.14062       24.63301        2.09909        0.43605        1.57165        4.61898        0.00513        0.01150        0.01904      300.00000      145.84276
   16    1    1     3436.76702     1669.43280      727.05633        5.48074       95.19706        0.01107        0.02578        0.76136       12.20000        0.03590        0.97915        0.75542       11.03430        0.02964        0.06339        0.00598        0.55613       97.97289        0.01172        0.02522       12.06814        1.07859        0.14051        0.55121       11.04701        0.02975        0.06436        0.00492      300.00000       86.12618
   17    1    1     3257.86191    42979.01137    16927.34269        2.53598       19.51089        0.00046        0.00676        1.00215       34.80000       44.83627        0.74387        0.99069        9.98831        0.02414        0.00002        0.01143       25.44615       11.56308        0.00016        0.02652       35.75412        0.37212       20.74933       25.43674        8.88370        0.01913        0.00025        0.00941      300.00000      133.55442
   18    1    1     3813.14702     1802.33132      617.14970        4.11498       72.23320        0.00637        0.03126        1.50258       13.30000        0.39154        0.23146        1.50311       14.30370        0.05073        0.02745       -0.00051        0.81611       59.27911        0.00428        0.01105       20.74856        0.65366        0.69503        0.78705       16.02167        0.06125        0.00001        0.02906      300.00000       52.17962
   19    1    1     2075.71932     6722.59972     3140.51865        0.62249       13.09023        0.00021        0.05380        1.69429       22.80000        5.92749        0.06269        1.67188       13.85857        0.04604        0.02771        0.02247        1.83253       18.58918        0.00042        0.01923       29.10245        5.50951        0.36105        1.82306       14.28623        0.05165        0.03781        0.00947      300.00000      150.54971
   20    1    1     2100.60017     3641.17576     1623.21815        3.39685       73.75981        0.00664        0.05094        0.59066       28.20000        2.34747        1.14349        0.59108        4.45904        0.00494        0.02819       -0.00040        0.21072       70.50419        0.00606        0.03599       34.58592        3.77223        0.14242        0.18584        2.89751        0.00215        0.00275        0.02488      300.00000       44.47914
   21    1    1     3520.36828     1816.84121      712.39380        1.25904       15.45442        0.00029        0.01811        0.60539       12.50000        0.52306        1.13709        0.59747        1.97952        0.00099        0.04854        0.00786        1.16651       15.65823        0.00030        0.00677       19.89940        0.31338        0.79616        1.14772        5.67303        0.00774        0.04261        0.01878      300.00000      123.64265
   22    1    1     1370.74472    31390.40407    13574.94435        8.16858      185.94047        0.04223        0.02106        0.33799       32.10000       31.66987        1.40924        0.32532        3.45974        0.00304        0.00043        0.01268        3.45244      185.67568        0.04202        0.02150       32.04681        0.83280       29.11936        3.45198        3.46388        0.00299        0.01275        0.00046      300.00000        0.07904
   23    1    0     1383.87017  4342072.03642  1356738.10053        5.97445      104.33446        0.01329        0.02395        0.28539       11.40000     3741.54104        1.47529        0.25928       19.02072        0.08649        0.00924        0.02611      862.75711        0.00000        0.00000        0.00000       93.36792        0.03302     2880.29866      862.75711        0.00000        0.00000        0.00000        0.00000      300.00000        0.00000
   24    1    1     2536.70431     1786.63123      913.58082        0.58865        9.96674        0.00012        0.03489        0.22596       22.20000        0.17858        1.51569        0.21887        2.27591        0.00131        0.01270        0.00471        1.41745       50.23370        0.00308        0.01492       29.77589        0.08245        0.45013        1.39922        0.49976        0.00006        0.00116        0.01823      300.00000      107.23198
   25    1    1     1805.62384     1679.76189      751.87471        7.51243      151.83701        0.02816        0.02173        0.78352        5.00000        0.18499        0.95637        0.77819        3.01412        0.00229        0.05832        0.00533        0.57291      151.39514        0.02793        0.02188        5.21397        0.11640        1.27482        0.52844        2.97660        0.00230        0.01915        0.04447      300.00000        2.63051
   26    1    1     4253.01773     3302.47660     1357.88534        0.45285        3.71892        0.00002        0.00822        0.30101       16.70000        2.09174        1.46244        0.27213       13.79745        0.04891        0.00422        0.02887        2.29381       33.17412        0.00134        0.00665       27.69697        0.38471        1.22472        2.26345        3.24870        0.00271        0.00261        0.03036      300.00000      120.13055
   27    1    1     2200.86877     4639.17473     2176.59885        4.35534       91.91045        0.01032        0.04407        0.60601       10.60000        3.41914        1.13657        0.59799       16.25969        0.06681        0.00233        0.00799        3.49623       92.96771        0.01054        0.04909        5.37429        0.00789        1.64686        3.49626       15.97039        0.06288        0.01176       -0.00004      300.00000        8.79038
   28    1    1     1703.47168     1669.64534      577.50681        5.32888      146.60023        0.02625        0.06619        1.02556       10.20000        0.13529        0.70889        1.02568       14.34681        0.05122        0.01566       -0.00011        1.29318      144.45420        0.02539        0.06657       10.58225        0.05185        0.53646        1.28200       14.34498        0.05217        0.00343        0.01119      300.00000        4.17488
   29    1    1     2246.35722     3329.31602     1497.32092        2.49604       44.58855        0.00243        0.03655        1.18174        8.90000        2.19364        0.55358        1.18098        4.51206        0.00508        0.00738        0.00079        0.96926       47.53774        0.00275        0.03837        7.53799        0.10675        2.86188        0.96086        2.27552        0.00126        0.00013        0.00840      300.00000       78.47201
   30    1    1     1647.66632     3212.36897     1462.96304        6.96819      166.04105        0.03367        0.03567        1.06728       37.20000        1.72402        0.66715        1.06741       12.15100        0.03642        0.00129       -0.00008        1.82590      165.87911        0.03340        0.03520       37.36751        0.13744        1.49667        1.82514       12.15748        0.03690        0.00001        0.00076      300.00000        1.24352
   31    1    1      871.61038     1756.03539      527.83935        7.79284      302.95993        0.11210        0.07249        0.54082        4.90000        0.09514        1.19837        0.53620       11.24387        0.03084        0.01280        0.00470        1.02182      303.28181        0.11218        0.07250        4.84800        0.20625        0.60387        1.01957       11.24382        0.03168        0.01426        0.00225      300.00000        0.32924
   32    1    0    14011.32423    35076.63083    14946.19928        0.03627        0.80689        0.00000        0.06046        0.10058       11.80000       36.30180        1.63428        0.10028        9.21872        0.02092        0.01026        0.00025       19.74498        0.00000        0.00000        0.00000        9.43369        0.00035       18.38312       19.74498        0.00000        0.00000        0.00000        0.00000      300.00000        0.00000
   33    1    1     1622.81517     1720.04280      657.46895        0.07956        1.41562        0.00000        0.03867        1.61077       16.10000        0.13548        0.12340        1.61117       10.81899        0.02892        0.02190       -0.00026        1.08093       15.73651        0.00030        0.11454       17.32895        0.55354        0.18216        1.07704        6.74279        0.01110        0.01656        0.00389      300.00000      170.20068
   34    1    1     2089.89263     1709.70712      758.16056        2.23352       46.81085        0.00268        0.05097        0.92684        8.60000        0.09758        0.85111        0.88345       10.69346        0.02706        0.01099        0.04335        1.46477       47.39395        0.00273        0.04232        6.13822        0.02530        0.36326        1.45743       10.56526        0.02713        0.04172        0.00734      300.00000       93.02946
   35    1    1     2720.25542     1810.15597      610.18279        4.67268       68.01078        0.00565        0.02022        0.39956       13.90000        0.46636        1.33469        0.39987        7.02164        0.01225        0.05460       -0.00031        0.64809       50.82962        0.00315        0.03341       12.16029        0.50171        1.10137        0.59528        4.05847        0.00388        0.00172        0.05281      300.00000       35.94421
   36    1    1     1725.17001     1614.31854      585.12815        4.38513      131.94516        0.02126        0.08931        0.41584        7.00000        0.07913        1.33469        0.39987        8.70143        0.01824        0.02423        0.01596        1.21039      144.12607        0.02531        0.09014        5.59375        0.05097        0.56045        1.20126        7.79413        0.01473        0.03072        0.00912      300.00000       26.01905
   37    1    1     1818.55316     7554.90866     3826.08735        1.11530       17.87715        0.00039        0.03099        1.08249       32.10000        7.22091        0.67978        1.05478        7.54584        0.01462        0.00143        0.02768        4.25640       42.61436        0.00221        0.06384       11.78658        0.02010        4.66729        4.24590        7.13202        0.01232        0.00845        0.01050      300.00000      138.63987
   38    1    1     1897.89621     2586.04334      871.42079        8.55282      123.13713        0.01852        0.00680        1.10959       18.70000        1.31119        0.62709        1.10747        8.16578        0.01670        0.00939        0.00204        1.53601      123.30566        0.01856        0.00683       18.65220        0.53474        0.97614        1.53479        8.16446        0.01666        0.01033        0.00122      300.00000        1.62421
   39    1    1     1317.75702     1754.63996      725.24341        0.14094        3.73728        0.00002        0.08586        1.25288        8.30000        0.09028        0.48861        1.24596        4.60444        0.00516        0.00885        0.00696        0.93580       26.69860        0.00086        0.14360       17.50658        0.65766        0.19009        0.92269        2.13522        0.00110        0.00253        0.01311      300.00000      160.63769
   40    1    1     4455.61878     1444.11449      542.40268        5.08684       75.31542        0.00693        0.01985        0.59612        8.80000        0.07486        1.14353        0.59103        2.83103        0.00202        0.00941        0.00501        0.89367       66.26673        0.00536        0.01372       14.69367        0.12314        0.80335        0.89061        2.70365        0.00183        0.01164        0.00306      300.00000       87.77588
   41    1    1     1877.10691   491046.62066   188685.56091        5.13734      136.76627        0.02284        0.06371        0.72252       42.20000      477.41558        1.02505        0.70952        5.33514        0.00723        0.00108        0.01298       21.15498      137.49154        0.02307        0.06500       41.02394        0.21245      457.79472       21.14060        5.64812        0.00770        0.00046        0.01438      300.00000       19.02404
   42    1    1     2817.31766     1977.78974      728.21885        1.88543       25.99213        0.00083        0.02239        1.25955       26.30000        0.45256        0.47634        1.25822       10.93687        0.02992        0.00392        0.00135        0.61828       45.18619        0.00249        0.04525       21.10989        1.23615        0.30376        0.61878       11.62570        0.03353        0.00605       -0.00050      300.00000       61.98705
   43    1    1     4874.43170     1827.76823      757.32739        6.70328       53.30848        0.00347        0.00425        0.08504        4.20000        0.32384        1.65760        0.07696       14.16579        0.04873        0.06337        0.00807        1.02766       53.35849        0.00347        0.00475        2.75119        0.03108        1.00449        1.02233       14.16593        0.04890        0.06597        0.00532      300.00000        5.59737
   44    1    1     3326.25633     1586.26342      669.19054        4.08934       38.14885        0.00178        0.00885        0.68375       28.20000        0.10248        1.05212        0.68244        4.28986        0.00460        0.00168        0.00135        0.99441       47.90102        0.00279        0.03044       17.71305        0.49083        0.33034        0.99283        4.90280        0.00601        0.00044        0.00157      300.00000       56.92241
   45    1    1     1283.28936     2076.09335      671.38320        7.82680      205.61165        0.05163        0.03265        1.01545       21.90000        0.64045        0.71891        1.01566        7.82650        0.01512        0.01314       -0.00016        0.58809      205.76943        0.05166        0.03314       21.66841        1.00299        0.78967        0.58184        7.82490        0.01544        0.00636        0.00625      300.00000        0.42133
   46    1    1     3723.73627     1974.44723      900.17700        4.55282       91.17634        0.01015        0.03883        0.25489        2.50000        0.43434        1.48311        0.25145        3.78832        0.00360        0.09787        0.00348        1.53457       95.79311        0.01118        0.02483        9.33670        0.00534        0.64636        1.52295        6.70655        0.01141        0.08911        0.01162      300.00000      127.99847
   47    1    1     2667.26689     2336.20465      973.49366        8.54943       92.08397        0.01036        0.00381        0.65904        9.70000        0.91622        1.09426        0.64031       11.92036        0.03626        0.06824        0.01870        0.89792       91.97927        0.01032        0.00387        9.67533        0.19087        1.56263        0.89727       11.92039        0.03547        0.08712        0.00065      300.00000        1.82639
   48    1    1     1512.86426     1606.65075      569.96753        2.52318       64.40782        0.00507        0.07452        0.64845       28.40000        0.06385        1.09870        0.63586        3.00137        0.00229        0.00288        0.01255        0.61539       11.47179        0.00016        0.09009       24.82837        0.34932        0.82473        0.60474        6.70606        0.01140        0.00467        0.01066      300.00000      116.97798
   49    1    1     2203.11114     4127.34552     1699.07911        3.37077       74.98313        0.00687        0.05357        1.62220       12.20000        3.23844        0.12522        1.60934        2.78944        0.00198        0.00055        0.01286        3.13481       76.32272        0.00710        0.03440       20.35606        1.02612        0.83280        3.12186        7.23920        0.01266        0.00095        0.01295      300.00000       26.74469
   50    1    1     2112.11558     1658.83356      503.27138        6.69495      126.73784        0.01962        0.02415        1.12344       16.90000        0.23481        0.61094        1.12362        3.83957        0.00367        0.00271       -0.00021        0.53463      127.09161        0.01966        0.02389       16.90442        0.47751        0.95950        0.53237        3.95494        0.00383        0.00032        0.00226      300.00000        0.37082
   51    1    1     1120.50589     2380.30077      661.70112        0.77162       27.37357        0.00092        0.15279        0.53557       32.30000        0.76890        1.21282        0.52174       19.98468        0.09640        0.00006        0.01377        0.44309       23.66452        0.00068        0.16169       30.11225        0.43256        1.67366        0.43120       15.18462        0.05576        0.00003        0.01188      300.00000      149.94054
   52    1    1     3822.76916     1709.49011      747.84344        2.16107       26.92608        0.00089        0.01807        0.91028       17.00000        0.37476        0.82551        0.90906        7.50816        0.01409        0.00478        0.00123        0.33388       29.75062        0.00108        0.01444        5.90986        0.10352        1.66148        0.33265       10.81155        0.02922        0.00478        0.00122      300.00000       70.15159
   53    1    1     2774.53272     2201.79427      691.33596        2.48504       28.12565        0.00097        0.01468        0.39943       30.40000        0.83187        1.33475        0.39982        6.93987        0.01196        0.00920       -0.00036        0.77616       30.94800        0.00117        0.03602       25.61856        0.66746        1.10088        0.77531        7.54849        0.01423        0.00694        0.00085      300.00000       94.40720
   54    1    1     2342.00649     2162.74278      749.60315        5.22590      125.94280        0.01937        0.05156        0.84310       21.90000        0.66066        0.90328        0.83129        2.80077        0.00199        0.00114        0.01192        1.32255      124.59221        0.01886        0.04757       22.55219        0.52523        0.55527        1.31624        4.44812        0.00481        0.00681        0.00632      300.00000       45.71678
   55    1    1     1662.87410     1547.93881      684.63995        8.67569      139.22941        0.02368        0.00778        0.52968       30.10000        0.09507        1.22312        0.51144        4.83437        0.00562        0.00186        0.01828        1.28419      139.22598        0.02363        0.00780       30.11846        0.09514        0.46922        1.26533        4.82477        0.00594        0.00089        0.01887      300.00000        0.33554
   56    1    1     3217.02794     7848.11617     3567.19294        2.63324       26.31041        0.00085        0.01135        0.03584       24.90000        7.39598        1.70059        0.03397        8.17264        0.01672        0.01069        0.00185        3.00612       31.01205        0.00117        0.01464       24.61791        0.18430        5.95671        2.99320        5.95147        0.00900        0.00008        0.01292      300.00000       98.29220
   57    1    1     3851.93155     1898.73865      922.65665        0.23622        2.95659        0.00001        0.01912        0.34347        4.20000        0.35838        1.39717        0.33739       10.45088        0.02659        0.00269        0.00600        0.46901       23.00726        0.00065        0.03354       17.22339        0.12065        1.51622        0.46641        2.87125        0.00202        0.00533        0.00260      300.00000       86.79317
   58    1    1     2499.84458     3370.84505      535.26527        7.97205      104.39724        0.01331        0.00763        1.57353       37.50000        2.03365        0.16078        1.57378        8.42140        0.01764        0.02380       -0.00020        1.87306      103.66206        0.01311        0.00778       37.50528        1.74307        0.15297        1.87220        8.42156        0.01771        0.02264        0.00086      300.00000        0.20778
   59    1    1     3436.92448     2346.88819      927.42357        2.42654       28.45119        0.00099        0.01580        0.71808       14.30000        1.07963        1.01779        0.71677        7.66657        0.01443        0.01196        0.00131        0.38944       32.41499        0.00128        0.01011       27.24975        1.80211        0.65197        0.37882        3.02734        0.00222        0.00154        0.01062      300.00000       86.75360
   60    1    1     2366.01671     2702.42088     1112.68209        3.18202       58.48442        0.00418        0.03708        1.23119       15.00000        1.40630        0.50526        1.22931        5.79770        0.00824        0.00010        0.00186        2.52928       49.22093        0.00295        0.03406       26.08725        0.20400        0.41633        2.52907        4.01022        0.00396        0.00178        0.00021      300.00000       57.14684
   61    1    1     2029.21065     1875.26740      563.25167        5.00402      123.67982        0.01868        0.05593        1.59735       17.70000        0.34406        0.15374        1.58082       11.69678        0.03294        0.00041        0.01651        1.56226      129.72581        0.02051        0.06167       13.32525        0.40433        0.11063        1.55667       11.59309        0.03274        0.01099        0.00560      300.00000       23.76896
   62    1    1     2692.27933     1618.04817      650.57745        3.51637       61.83498        0.00467        0.03310        0.47603       16.80000        0.21725        1.26203        0.47253       11.93626        0.03481        0.00257        0.00353        1.53476       55.48901        0.00376        0.01558       19.37871        0.03066        0.39677        1.53144       13.74408        0.04618        0.00276        0.00332      300.00000       46.10840
   63    1    1     3145.30354    16004.63267     7057.06285        2.23211       27.70018        0.00094        0.01787        0.30854       19.10000       16.55384        1.45175        0.28282       10.10682        0.02443        0.00783        0.02573        4.46716       35.78406        0.00156        0.01217       23.64801        3.39943       10.42857        4.44844       13.09567        0.04122        0.01508        0.01871      300.00000       95.02691
   64    1    1     1936.59533   108897.06611    43438.38476        7.95095      132.82915        0.02155        0.01254        0.89130       16.30000      110.15153        0.87047        0.86409       22.50741        0.12102        0.00020        0.02719        6.27502      132.78380        0.02153        0.01260       16.28291        0.06393      105.54743        6.27467       22.50617        0.12471        0.02339        0.00034      300.00000        1.07004
   65    1    1     2040.99043     5286.27998     2556.72610        2.99825       55.54729        0.00377        0.03815        0.53521        5.60000        4.14829        1.19902        0.53555        7.28630        0.01312        0.00810       -0.00031        4.23345       47.69221        0.00278        0.03298        5.08013        0.00813        1.63873        4.23032       10.03889        0.02530        0.00429        0.00313      300.00000       87.24931
   66    1    1     3340.16792     2769.99331     1429.56161        6.02497       82.47010        0.00831        0.01458        0.29056        8.30000        1.22293        1.45481        0.27976        5.60652        0.00797        0.03791        0.01072        2.81685       82.98735        0.00838        0.01402        8.56409        0.05718        0.08803        2.81244        5.72014        0.00798        0.04460        0.00442      300.00000        9.65445
   67    1    1     1573.72839     1641.50546      615.02346        5.92896      166.61513        0.03390        0.06255        0.80605       17.80000        0.04953        0.94584        0.78873        6.71724        0.01150        0.01148        0.01733        1.17917      165.01466        0.03308        0.06202       18.60492        0.04186        0.57070        1.17304        6.69186        0.01129        0.02273        0.00613      300.00000        2.07993
   68    1    1     2927.27461     3616.89598     1684.62858        4.06147       64.94320        0.00515        0.02608        0.31491       12.20000        2.31261        1.43442        0.30014       11.02206        0.02930        0.00710        0.01468        1.29061       71.78387        0.00628        0.02354       20.51759        0.24381        2.54396        1.27098        9.04357        0.02088        0.00048        0.01962      300.00000       20.76450
   69    1    1     3518.33320     1630.78751      581.24621        2.96827       66.00674        0.00532        0.05507        1.12411        4.00000        0.11790        0.66799        1.06658       13.08738        0.04024        0.00419        0.05752        0.22190       61.67298        0.00464        0.01222       11.89808        0.26797        1.43014        0.17049       16.89229        0.07418        0.00378        0.05141      300.00000       19.80059
   70    1    1     1510.76586    15792.34691     6304.16198        7.97295      170.63388        0.03556        0.02038        1.26936       23.90000       16.22336        0.46481        1.26976       12.03053        0.03577        0.02829       -0.00046        8.04360      170.24463        0.03537        0.02031       23.99371        0.30169        9.61337        8.04303       12.03122        0.03612        0.02701        0.00057      300.00000        0.74634
   71    1    1     1946.24608     2176.82009      788.51113        0.73087       21.95458        0.00059        0.10962        0.92370       19.50000        0.62639        0.81034        0.92423        2.21418        0.00122        0.00989       -0.00043        1.80356       43.18011        0.00227        0.02367       42.05090        0.47868        0.15322        1.80328        6.73508        0.01117        0.00917        0.00027      300.00000      108.94597
   72    1    1     3405.83148     2106.07333      540.15916        5.15694       76.05116        0.00706        0.01950        1.61497       20.80000        0.82916        0.12727        1.60729        4.75034        0.00548        0.00129        0.00769        1.02471       75.42179        0.00694        0.01934       22.34240        1.06931        0.48130        1.01680        2.98301        0.00225        0.00089        0.00791      300.00000       35.77935
   73    1    1     6367.15324     1576.98187      770.21883        2.14692       11.78029        0.00017        0.00351        0.71074        9.90000        0.02922        1.03398        0.70059        6.50387        0.01071        0.00647        0.01014        0.90794       23.92234        0.00070        0.00230       12.21472        0.00994        0.86682        0.89160        5.27909        0.00671        0.00040        0.01634      300.00000       72.75777
   74    1    1     1892.81885     2544.86785      646.87356        2.98253       60.93496        0.00453        0.04644        1.41229       30.20000        1.26570        0.32238        1.41219        7.73914        0.01476        0.02195        0.00015        1.55125       79.44765        0.00769        0.06710       24.82189        1.09590        0.35209        1.53706        5.34616        0.00727        0.00676        0.01419      300.00000       48.47530
   75    1    1     4148.86963     1574.81754      662.29394        8.45083       56.72830        0.00393        0.00157        1.35167       24.80000        0.08022        0.38851        1.34605       12.66337        0.03906        0.01369        0.00561        1.26580       56.80698        0.00394        0.00156       24.79455        0.09920        0.45528        1.26028       12.66354        0.03907        0.01382        0.00551      300.00000        2.51340
   76    1    1     1352.31176     5106.83873     2355.07377        6.14149      195.48689        0.04667        0.07707        0.48190       19.80000        3.92202        1.27501        0.45955       14.18148        0.04821        0.00000        0.02232        2.45413      194.93495        0.04641        0.07710       19.92982        0.61311        2.59542        2.44840       14.17318        0.05062        0.01411        0.00573      300.00000        1.47976
   77    1    1     1957.69725    16387.86131     7446.62113        3.52760       76.19560        0.00709        0.04989        0.29268       27.40000       16.72152        1.44794        0.28662       14.88480        0.05585        0.06845        0.00607        1.88061       68.65816        0.00574        0.02995       23.87839        0.48887       16.05039        1.88051       19.37585        0.09254        0.09533        0.00009      300.00000       63.35564
   78    1    1     3941.25739     2827.20384      839.73229        1.66104       30.46215        0.00113        0.03994        0.88559       24.40000        1.68346        0.85740        0.87716        7.61494        0.01466        0.01035        0.00854        2.57647       41.66658        0.00212        0.02282       28.80258        0.72116        0.14644        2.56184        8.95210        0.02038        0.00318        0.01463      300.00000      111.96404
   79    1    1     2852.43650     2089.75974      836.14547        1.25789       32.61435        0.00130        0.08080        1.06233       26.00000        0.51174        0.69363        1.04094       17.74117        0.07550        0.08993        0.02137        1.60439        8.79127        0.00009        0.05703       35.85984        0.09064        0.68229        1.54264       12.63092        0.04166        0.03914        0.06175      300.00000      122.44866
   80    1    1     1193.63735     2967.18528     1213.66489        8.94384      179.79918        0.03948        0.00988        0.54592       23.40000        1.73219        1.19421        0.54036        6.93313        0.01211        0.00667        0.00550        0.31672      179.87451        0.03945        0.00992       23.39658        1.26705        1.88495        0.31475        6.92940        0.01202        0.01035        0.00197      300.00000        0.36373
   81    1    0     1479.17295  5267695.69873  1701401.36752        0.24365        4.67850        0.00003        0.04501        0.30297       21.90000     4548.23191        1.54976        0.18480       20.63210        0.11333        0.04000        0.11816     1507.54434        0.00000        0.00000        0.00000        8.04920        0.00015     3042.74150     1507.54434        0.00000        0.00000        0.00000        0.00000      300.00000        0.00000
   82    1    1     1685.39961     1656.99698      624.80956        7.62351      157.78007        0.03040        0.02191        0.95353       12.90000        0.17464        0.78057        0.95399        8.86365        0.01943        0.00025       -0.00028        0.14202      157.32683        0.03014        0.02241       12.67849        0.74953        1.01706        0.14232        8.86385        0.01941        0.00016       -0.00030      300.00000        0.49754
   83    1    1     2081.44986     1759.26574      707.56868        6.25821      127.38611        0.01982        0.03078        1.19121       19.20000        0.21548        0.56416        1.17040        7.07283        0.01201        0.00178        0.02082        0.86488      126.35134        0.01946        0.03016       19.70968        0.32163        0.77737        0.85208        7.06474        0.01206        0.00968        0.01281      300.00000        0.05442
   84    1    1     1831.02405     1792.63629      827.02536        6.88357      146.08526        0.02606        0.02894        0.74557       24.10000        0.05400        1.03546        0.69911       12.39824        0.03987        0.01513        0.04653        1.66575      145.96288        0.02600        0.02898       24.06864        0.04426        0.09510        1.64915       12.40179        0.03918        0.04577        0.01660      300.00000        0.88876
   85    1    1     2558.15728     4077.71162     1909.37733        6.59818      108.18359        0.01429        0.01854        0.04702       40.20000        3.10808        1.71509        0.01947       14.69896        0.05546        0.05942        0.02750        2.90645      108.01318        0.01424        0.01880       40.10489        0.36246        1.58689        2.89282       14.74610        0.05250        0.07655        0.01363      300.00000        5.04496
   86    1    1     2172.77034     2401.96374      580.92898        6.63600      124.79297        0.01902        0.02417        1.12523       26.00000        1.12171        0.61078        1.12378        3.96877        0.00386        0.01646        0.00146        1.44703      124.79126        0.01900        0.02446       25.90439        0.66722        0.74729        1.44152        3.95650        0.00394        0.01231        0.00551      300.00000        1.64241
   87    1    1     5891.87013     4461.12757     2139.42026        5.22318       54.15940        0.00358        0.00955        0.21243        4.20000        3.41508        1.52615        0.20841        4.20433        0.00432        0.00182        0.00401        2.06517       44.39984        0.00240        0.01055        8.52034        0.16700        2.91579        2.06384        5.55889        0.00773        0.00428        0.00133      300.00000      100.49521
   88    1    1     2809.77652     1964.11070      499.24736        4.12855       55.50802        0.00376        0.01831        1.68769       23.20000        0.48250        0.05959        1.67497       13.83230        0.04623        0.02634        0.01278        1.58493       59.51337        0.00432        0.03116       25.00450        0.49779        0.16332        1.55863       10.72278        0.02748        0.01543        0.02630      300.00000       31.35569
   89    1    1     1458.24412     1744.94123      868.89521        8.22811      171.75775        0.03603        0.01719        1.46428       22.70000        0.02962        0.27717        1.45739        4.60444        0.00516        0.00885        0.00687        0.44526      171.74772        0.03602        0.01692       22.82431        0.02815        1.29681        0.43952        4.60632        0.00517        0.00998        0.00574      300.00000        0.38803
   90    1    1     1706.77950     2340.27413      643.10116        5.54100      158.50118        0.03068        0.06925        0.62150       28.00000        0.81843        1.15705        0.57752        7.74367        0.01553        0.00883        0.04397        2.06199      155.36988        0.02932        0.06667       29.35363        0.37242        0.15193        2.03262        7.74400        0.01431        0.02464        0.02937      300.00000       13.51758
   91    1    1     1807.59450    83731.15817    33641.97180        7.26103      148.45186        0.02692        0.02414        1.13285       17.80000       84.58970        0.60805        1.12651       12.26990        0.03796        0.01273        0.00621       14.99354      148.37962        0.02689        0.02416       17.87869        0.10935       71.23248       14.98258       12.24952        0.03632        0.00962        0.01096      300.00000        0.57886
   92    1    1     1941.91845     1671.67850      643.10282        6.73929      139.20806        0.02367        0.02844        0.39873        7.00000        0.11943        1.33725        0.39731       13.24100        0.04302        0.00616        0.00150        0.80591      137.71427        0.02314        0.02869        7.32760        0.04927        1.00227        0.80270       13.24115        0.04287        0.00457        0.00321      300.00000        0.28324
   93    1    1     2019.21997    26718.67579    11835.06703        8.17450      125.11780        0.01912        0.00949        0.31509        6.60000       27.73182        1.41899        0.31558        6.32619        0.00990        0.00068       -0.00049       11.33215      125.62751        0.01927        0.00932        6.70466        0.38017       17.75418       11.33213        6.32512        0.00996        0.00004        0.00002      300.00000        0.05475
   94    1    1     2107.43249     2436.53923      991.76923        1.88302       26.54916        0.00086        0.02342        0.77133       11.20000        1.16402        0.97381        0.76075        7.21057        0.01317        0.04050        0.01053        2.13059       25.74789        0.00081        0.03601        9.98847        0.07596        0.72797        2.08809        5.29878        0.00665        0.00913        0.04250      300.00000      131.89320
   95    1    1     7490.96243     4670.10076     2348.87152        5.39792       35.03519        0.00150        0.00365        0.17237       13.60000        3.45666        1.56250        0.17206        5.27948        0.00695        0.00365        0.00035        1.54024       28.71459        0.00101        0.01720       20.26964        2.72940        0.89780        1.53655        9.24900        0.02149        0.00016        0.00369      300.00000       58.67721
   96    1    1     5570.28465    24681.41641    11205.84327        6.45218       34.83167        0.00148        0.00208        0.42989       31.60000       25.59554        1.30654        0.42802        8.17264        0.01672        0.01069        0.00184       18.50044       33.91704        0.00140        0.05591       36.75638        0.39018        8.39895       18.49543        5.40601        0.00736        0.00872        0.00501      300.00000       34.86249
   97    1    1     1614.03637   939759.29374  2838774.06577        0.62955        8.51083        0.00009        0.02223        0.50131        7.50000        0.01443        1.23583        0.49874       13.61720        0.04650        0.00006        0.00252    -1400.63711     3816.19698       17.75823      120.54478      778.45067      511.07476      518.11068      330.19068     3104.11071        7.09451      227.87515    -1730.82779      300.00000       65.31543
   98    1    1     5792.46159     2311.29202     1031.22374        3.53364       51.93662        0.00329        0.02309        1.31375       25.70000        0.90416        0.43701        1.29755        4.12667        0.00434        0.00058    -1740.71056        0.59818       55.52475        0.00376        0.00826       14.97677        0.41493        1.60989        0.59843       11.91442        0.03530        0.01590       -0.00025      300.00000      120.66503
   99    1    1     1445.69479     3134.17942     1318.77988        2.46676       57.24118        0.00400        0.06176        1.14471       32.30000        1.70494        0.59025        1.14432       12.67242        0.03953        0.00843        0.00037        0.86069       94.72054        0.01088        0.10660       32.29877        0.67899        1.87966        0.85735        6.71284        0.01102        0.00579        0.00333      300.00000       85.13553
  100    1    1     1964.79129    61785.05627    25713.82181        8.18619      130.08219        0.02067        0.01017        0.45344       21.70000       63.70902        1.28120        0.45336       11.28120        0.03170        0.01503        0.00012       53.62194      129.60264        0.02051        0.01045       21.67401        0.09733       11.72930       53.61679       11.27894        0.03203        0.00965        0.00514      300.00000        0.33404
