    1    1    1     2904.84162     8628.72341     3899.99689        6.14370       96.16038        0.01129        0.01863        0.90010       19.10000        8.37972        0.83735        0.89722        6.31159        0.01000        0.00090   -33197.38091        4.01973       96.25937        0.01128        0.01784       19.42102        0.01746        6.07847        4.01905        6.31690        0.00996        0.00321        0.00068      300.00000       10.86528
    2    1    1     1698.61660     1571.91707      786.82332        6.72123      159.29017        0.03099        0.03761        0.31452        6.50000        0.11009        1.44273        0.29183        4.38438        0.00461        0.02069        0.02258        0.90404      160.59048        0.03134        0.03689        7.14353        0.00367        0.97771        0.86372        4.38546        0.00456        0.00304        0.04032      300.00000        1.36241
    3    1    1     2403.71962     7825.90423     2899.91069        3.23834       60.22764        0.00443        0.03782        0.84706       45.90000        7.36383        0.89814        0.83643       10.08703        0.02578        0.02452        0.01054        5.69299       74.35329        0.00673        0.02658       50.65413        2.09424        1.35430        5.66878        7.80238        0.01457        0.01217        0.02421      300.00000       41.43559
    4    1    1     1112.04421     2086.60043      779.16511        8.04782      234.47377        0.06715        0.03653        1.38259       15.00000        0.69621        0.35145        1.38311       10.59381        0.02776        0.01338       -0.00048        0.85485      234.46330        0.06677        0.03689       15.01298        0.60596        0.96940        0.85544       10.59382        0.02780        0.01340       -0.00058      300.00000        0.81004
    5    1    1     2361.52351     2643.75258     1026.57295        4.55733       93.39872        0.01065        0.04064        0.26106       20.40000        1.34293        1.50921        0.22535        8.23743        0.01612        0.00637        0.03564        2.19412       96.34211        0.01132        0.04309       23.06164        0.15019        0.74957        2.18140        6.37720        0.01033        0.02836        0.01272      300.00000       12.65908
    6    1    1     2056.84913     3846.02877     1650.76233        1.08396       13.60867        0.00023        0.01902        1.13844        1.70000        2.61681        0.61575        1.11882        7.20396        0.01247        0.01057        0.01964        1.90611       25.87534        0.00082        0.10893       17.01615        0.70120        1.65737        1.90629        6.44417        0.01025        0.02861       -0.00018      300.00000      144.79392
    7    1    1     2850.03108    14508.50672     6753.54831        6.19360       95.75400        0.01120        0.01799        0.44260       22.90000       14.44861        1.31135        0.42321        4.03827        0.00416        0.00048        0.01936        3.08161       97.81337        0.01168        0.01787       22.73224        0.03133       13.07030        3.08117        4.04913        0.00403        0.01955        0.00044      300.00000        6.24271
    8    1    1     1668.55664     2411.74678      991.29279        8.06120      153.84103        0.02891        0.01558        1.52239       13.30000        1.10438        0.22869        1.50587        6.81017        0.01182        0.00315        0.01660        1.71881      153.80480        0.02886        0.01583       13.10894        0.03196        1.08776        1.71897        6.80901        0.01144        0.02026       -0.00016      300.00000        0.33801
    9    1    1     1657.07094     2459.46673      688.30002        8.45875      146.26347        0.02613        0.01039        0.77677       28.70000        1.21471        0.96611        0.76845        2.08516        0.00110        0.00261        0.00826        2.27256      146.45085        0.02618        0.01025       28.73843        0.49820        0.18207        2.26912        2.06408        0.00107        0.00749        0.00344      300.00000        0.18213
   10    1    1     1356.72235    88709.98487    36105.43011        1.79539       49.42163        0.00298        0.08956        0.49330       13.40000       91.05389        1.25121        0.48336       12.09995        0.03547        0.00655        0.00999       53.51875       55.01741        0.00370        0.11760       39.19503        0.23710       39.03292       53.51847        5.28442        0.00696        0.01593        0.00028      300.00000      108.84749
   11    1    1     3482.93165     1472.76349      587.59414        2.46235       30.01416        0.00110        0.01705        0.40629       17.30000        0.01753        1.39047        0.34410        4.09332        0.00393        0.01655        0.06208        1.65461       27.27730        0.00091        0.01026        9.01938        0.02180        0.09287        1.61720       11.15431        0.02954        0.04294        0.03741      300.00000       85.37883
   12    1    1     1456.94083     2529.32100      973.05494        0.19371        5.95730        0.00004        0.11547        0.54746       17.30000        1.24958        1.20158        0.53298        3.87711        0.00363        0.00117        0.01441        1.49688       28.34863        0.00097        0.07399       26.84142        0.19880        1.32411        1.47941        9.73757        0.02282        0.00137        0.01747      300.00000      146.60119
   13    1    1     3370.21693     6712.18359     3000.52593        2.11960       19.10521        0.00045        0.00948        0.37678       27.00000        6.26296        1.35960        0.37496        7.52442        0.01388        0.00735        0.00190        2.42238       23.97221        0.00070        0.01163       26.62698        0.89696        4.67438        2.42014        8.50103        0.01770        0.00675        0.00224      300.00000      116.12074
   14    1    1    17406.94246     1727.55196      752.37267        1.86384       23.09747        0.00065        0.01810        1.34568       19.40000        0.18914        0.43182        1.30274        2.73169        0.00193        0.09519        0.04290        0.74172       18.59714        0.00042        0.00522       23.15136        0.27030        0.94535        0.71787        3.87474        0.00385        0.11567        0.02385      300.00000       39.26160
   15    1    1     1245.29275    24119.17847    10348.56833        1.31177       35.40070        0.00153        0.08742        0.78572       19.60000       25.00490        0.95984        0.77473       24.88527        0.15699        0.00903        0.01102       19.36139       82.24522        0.00826        0.10201       46.67217        0.19013        7.27286       19.35235       16.39666        0.06521        0.00555        0.00903      300.00000      115.60232
   16    1    1     2672.35909     1604.67857      664.29055        4.01113       91.11111        0.01014        0.05288        1.04136        7.50000        0.12476        0.69544        1.03912       14.38731        0.05071        0.00091        0.00224        1.27515       56.18239        0.00384        0.01955       33.23457        0.24695        0.40125        1.27568       10.28200        0.02619        0.00326       -0.00054      300.00000       21.42495
   17    1    1     1584.99336     2860.04334     1181.94423        5.68222      160.69192        0.03154        0.06614        1.46087       17.20000        1.40671        0.27972        1.45485        8.77506        0.01874        0.00003        0.00605        1.28095      160.33301        0.03130        0.06676       16.96648        0.79560        1.06925        1.27601        8.76954        0.01875        0.00114        0.00494      300.00000        1.56077
   18    1    1     3419.81901    45428.17605    19314.96815        5.53588       88.47201        0.00956        0.02163        0.77622        8.70000       47.36600        0.96850        0.76607        3.26734        0.00259        0.00423        0.01021       20.08292       87.01724        0.00924        0.01792        8.56708        0.55107       28.48050       20.07024        4.91832        0.00614        0.00092        0.01268      300.00000       37.12554
   19    1    1     1576.16496     1652.83906      575.46829        2.85178       92.79837        0.01052        0.11881        1.39256        9.80000        0.05190        0.34199        1.39257        3.16345        0.00249        0.00048        0.00003        1.20793       91.21322        0.01016        0.06770       37.18774        0.32256        0.30876        1.20832        1.55105        0.00059        0.00104       -0.00039      300.00000       43.62842
   20    1    1     3067.53420     4723.54449     2330.15862        1.91020       44.71985        0.00244        0.06450        0.22887       20.80000        3.53776        1.50524        0.22932        3.28199        0.00267        0.01349       -0.00049        5.11463       58.25646        0.00413        0.01164       13.96662        0.04273        0.17873        5.10369        2.06955        0.00104        0.00205        0.01095      300.00000       36.19949
   21    1    1     2476.88688     6426.60948     2856.53420        6.31203      112.42598        0.01544        0.02331        0.23826       14.70000        5.96223        1.51964        0.21493        2.77245        0.00197        0.00126        0.02327        5.29669      111.45751        0.01514        0.02374       14.90693        0.24262        2.17495        5.27899        2.84028        0.00206        0.00690        0.01770      300.00000        7.33091
   22    1    1     2385.13853     2693.23153      996.16448        1.26007       23.27979        0.00066        0.04103        0.28955       15.60000        1.37491        1.44707        0.28750       16.27681        0.06636        0.00250        0.00202        1.08167       36.29613        0.00161        0.01682       20.93013        0.34797        1.69367        1.08021       17.48691        0.07503        0.00530        0.00145      300.00000      118.41992
   23    1    1     2153.33791     3800.78494     1424.55372        4.98974      121.78317        0.01811        0.05464        0.46293       25.80000        2.53531        1.28563        0.44893        6.05940        0.00886        0.00124        0.01397        2.99243      118.06012        0.01700        0.04862       28.06452        0.44161        0.85729        2.97720        6.35182        0.00973        0.00006        0.01523      300.00000       24.63201
   24    1    1     2441.55154     1552.59317      660.79297        1.30074       22.30319        0.00061        0.03530        0.45837       20.90000        0.04464        1.28563        0.44893        3.44955        0.00289        0.00803        0.00936        0.54874       33.79449        0.00139        0.01697       27.91893        0.08047        1.18327        0.53324        3.17865        0.00257        0.00206        0.01551      300.00000      114.11422
   25    1    1     1862.01612     1653.22311      652.09368        5.09256      140.61721        0.02415        0.06897        0.78661       16.00000        0.01575        0.98435        0.75021       11.79006        0.03302        0.07008        0.03630        0.76355      146.50135        0.02612        0.06897       13.55543        0.01089        0.97137        0.76350       12.10871        0.03651        0.10553        0.00005      300.00000       28.19788
   26    1    1     2159.96381     2034.61370      503.12750        6.37524      125.63874        0.01928        0.02815        1.30198       36.50000        0.55783        0.46049        1.27407        8.32905        0.01656        0.01303        0.02793        1.33973      125.77240        0.01926        0.02771       36.68710        0.63616        0.34966        1.30734        8.25309        0.01754        0.00728        0.03239      300.00000        3.21860
   27    1    1     2480.31119     1518.50745      603.48898        3.02148       45.25054        0.00250        0.02489        0.73629       12.20000        0.05559        0.99773        0.73684        7.44016        0.01372        0.00287       -0.00047        1.18174       56.36960        0.00388        0.02249        9.79272        0.03653        0.57146        1.17902        8.42155        0.01736        0.00013        0.00272      300.00000       71.15432
   28    1    1     1635.96425     2812.92389     1203.64378        5.71484      166.77885        0.03397        0.07005        0.70421       11.80000        1.26602        1.03568        0.69889       15.35022        0.05934        0.00069        0.00533        0.70089      164.20882        0.03273        0.07182       10.95552        0.31808        1.98312        0.69821       15.43385        0.05830        0.00503        0.00267      300.00000       13.08133
   29    1    1     1661.54186     1947.04384      830.68559        0.88211       19.76717        0.00048        0.06085        1.51166       32.90000        0.36848        0.22313        1.51143        2.62831        0.00172        0.01879        0.00022        1.57126       43.03994        0.00225        0.05591       27.92722        0.18563        0.36806        1.55428        0.66550        0.00011        0.00190        0.01698      300.00000      149.00481
   30    1    1     2307.33205  1120439.69585   389327.55399        5.63580      118.63202        0.01719        0.03693        1.53388       24.30000     1042.68232        0.20207        1.53250       10.50670        0.02709        0.00012        0.00142      665.73046      118.99323        0.01729        0.03748       24.53002        0.25647      378.43021      665.72890       10.77010        0.02846        0.00002        0.00156      300.00000       18.54858
   31    1    1    13097.43212     4047.62431     1619.35338        0.76095       10.00464        0.00012        0.02099        1.49561       30.60000        3.13632        0.23937        1.49519        1.52863        0.00058        0.01750        0.00045        0.67535       33.42323        0.00136        0.01354       19.84296        3.02244        1.17889        0.66302        6.16275        0.00918        0.00974        0.01233      300.00000      100.29488
   32    1    1     1961.50671    11557.08262     5017.17162        3.26370       65.29809        0.00521        0.04368        0.21209       12.80000       11.60288        1.52314        0.21142        6.60261        0.01088        0.02599        0.00071        4.06086       75.54367        0.00697        0.04007       12.95304        0.12522        9.15440        4.06143        7.43861        0.01372        0.02265       -0.00057      300.00000       57.38466
   33    1    1     3384.41240     1839.01048      702.07140        3.19403       18.55942        0.00042        0.00370        1.23573       44.20000        0.27947        0.49869        1.23588       10.41909        0.02678        0.03498       -0.00015        0.18496       43.90390        0.00235        0.09702       16.93232        1.33798        0.42006        0.15979       10.51602        0.02835        0.00905        0.02517      300.00000      110.21936
   34    1    1     2525.46782     2981.27491      923.44333        4.13960       85.27532        0.00888        0.04295        1.54226       22.50000        1.81877        0.19182        1.54274        2.43750        0.00147        0.04522       -0.00059        2.13977       85.44867        0.00888        0.03508       23.16400        0.62626        0.79923        2.12500        6.93769        0.01224        0.02991        0.01476      300.00000       21.74303
   35    1    1     2966.01871     1566.90923      715.42340        3.09884       35.50457        0.00154        0.01449        0.22926       29.10000        0.22571        1.52995        0.20462        3.25064        0.00253        0.00509        0.02458        1.03595       37.48139        0.00171        0.01407       27.85501        0.06737        0.85176        1.03572        5.22144        0.00679        0.03092        0.00023      300.00000       89.62754
   36    1    1      859.29560     1733.89944      805.51696        8.93274      253.55644        0.07852        0.01988        0.16640        2.00000        0.00721        1.57203        0.16253        7.50496        0.01416        0.00386        0.00396        0.61805      253.63915        0.07836        0.02008        1.96230        0.00327        1.12062        0.61787        7.50561        0.01404        0.00764        0.00018      300.00000        0.23926
   37    1    1     5208.84371     1851.72309      512.75655        5.60606       72.88427        0.00649        0.01416        1.64975       24.80000        0.47942        0.10346        1.63110        6.93821        0.01157        0.03398        0.01860        1.11676       89.24578        0.00968        0.02578       18.26432        0.68447        0.42001        1.09533        6.76590        0.01170        0.03044        0.02142      300.00000      176.21296
   38    1    1     1718.20644    50473.57000    20555.03257        2.33843       53.34202        0.00348        0.06008        1.53806       13.10000       52.07405        0.19761        1.53696        5.88241        0.00865        0.00176        0.00111       34.37340       45.86508        0.00256        0.09165        9.77486        0.00437       19.38811       34.37078        9.75493        0.02329        0.00031        0.00261      300.00000      101.61600
   39    1    1     1646.65046    35233.34818    15565.61143        8.52044      146.76539        0.02631        0.00993        1.00081       17.00000       36.44338        0.74193        0.99263        0.73712        0.00013        0.02874        0.00812       17.85137      146.52913        0.02620        0.01003       16.96876        0.12500       20.22105       17.83187        0.73739        0.00014        0.01743        0.01950      300.00000        0.21450
   40    1    1     1491.72987     2077.41316      749.92984        5.62748      171.96654        0.03612        0.07793        0.97432       20.90000        0.24674        0.76479        0.96978       25.18687        0.15476        0.00026        0.00459        0.77656      173.68816        0.03663        0.08393       17.59892        0.05002        1.15296        0.77174       25.18595        0.15470        0.00012        0.00482      300.00000        6.15060
   41    1    1     1625.36664    12074.01713     5360.51606        6.83477      168.13225        0.03453        0.03938        0.40182       17.50000       11.83200        1.33801        0.39656        4.78528        0.00577        0.00074        0.00533        4.48679      169.85596        0.03516        0.03975       16.87990        1.95773        7.12421        4.48366        4.78106        0.00574        0.00284        0.00314      300.00000        2.86194
   42    1    1     6275.04220     1453.24244      572.15260        2.51096       21.42264        0.00056        0.00833        0.71752        2.50000        0.00344        1.02580        0.70877       13.06315        0.04316        0.02411        0.00869        0.80647       29.79151        0.00108        0.00213       25.96170        0.04029        0.94850        0.78104        8.14446        0.01587        0.00859        0.02543      300.00000       57.86323
   43    1    1     5661.28540     2455.97973      726.30041        5.70417       69.00213        0.00582        0.01206        0.70026       21.10000        1.19649        1.03505        0.69952        5.15647        0.00664        0.00092        0.00069        0.66772       71.84258        0.00630        0.01133       21.70790        1.07631        1.18966        0.66638        4.74795        0.00564        0.00027        0.00133      300.00000      104.63254
   44    1    1    14926.11680     1560.53120      685.87781        3.43410       43.93007        0.00236        0.01763        1.54319       10.30000        0.12987        0.19105        1.54351        9.68303        0.02331        0.00385       -0.00030        0.31910       44.21334        0.00239        0.03598        6.75300        0.20542        1.33996        0.31475        5.87334        0.00842        0.00001        0.00435      300.00000       62.03650
   45    1    1     1502.97583     2259.45776      885.33905        2.92970       86.34172        0.00910        0.09697        1.44780        9.70000        0.85295        0.28978        1.44479        6.80246        0.01132        0.01900        0.00298        0.26251       83.65959        0.00853        0.10255       10.21918        0.72520        1.58960        0.26261        8.49212        0.01795        0.02058       -0.00010      300.00000       42.96163
   46    1    1     1029.01513     1961.49673      666.75843        8.39464      238.41970        0.06943        0.02909        1.13824        9.10000        0.46590        0.60103        1.13353        5.63753        0.00775        0.00917        0.00464        1.47839      238.44089        0.06931        0.02921        9.09671        0.11914        0.60595        1.47538        5.63810        0.00777        0.01083        0.00302      300.00000        0.29329
   47    1    1     2659.90680     2494.94240      393.89827        5.79610      112.01452        0.01532        0.03029        1.33447       33.50000        1.02654        0.39961        1.33496       13.37422        0.04428        0.00237       -0.00051        1.23771      112.33160        0.01536        0.03058       33.01549        1.12078        0.40235        1.23632       13.57260        0.04607        0.00004        0.00139      300.00000       29.67345
   48    1    1     2393.65687     1509.64386      608.58550        4.69131       99.02473        0.01198        0.04244        1.00060        6.80000        0.01860        0.74910        0.98547        7.78767        0.01543        0.00647        0.01516        1.22811      103.96974        0.01317        0.04243       15.75905        0.02929        0.52243        1.21199        3.86648        0.00381        0.00537        0.01612      300.00000       25.42734
   49    1    1     1750.93094     1570.26952      516.02234        3.43164       87.52719        0.00936        0.07010        0.95600       10.30000        0.10903        0.77819        0.95637        2.51187        0.00156        0.00005       -0.00033        1.12973       75.31764        0.00688        0.05344       18.98152        0.39519        0.33243        1.13016        5.08945        0.00643        0.00019       -0.00043      300.00000       51.79384
   50    1    1     3044.50647    10224.18112     4238.27629        5.15716       93.46963        0.01067        0.02945        0.41832       14.20000       10.09378        1.32972        0.40485       21.58870        0.11254        0.00405        0.01351        0.96778       91.25546        0.01017        0.03620       15.16294        0.22363       10.65092        0.95729       20.65323        0.10808        0.00179        0.01048      300.00000       63.10543
   51    1    1     1732.73306     1623.63650      551.07467        7.08568      157.18114        0.03017        0.02993        0.66804       18.10000        0.12392        1.09422        0.64034       11.86443        0.03362        0.00510        0.02763        1.67960      157.22716        0.03017        0.02891       18.69037        0.15992        0.01968        1.67996       11.86399        0.03478        0.03195       -0.00036      300.00000        1.23838
   52    1    1     2933.19106    15479.14855     6351.41003        0.77705       17.97517        0.00039        0.06496        0.19691       22.80000       16.26325        1.55630        0.17826       10.34813        0.02732        0.02414        0.01862       13.21128       21.12834        0.00054        0.00555       38.73464        0.33984        4.50155       13.20213       12.47931        0.03940        0.03512        0.00916      300.00000      141.68984
   53    1    1     1737.29429     2678.52179      764.52023        3.98846      108.02579        0.01425        0.07534        0.76254       44.50000        1.21016        1.00541        0.72916       11.06280        0.03153        0.05014        0.03345        0.98989      107.35076        0.01407        0.08260       45.56673        0.99407        1.03613        0.92406        7.53384        0.01328        0.01933        0.06582      300.00000        5.47409
   54    1    1     1137.22606     3447.69405     1441.61160        5.15852      215.18197        0.05655        0.15597        0.91328       18.20000        1.83122        0.83916        0.89541       10.41654        0.02610        0.00977        0.01792        3.02500      215.18120        0.05581        0.16210       17.19327        0.08687        0.45858        3.01883        9.66794        0.02357        0.02011        0.00617      300.00000        6.29805
   55    1    1     1276.34094     4491.76995     2212.82876        8.63645      182.55089        0.04070        0.01387        1.63961       17.40000        3.17554        0.14104        1.59353        0.61888        0.00009        0.02407        0.04608        1.21382      182.66702        0.04068        0.01395       17.37249        0.08156        3.63935        1.18914        0.59398        0.00008        0.04546        0.02469      300.00000        0.58378
   56    1    1     1412.26152     1530.01503      595.36918        7.37916      190.05016        0.04411        0.03690        0.97571       12.50000        0.02489        0.75968        0.97488        3.42279        0.00288        0.03037        0.00082        0.79932      190.51394        0.04428        0.03711       12.17585        0.02427        0.96409        0.77069        3.42667        0.00302        0.00246        0.02863      300.00000        0.14865
   57    1    1     2500.40651     2094.36322      859.34267        3.13542       56.71576        0.00393        0.03603        0.59041       10.50000        0.63512        1.19099        0.54358        8.36893        0.01654        0.04075        0.04679        1.86923       71.44473        0.00620        0.03038       22.55207        0.19745        0.34484        1.83963        5.88607        0.00826        0.05740        0.02960      300.00000       32.18427
   58    1    1     2900.67393     1629.18874      708.63108        3.68726       76.13899        0.00708        0.04500        1.31043       20.20000        0.09138        0.43050        1.30406        7.29949        0.01296        0.00022        0.00642        0.73961       65.44869        0.00523        0.01450        6.85405        0.12774        0.94819        0.73982       15.05411        0.05591        0.00641       -0.00021      300.00000       12.77020
   59    1    1     1655.98818     4183.31349     1618.52298        5.18510      154.01022        0.02897        0.07878        0.55480       31.10000        2.83186        1.21999        0.51457       14.87168        0.05719        0.00161        0.04021        3.26543      158.68146        0.03065        0.08387       29.16122        0.54679        0.76359        3.24942       14.84174        0.05307        0.02981        0.01602      300.00000       18.14564
   60    1    1     1911.34639     3350.85545     1353.34237        7.21767      142.26895        0.02472        0.02273        0.82592       44.70000        1.91914        0.90817        0.82639       12.25386        0.03727        0.00090       -0.00043        0.74777      141.98694        0.02450        0.02266       44.75135        1.96819        0.93749        0.74827       12.25565        0.03719        0.00106       -0.00050      300.00000        0.90330
   61    1    1     6074.71604     1423.18067      585.22120        4.11356       49.89474        0.00304        0.01493        0.74355        3.40000        0.01833        1.00498        0.72959        7.89453        0.01584        0.00331        0.01394        0.30962       51.85201        0.00328        0.03502        8.74836        0.07762        1.37022        0.29828        3.07993        0.00241        0.00582        0.01134      300.00000       56.85502
   62    1    1     1861.93774    21365.19165    10260.53450        7.46299      146.98610        0.02639        0.02099        0.16319       12.60000       22.60196        1.59366        0.14090        6.55751        0.01100        0.00294        0.02241        8.03248      146.53502        0.02618        0.02112       12.69346        0.05875       16.27073        8.00715        6.55876        0.01029        0.00063        0.02533      300.00000        2.35285
   63    1    1     4185.88904     2862.68403      958.63607        7.97231       60.08472        0.00441        0.00253        0.70410       22.60000        1.74639        1.03163        0.70294       14.09538        0.04879        0.00720        0.00110        1.14954       60.71178        0.00450        0.00244       22.59611        0.54163        1.79374        1.14558       14.09524        0.04852        0.00468        0.00396      300.00000        2.18582
   64    1    1     1642.56295     1994.45371      468.41121        0.54175       10.25081        0.00013        0.04360        1.33345       27.20000        0.53073        0.41226        1.32231       14.06093        0.05012        0.01422        0.01111        1.13559       21.74788        0.00058        0.10266       23.78634        0.70307        0.41772        1.13573        3.10815        0.00240        0.02249       -0.00014      300.00000      157.17781
   65    1    1     3071.89023     4309.17117     1129.32961        7.17760       88.49110        0.00956        0.00900        1.60157       42.60000        3.09038        0.16215        1.57242       11.48261        0.03146        0.00021        0.02927        1.15723       87.47079        0.00934        0.00916       42.60262        3.31346        0.35889        1.15259       11.48309        0.03318        0.02308        0.00464      300.00000        0.94081
   66    1    1     5941.63601     2518.44015     1093.74770        5.60022       74.20771        0.00673        0.01472        0.75838        7.60000        1.21631        0.98041        0.75416        4.55920        0.00523        0.00146        0.00420        0.81606       56.37714        0.00388        0.01581       26.05329        1.95580        0.18247        0.81545        4.17873        0.00430        0.00493        0.00061      300.00000      174.63972
   67    1    1     7473.15056     6711.78646     3102.47363        3.36088       23.71461        0.00069        0.00539        1.25334        8.00000        6.18311        0.51257        1.22199       10.50611        0.02840        0.01525        0.03140        5.36602       23.40762        0.00067        0.00102       12.73767        0.05280        2.50518        5.36339       10.65913        0.02849        0.04457        0.00264      300.00000       47.84668
   68    1    1     6767.40960     1494.04748      604.48320        1.20311       18.00432        0.00040        0.02696        1.51770        3.00000        0.01290        0.24799        1.48657        5.63876        0.00758        0.00000        0.03114        0.67405       34.34058        0.00144        0.00350       20.17761        0.07637        1.04084        0.64817        7.56432        0.01467        0.00265        0.02588      300.00000       52.43024
   69    1    1     1972.43945     1835.50070      797.06950        4.03760      106.97902        0.01398        0.07176        0.79349        8.30000        0.00789        0.94062        0.79394       18.77436        0.08721        0.01475       -0.00047        0.20148      108.22705        0.01430        0.06726        7.19411        0.01930        1.52330        0.19950       19.17708        0.09014        0.01392        0.00198      300.00000       23.27962
   70    1    1     5831.10657     1742.57723      691.13933        8.36528       36.59001        0.00164        0.00070        1.11311        1.40000        0.24986        0.65620        1.07837       22.51077        0.13064        0.00160        0.03475        1.19940       36.37621        0.00162        0.00069        1.68163        0.05872        0.74349        1.18227       22.51089        0.12915        0.02070        0.01713      300.00000       11.11447
   71    1    1     1005.58661     1719.05482      479.99413        8.87681      220.32244        0.05929        0.01595        1.27536       10.10000        0.24911        0.45863        1.27593        4.05249        0.00407        0.06782       -0.00051        1.09855      220.29700        0.05905        0.01623        9.99918        0.26852        0.65233        1.06272        4.05552        0.00391        0.03164        0.03583      300.00000        0.06734
   72    1    1      788.65921   372054.24815   145593.22030        1.64337       44.47780        0.00242        0.08705        0.31194       31.80000      365.63792        1.47280        0.26177        6.36903        0.00956        0.01923        0.05012      110.21485      190.15890        0.04380        3.41258      187.71455       15.71335      238.07040      110.19799       12.09399        0.03727        0.04865        0.01686      300.00000      140.57646
   73    1    1     1261.09816     1840.00414      584.04233        0.35935        9.46437        0.00011        0.08461        0.65799        7.40000        0.06472        1.07808        0.65648       21.93924        0.11808        0.04546        0.00155        0.34879       35.86065        0.00156        0.16642       21.02865        0.66730        0.81541        0.31503       14.35404        0.04902        0.00058        0.03375      300.00000      152.38518
   74    1    1     2325.00265     1572.48541      605.80017        4.16260       95.36819        0.01111        0.05300        0.45506        2.60000        0.05362        1.29623        0.43834        7.15516        0.01233        0.00017        0.01676        0.40901       75.51503        0.00695        0.03304       16.08686        0.09709        1.30276        0.40158        9.90009        0.02382        0.00884        0.00742      300.00000       17.08684
   75    1    1     1423.89674     1940.37114      715.88131        5.83517      185.89229        0.04220        0.08175        1.12725       19.80000        0.21514        0.65129        1.08328       16.27099        0.06262        0.00392        0.04399        1.63888      185.79106        0.04184        0.08244       19.69606        0.13168        0.18113        1.63669       16.26508        0.06628        0.04193        0.00218      300.00000        6.00328
   76    1    1     1499.94913     3589.12370     1133.27719        8.25691      166.59672        0.03390        0.01582        0.92206       36.80000        2.29058        0.81279        0.92177       13.07978        0.04265        0.00055        0.00027        2.19277      166.70466        0.03389        0.01583       36.79221        1.00257        0.82928        2.19327       13.07994        0.04242        0.00160       -0.00050      300.00000        0.46707
   77    1    1     1477.19454     6468.83057     2553.49776        6.02161      178.41583        0.03888        0.06834        0.62201       28.90000        5.81505        1.11295        0.62161       11.99396        0.03588        0.00838        0.00044        2.50979      178.03969        0.03854        0.06963       28.36157        3.56627        1.47900        2.50318       12.01629        0.03642        0.00183        0.00661      300.00000        2.40033
   78    1    1     4015.42504     1679.79937      809.58996        4.66872       45.99621        0.00258        0.00927        0.77048       20.20000        0.02415        0.97201        0.76255       13.72433        0.04574        0.00018        0.00806        1.33621       61.09411        0.00455        0.01697       27.88918        0.09573        0.34208        1.33070       10.46116        0.02757        0.00130        0.00551      300.00000       16.96671
   79    1    1     3090.16416     1579.85575      622.85814        6.37689       91.39275        0.01020        0.01489        0.33420       16.80000        0.11200        1.40231        0.33225       15.51704        0.05902        0.00078        0.00183        0.46218       91.32106        0.01015        0.01547       16.61262        0.22211        1.16379        0.46039       15.49620        0.05887        0.00084        0.00179      300.00000       10.88648
   80    1    1     1489.32109     3215.50149     1293.42598        1.56185       50.98734        0.00318        0.12698        0.37561       12.70000        2.02546        1.37260        0.36197        6.41132        0.00992        0.01914        0.01362        1.46136       55.99379        0.00380        0.05847       31.75288        0.51021        1.86082        1.43738       10.71557        0.02749        0.01073        0.02398      300.00000       98.76909
   81    1    1     2467.68729     1581.71525      717.78563        1.88330       42.17061        0.00217        0.05906        1.28150        5.70000        0.03445        0.45350        1.28106        3.43201        0.00294        0.00028        0.00041        0.57173       35.59357        0.00154        0.01566       19.76599        0.11338        1.10457        0.57161       10.32394        0.02626        0.00078        0.00012      300.00000       87.96519
   82    1    1     2964.69520     2865.08623     1235.67643        7.86615       87.98389        0.00945        0.00583        1.55624        7.60000        1.66195        0.19594        1.53862        5.44259        0.00755        0.03857        0.01761        1.16259       87.03406        0.00923        0.00586        7.81440        0.10466        2.14975        1.14227        5.44169        0.00757        0.03588        0.02032      300.00000        1.09925
   83    1    1     1997.25312     1752.40695      604.81948        0.62360       12.75230        0.00020        0.05087        1.24144       29.20000        0.31880        0.50134        1.23322        5.64965        0.00775        0.04617        0.00821        1.37493       63.14229        0.00486        0.03411       34.44128        0.11249        0.59519        1.35559        6.33379        0.01024        0.03474        0.01934      300.00000      116.52713
   84    1    0     8854.12720   137800.81265    55765.82290        4.95000       59.43907        0.00431        0.01330        1.03603       10.00000      139.80250        0.75566        0.97890        6.57170        0.01015        0.00171        0.05713       21.19690        0.00000        0.00000        0.00000       56.32556        0.01986      120.40709       21.19690        0.00000        0.00000        0.00000        0.00000      300.00000        0.00000
   85    1    1     6974.63167     3458.74471     1087.12307        1.44850       28.85983        0.00102        0.04747        0.85818       30.10000        2.16970        0.90751        0.82705        3.83588        0.00351        0.03581        0.01301        0.99353       17.16402        0.00036        0.00305       37.19934        1.93521        1.00682        0.97560       12.21767        0.03807        0.04615        0.01794      300.00000       87.54329
   86    1    1     1467.11213     1683.49364      625.64300        2.16568       74.07601        0.00670        0.13619        0.36986        2.90000        0.07205        1.36457        0.37000        7.77497        0.01504        0.00461       -0.00017        0.57943       63.00909        0.00485        0.07031       35.40858        0.11133        1.18968        0.57486        7.36525        0.01323        0.00019        0.00457      300.00000       82.42365
   87    1    1     1881.23169     1621.10001      674.56938        6.52179      142.97657        0.02497        0.03373        0.42683       15.90000        0.15250        1.32395        0.41061        5.68948        0.00780        0.08013        0.01618        0.52897      142.79263        0.02488        0.03340       16.43142        0.08079        1.29112        0.51601        5.53791        0.00741        0.08335        0.01296      300.00000        1.17561
   88    1    1     1376.15977    52491.79389    22514.85919        7.57410      196.58844        0.04720        0.03508        1.39078       35.20000       53.79115        0.34954        1.38503        2.63816        0.00169        0.00067        0.00580       26.73231      195.93310        0.04679        0.03520       35.29935        0.12362       28.67059       26.73174        2.65040        0.00173        0.00587        0.00057      300.00000        1.32285
   89    1    1     2741.92452     5653.65304     2200.15662        3.33504       90.57887        0.01002        0.08007        1.01820       37.30000        4.67374        0.71887        1.01570        9.49407        0.02207        0.05234        0.00251        3.39506       62.32551        0.00474        0.01366       49.79506        1.47156        1.68314        3.34239        4.29866        0.00481        0.00235        0.05267      300.00000       16.24584
   90    1    1     2036.15044    23673.59767    11517.23667        1.85915       34.31593        0.00144        0.04017        0.12278       18.20000       25.35239        1.63838        0.09619       11.35344        0.03081        0.00000        0.02658       23.15522       29.40067        0.00106        0.02244       30.75683        0.03857        3.92874       23.15113        9.85120        0.02439        0.01558        0.00409      300.00000      127.77000
   91    1    1     1965.25292     1550.15910      576.58524        5.43335      138.73940        0.02351        0.05612        0.60983       12.10000        0.02802        1.13641        0.59815        4.03092        0.00412        0.00646        0.01167        1.34553      135.73521        0.02240        0.05879       10.30285        0.03168        0.38592        1.34294        4.27024        0.00446        0.01569        0.00259      300.00000       21.83653
   92    1    1     1960.42495     4635.16521     2113.81905        6.98935      138.94525        0.02358        0.02469        0.66189       26.50000        3.43317        1.07618        0.65838       19.32885        0.09382        0.00488        0.00349        4.44225      138.88419        0.02350        0.02525       26.35314        0.16393        0.56889        4.43456       19.32871        0.09438        0.00000        0.00769      300.00000        1.19863
   93    1    1     3151.28498     2579.72819      860.68860        2.65434       64.14996        0.00503        0.06631        0.91990       28.30000        0.93749        0.89215        0.84241       17.46001        0.08009        0.04382        0.07740        2.11615       60.32910        0.00444        0.01055       32.48534        0.56141        0.01604        2.10256       22.43006        0.12146        0.11473        0.01359      300.00000       28.67215
   94    1    1     1545.39537     1607.39208      747.25883        7.82866      169.29230        0.03500        0.02211        1.38390        2.40000        0.00059        0.40590        1.32866        1.82797        0.00087        0.02934        0.05522        0.75905      169.41678        0.03497        0.02215        2.39932        0.00483        0.97155        0.75877        1.83485        0.00083        0.08432        0.00028      300.00000        0.48440
   95    1    1     3130.98535     1835.41873      771.67634        5.69581      100.88782        0.01243        0.02589        1.00481       11.00000        0.16014        0.78089        0.95367       19.64474        0.10031        0.00337        0.05113        1.67195       94.29551        0.01084        0.02285       14.49468        0.09908        0.14231        1.65798       19.64775        0.09813        0.04268        0.01398      300.00000       46.90361
   96    1    1     2137.70795     1974.52616      936.74191        7.34223      123.99955        0.01878        0.01606        0.07077       14.40000        0.46742        1.66343        0.07113        4.88882        0.00591        0.01635       -0.00040        1.93124      123.60939        0.01865        0.01565       14.79918        0.01467        0.25627        1.93164        4.88712        0.00593        0.01630       -0.00039      300.00000        1.71632
   97    1    1     3125.65879     1674.29905      742.44002        5.73080      107.06738        0.01400        0.02863        0.07838        5.20000        0.17843        1.65973        0.07484        7.11042        0.01235        0.00110        0.00360        0.20228       96.75891        0.01143        0.02121       14.75765        0.68468        1.03856        0.19963        7.12121        0.01241        0.00204        0.00266      300.00000       49.42802
   98    1    1     2153.32238     3590.23990     1754.41265        0.18184        2.96229        0.00001        0.03240        1.42730       24.20000        2.25217        0.30741        1.42716        7.07761        0.01248        0.00056        0.00019        0.64094       15.79200        0.00030        0.03443       25.15477        0.14328        3.21098        0.64101        3.05214        0.00232        0.00010       -0.00008      300.00000      165.50150
   99    1    1     2484.59540    74166.24617    31011.31203        6.24979      108.96266        0.01450        0.02262        0.91998       15.20000       75.87900        0.82342        0.91114        7.93163        0.01591        0.01274        0.00888       62.96259      111.07046        0.01506        0.02476       14.50786        0.07800       14.59263       62.94013        7.93808        0.01510        0.00000        0.02246      300.00000        6.88050
  100    1    1     1704.93096     2005.39713      899.28187        7.29113      158.15862        0.03055        0.02692        0.85289       17.10000        0.45276        0.88372        0.85085        8.45445        0.01752        0.00090        0.00204        0.63085      157.45750        0.03016        0.02765       16.87665        0.55183        1.00679        0.62831        8.45421        0.01792        0.00005        0.00254      300.00000        0.32737
