    1    1    1     1902.90453     1785.87032      471.44071        0.92671       22.77948        0.00063        0.07316        1.29369       22.00000        0.26463        0.46841        1.26616        6.61141        0.01122        0.03094   -33197.35626        1.41067       23.90197        0.00070        0.03230       26.75774        0.38849        0.25139        1.36796       13.42556        0.04666        0.01249        0.04271      300.00000      154.78629
    2    1    1     1672.50166     1844.52261      497.60053        3.10333       74.71702        0.00682        0.06398        1.57254       21.40000        0.33244        0.16167        1.57290        1.48485        0.00054        0.02201       -0.00029        0.54478       66.50907        0.00540        0.05398       25.00357        0.53231        1.00246        0.53968        3.85514        0.00374        0.01734        0.00510      300.00000       73.33381
    3    1    1     3973.57049     1740.80145      804.15653        2.44917       64.86816        0.00514        0.08054        0.12172       10.60000        0.04480        1.61889        0.11567        6.88995        0.01197        0.00091        0.00603        1.16721       62.74878        0.00477        0.04713       21.80910        0.07868        0.54872        1.16050       12.04658        0.03530        0.00215        0.00671      300.00000       39.29732
    4    1    1     1453.92390     1796.90073      824.24762        8.77311      155.14797        0.02940        0.00880        0.57766        8.90000        0.01315        1.17074        0.56383       19.98468        0.09640        0.00006        0.01377        1.40579      155.03386        0.02931        0.00885        8.92325        0.00794        0.34055        1.39925       19.98492        0.10074        0.00301        0.00654      300.00000        0.55317
    5    1    1     1572.07989     1978.75448      879.89341        5.09572      156.65338        0.02997        0.08545        0.44339       25.50000        0.25890        1.32874        0.40582       11.41620        0.03094        0.01323        0.03757        0.56125      159.08689        0.03081        0.08333       26.67294        0.21470        1.22496        0.55682       11.10631        0.03103        0.04454        0.00444      300.00000        8.79705
    6    1    1     1900.54383     1827.03904      576.64555        5.57424      140.19133        0.02400        0.05325        0.83604       29.80000        0.38381        0.90220        0.83236        2.92806        0.00215        0.00074        0.00364        1.32166      141.72294        0.02438        0.05383       29.43061        0.25226        0.54279        1.32220        3.06864        0.00233        0.00495       -0.00054      300.00000       12.13258
    7    1    1     2340.63702     3458.91429     1576.89073        8.69395       98.01764        0.01173        0.00379        0.36826        9.00000        2.47824        1.36907        0.36550        8.97066        0.02018        0.00174        0.00274        1.73428       97.66463        0.01165        0.00370        9.25269        0.02434        2.45777        1.73093        8.97070        0.01967        0.00162        0.00336      300.00000        0.60596
    8    1    1     2897.84380     2113.96461      946.74331        8.14293       87.85301        0.00943        0.00479        0.21765       22.20000        0.80537        1.51650        0.21807        1.07902        0.00029        0.01227       -0.00040        1.19449       87.65650        0.00938        0.00459       22.25237        0.12630        1.22992        1.18383        1.08920        0.00030        0.00130        0.01066      300.00000        0.16091
    9    1    1     1567.73205     1579.22190      516.93411        8.09684      164.60855        0.03309        0.01739        1.16121       12.40000        0.10330        0.64179        1.09277        2.59142        0.00157        0.01445        0.06851        0.50190      164.15921        0.03285        0.01742       12.57592        0.19199        1.16432        0.48179        2.58380        0.00171        0.06262        0.02011      300.00000        0.43366
   10    1    1     1988.48598     3413.18456     1407.23596        1.04250       15.99034        0.00031        0.02842        0.92352       19.50000        2.07130        0.92020        0.81436       14.65130        0.04940        0.00489        0.10916        0.76103       26.52719        0.00086        0.06858       24.67797        1.89513        1.14737        0.75120       10.19360        0.02631        0.09879        0.00983      300.00000      137.99141
   11    1    1     4604.39440    56975.96022    24656.22358        6.72884       56.89337        0.00395        0.00478        0.58538       40.70000       58.98979        1.15145        0.58311       13.62306        0.04651        0.00017        0.00223       34.81688       57.01699        0.00397        0.00472       40.85053        0.27681       25.63224       34.81521       13.62583        0.04646        0.00085        0.00167      300.00000        4.62105
   12    1    1     3193.86501     9168.77053     4232.13259        6.76414       83.99777        0.00862        0.01022        0.42369       27.30000        8.83343        1.34308        0.39149        9.14988        0.01994        0.01170        0.03221        3.66860       84.61487        0.00873        0.01028       27.20148        0.66292        6.26500        3.63992        9.15189        0.01999        0.01514        0.02868      300.00000        1.30539
   13    1    1     2235.45266     3278.60990     1295.82545        3.18689       53.85995        0.00354        0.03134        0.69542       20.90000        1.93744        1.03890        0.69566       17.37881        0.07455        0.00398       -0.00026        2.16017       46.54251        0.00264        0.02663       22.45875        0.41668        1.09674        2.15902       17.94342        0.08048        0.00183        0.00115      300.00000       79.61184
   14    1    1     2339.10766    10940.67785     4619.24871        0.64231       13.81702        0.00023        0.05628        0.72338       11.10000       11.16244        1.02005        0.71451       13.41355        0.04365        0.01370        0.00883        1.48047       34.40995        0.00144        0.01869       24.66886        0.28112       11.17527        1.46771       15.21496        0.05593        0.00683        0.01276      300.00000      118.70847
   15    1    1     2467.19654     1828.63972      631.98923        2.49519       35.96278        0.00158        0.02379        1.27635        8.80000        0.42896        0.45867        1.27590       16.96358        0.07081        0.00046        0.00050        1.14612       59.93691        0.00438        0.03393       31.91177        0.26891        0.78391        1.14537        9.74462        0.02335        0.00000        0.00074      300.00000       78.27754
   16    1    1     2168.02920     3305.81088     1031.62987        6.49418      123.17702        0.01853        0.02541        1.48406       24.80000        2.01489        0.28800        1.44657        9.98891        0.02369        0.04979        0.03749        1.88813      124.04888        0.01876        0.02568       24.62390        0.96036        0.96240        1.82624        9.98633        0.02604        0.02300        0.06188      300.00000        1.19946
   17    1    1     5514.98002     1435.88295      572.11300        5.19979       72.21283        0.00637        0.01719        0.95187        2.50000        0.00637        0.79169        0.94287        4.71628        0.00540        0.01503        0.00901        0.21971       77.65711        0.00735        0.01357        9.43912        0.14546        1.38611        0.21099        5.68572        0.00784        0.01390        0.00872      300.00000      171.14803
   18    1    1     2301.98286     5242.05821     2422.42047        5.34747      120.72534        0.01780        0.04445        0.08028       27.30000        4.58815        1.65658        0.07798        5.05743        0.00641        0.00002        0.00224        1.34939      118.16194        0.01705        0.04464       27.41350        1.24919        3.72501        1.34884        5.09592        0.00639        0.00201        0.00055      300.00000       28.66316
   19    1    1     3047.24717    30287.51573    12281.24668        1.91598       15.87282        0.00031        0.00807        0.79687       38.40000       31.19387        0.93725        0.79731        5.75177        0.00819        0.02392       -0.00044       32.22911       43.79473        0.00234        0.02744       27.86003        0.22475        0.42757       32.22650       12.29825        0.03702        0.02030        0.00261      300.00000      114.85269
   20    1    1     1279.68914    95151.07744    40288.53171        2.12252       69.78686        0.00595        0.12608        0.16911       24.60000       97.47965        1.60290        0.13166       10.34825        0.02765        0.00489        0.03752       61.07095       94.10241        0.01081        0.09277       35.85616        2.31902       35.85795       61.07022        5.09006        0.00647        0.05828        0.00073      300.00000       79.95891
   21    1    1     2580.88853    14154.05299     7928.39594        5.68238      103.89720        0.01318        0.02765        0.21733       32.50000       12.85618        1.53259        0.20198       20.13804        0.09775        0.00000        0.01529        1.21836      102.01042        0.01269        0.02889       32.48697        1.25606       12.11611        1.21814       20.13670        0.09988        0.01272        0.00021      300.00000       12.37489
   22    1    1     2031.44587     1522.68046      634.14887        8.19752      124.02676        0.01879        0.00917        1.57452       17.70000        0.01940        0.16167        1.57290       12.28985        0.03705        0.01750        0.00167        1.29953      124.24157        0.01881        0.00938       17.53891        0.02035        0.45127        1.28206       12.28940        0.03850        0.00025        0.01747      300.00000        0.54701
   23    1    1     2546.50810    19926.27886     9150.45190        6.04893      110.02574        0.01478        0.02562        1.23355       19.60000       20.44951        0.50180        1.23277       15.05425        0.05659        0.00689        0.00082       18.27115      111.83778        0.01526        0.02393       20.00182        0.18770        3.72615       18.27143       15.06146        0.05642        0.00814       -0.00027      300.00000       13.39673
   24    1    1     1920.09954     1717.72116      621.54274        5.96839      135.79986        0.02252        0.04071        0.79200       21.70000        0.17136        0.94347        0.79109        8.82800        0.01947        0.05583        0.00086        1.07958      136.87829        0.02284        0.04264       20.71502        0.13614        0.74490        1.02278        8.79058        0.01816        0.00110        0.05680      300.00000        2.78434
   25    1    1      962.99247   253992.53008   101874.31177        8.64101      243.09653        0.07218        0.02449        0.90042       10.50000      250.74076        0.83396        0.90060       16.46118        0.06742        0.00069       -0.00014      221.14337      243.06437        0.07212        0.02466       10.53271        0.00415       31.32711      221.14384       16.46322        0.06722        0.00128       -0.00047      300.00000        0.17778
   26    1    1     3395.73295    58924.57698    24212.55997        8.42968       68.90484        0.00580        0.00236        0.86587       28.10000       60.38347        0.88076        0.85380       11.89986        0.03593        0.01133        0.01212        2.73969       68.91369        0.00580        0.00232       28.09703        0.07418       59.31679        2.72706       11.89780        0.03421        0.01246        0.01263      300.00000        3.19328
   27    1    1     2956.17936     1496.68347      603.20728        3.43548       42.02547        0.00216        0.01612        0.31006        2.90000        0.01948        1.43529        0.29927        7.06843        0.01266        0.03616        0.01075        1.16108       47.65072        0.00276        0.02886        9.20094        0.05211        0.54594        1.15225        2.90615        0.00205        0.03912        0.00883      300.00000       55.92408
   28    1    0     2860.98321  1586151.51904   508485.05775        7.72479       79.17903        0.00766        0.00517        1.61959       40.40000     1423.17416        0.11466        1.61990       12.51909        0.03870        0.04823       -0.00028       72.18217        0.00000        0.00000        0.00000      105.03115        0.03906     1352.78701       72.18217        0.00000        0.00000        0.00000        0.00000      300.00000        0.00000
   29    1    1     1786.46498     1639.69354      778.76187        0.44258       10.45038        0.00013        0.06796        0.59165        2.80000        0.00892        1.14278        0.59179        5.63889        0.00791        0.00227        0.00000        1.25095        5.88762        0.00004        0.04160        5.74509        0.00260        0.50437        1.24991        9.29732        0.02123        0.00084        0.00104      300.00000      165.81107
   30    1    1     1390.44553   656327.25335   254973.58009        2.10001       31.00034        0.00117        0.02544        1.04698       45.20000      635.39735        0.70907        1.02549        3.12076        0.00234        0.00654        0.02146      536.79802       65.46481        0.00521        0.78580       12.47090        0.23715       99.33617      536.79855        3.85033        0.00367        0.02288       -0.00054      300.00000      133.68026
   31    1    1     1039.31882     2297.01658      792.91700        8.15825      245.76208        0.07377        0.03707        1.12955       13.00000        0.98943        0.61434        1.12023        3.44955        0.00289        0.00803        0.00934        2.54717      245.90465        0.07365        0.03743       12.76949        0.08132        0.11206        2.53032        3.45585        0.00304        0.00040        0.01685      300.00000        0.23826
   32    1    1     2412.19738     1981.01316      864.02239        1.21238       30.90170        0.00117        0.07818        0.74522       27.90000        0.23196        0.99203        0.74254       18.30301        0.08199        0.03518        0.00263        0.65625       26.53327        0.00086        0.01194       42.78473        0.19564        1.22595        0.62003       17.44724        0.07231        0.00277        0.03622      300.00000      120.79036
   33    1    1     1483.41378     1798.51616      720.02354        8.84660      149.32384        0.02723        0.00756        0.29260       14.70000        0.42082        1.46192        0.27265        5.22175        0.00655        0.00257        0.01987        1.74808      149.45694        0.02725        0.00755       14.71707        0.08920        0.32147        1.74472        5.22169        0.00685        0.01885        0.00336      300.00000        0.23880
   34    1    1     1965.03844     1702.30616      591.49238        4.47594      124.67970        0.01899        0.07578        1.36355        8.40000        0.25203        0.37067        1.36390        7.33967        0.01339        0.00017       -0.00028        0.67839      117.97607        0.01697        0.07932        8.74945        0.23389        1.07401        0.67868        6.90842        0.01187        0.00014       -0.00028      300.00000       38.86189
   35    1    1     1896.50365     1871.19959      569.79508        6.93475      142.00900        0.02463        0.02659        1.22912       21.40000        0.49509        0.53032        1.20424       11.66374        0.03255        0.00034        0.02485        0.76017      142.13600        0.02458        0.02660       21.49390        0.34044        1.12898        0.76045       11.64898        0.03349        0.02439       -0.00028      300.00000        0.22916
   36    1    1     3274.83090     1642.76760      640.48054        5.84374       90.39339        0.00998        0.01924        0.52149       15.40000        0.12447        1.21513        0.51943       16.27681        0.06636        0.00250        0.00199        1.06021       93.01690        0.01055        0.01960       14.78852        0.43008        0.37119        1.05691       16.27725        0.06652        0.00102        0.00330      300.00000       30.28379
   37    1    1     4313.99537     1957.93311      632.31596        7.11096       64.83838        0.00513        0.00502        1.00311       21.60000        0.57664        0.73335        1.00122       12.55005        0.03861        0.00809        0.00191        0.44234       63.70376        0.00496        0.00498       21.69720        0.74674        1.12645        0.43823       12.55086        0.03960        0.00488        0.00411      300.00000        3.16306
   38    1    1     1812.00527     2834.74671     1190.52457        6.15260      147.54707        0.02659        0.04365        0.38163       23.60000        1.46851        1.35672        0.37785       12.13811        0.03702        0.00398        0.00379        0.95153      146.96429        0.02633        0.04340       23.72211        0.27839        1.97302        0.95201       12.16559        0.03674        0.00871       -0.00047      300.00000        3.24512
   39    1    1     1546.56361     1691.23622      660.47337        1.18100       30.75896        0.00116        0.08169        0.61893       16.80000        0.03408        1.13371        0.60086        8.97598        0.01938        0.06135        0.01810        0.17585       23.70465        0.00068        0.06940        7.58141        0.45787        1.20184        0.09344       13.62701        0.04316        0.00147        0.08241      300.00000      138.62220
   40    1    1     1932.15737     1770.33775      813.47680        5.27024      133.67663        0.02182        0.05675        0.53673       30.20000        0.06334        1.19810        0.53646        6.06376        0.00916        0.00199        0.00027        1.45610      132.03493        0.02123        0.06308       29.58657        0.05098        0.28888        1.45604        4.66301        0.00536        0.00228        0.00006      300.00000       17.37469
   41    1    1     2650.93701     2961.15005     1092.35418        8.91367       82.49121        0.00831        0.00215        0.98637       14.90000        1.92956        0.74857        0.98599        7.79563        0.01516        0.00974        0.00040        1.75593       82.15025        0.00824        0.00228       14.85061        0.39256        1.52539        1.74611        7.79569        0.01539        0.00009        0.00982      300.00000        0.49742
   42    1    1     2830.02977     2120.77883      662.99029        0.55956       11.84203        0.00017        0.05453        1.57215       21.00000        0.68679        0.16316        1.57140        4.52562        0.00504        0.00486        0.00072        1.18234       25.10741        0.00077        0.00910       30.49796        0.72239        0.54265        1.18273        9.76378        0.02368        0.00577       -0.00039      300.00000      124.07857
   43    1    1     1261.54063     2742.84919      742.10820        7.70044      210.63113        0.05418        0.03719        1.59963       16.80000        1.43198        0.19990        1.53466       10.56567        0.02614        0.00606        0.06503        2.38406      210.63109        0.05400        0.03766       16.59928        0.71739        0.10775        2.34105       10.56551        0.02642        0.02781        0.04300      300.00000        0.19255
   44    1    1     1185.58355     5114.95977     1554.74135        1.43947       38.34775        0.00180        0.08488        1.32255       36.60000        3.97743        0.41154        1.32303       22.91943        0.13019        0.00591       -0.00052        4.00081       38.81985        0.00183        0.11576       38.25251        0.83226        0.87542        4.00078       20.34408        0.10203        0.00619        0.00003      300.00000      140.35782
   45    1    1     1198.92717    16170.37711     7668.71232        7.35297      223.46180        0.06099        0.05181        0.10467       23.50000       16.22967        1.63019        0.10437        6.29198        0.00987        0.00551        0.00031        5.14175      223.69636        0.06112        0.05123       23.75528        0.11902       12.71003        5.13579        6.27654        0.00959        0.00003        0.00596      300.00000        0.20265
   46    1    1     2651.56590     1578.41526      707.19640        3.74621       65.52424        0.00524        0.03212        0.82213       16.80000        0.09655        0.92020        0.81436        2.37962        0.00143        0.00431        0.00774        1.48181       65.52467        0.00522        0.02542       18.50404        0.04876        0.31242        1.47305        4.38944        0.00467        0.00367        0.00876      300.00000       21.07271
   47    1    1     3239.42147     3828.17809     1419.68871        2.49240       34.72742        0.00147        0.02224        0.58203       33.10000        2.66561        1.15399        0.58057        7.43040        0.01355        0.00530        0.00143        1.09980       15.31419        0.00029        0.01418       37.50058        1.39562        1.92922        1.09350        4.57842        0.00510        0.00000        0.00630      300.00000       99.35116
   48    1    0     1982.20757  2857972.18585   906575.77102        5.42678      120.41111        0.01771        0.04242        0.06152       36.70000     2493.84580        1.68636        0.04820       14.55908        0.05385        0.01750        0.01327      533.72379        0.00000        0.00000        0.00000      124.54076        0.04445     1961.94759      533.72379        0.00000        0.00000        0.00000        0.00000      300.00000        0.00000
   49    1    1     1724.52220    98767.32764    40704.84450        2.98957       56.10464        0.00384        0.03917        0.09489       10.60000      100.73021        1.63912        0.09544        6.33705        0.00994        0.00526       -0.00028       47.60122       51.49585        0.00324        0.08109       13.41012        0.08942       54.73621       47.59810        6.35785        0.00989        0.00145        0.00312      300.00000       93.83336
   50    1    1     1067.08755  1219939.31989   413302.85078        2.51747       69.33066        0.00587        0.08676        0.01220       10.60000     1126.72509        1.72450        0.01007        8.18985        0.01680        0.02082        0.00219      754.41800       52.01560        0.00330        0.18443       11.27386        0.00415      373.89719      754.39142       18.03313        0.08343        0.00172        0.02658      300.00000      122.09053
   51    1    1     2278.17823     2960.00631     1496.76301        5.53567      115.28159        0.01623        0.03674        0.10151       19.20000        1.45967        1.63368        0.10088        4.14164        0.00428        0.02187        0.00056        0.46178      111.27921        0.01508        0.03317       21.64265        0.38000        2.37626        0.44319        3.91356        0.00391        0.00380        0.01859      300.00000        5.87970
   52    1    1     1597.22397     2359.02088      635.44623        3.58410      100.39093        0.01231        0.08351        0.80668       21.90000        0.81841        0.99068        0.74388       13.54129        0.04298        0.00101        0.06284        1.37829       97.19739        0.01146        0.07225       21.76703        0.88520        0.32964        1.34057       15.11958        0.05903        0.01972        0.03772      300.00000       38.73892
   53    1    1     1988.54500     1539.47913      693.06966        1.13129       19.43174        0.00046        0.03557        1.16300       19.20000        0.16009        0.58848        1.14608       10.77721        0.02796        0.00046        0.01684        0.72004       48.33225        0.00285        0.04838       22.74909        0.12782        1.06380        0.70629        4.59941        0.00538        0.00776        0.01375      300.00000      127.60530
   54    1    1     2004.42684     2431.91341     1090.99406        3.12259       72.99622        0.00651        0.06023        0.45313        9.80000        0.96659        1.30999        0.42457        9.48323        0.02147        0.00962        0.02852        2.42213       79.87234        0.00778        0.04441       13.73628        0.01530        0.27188        2.42196       10.68073        0.02810        0.03794        0.00017      300.00000       33.84229
   55    1    1     2231.38546     1615.27436      639.14418        1.14318       27.40778        0.00092        0.06928        1.49433        9.60000        0.15530        0.23966        1.49490        7.88312        0.01539        0.04828       -0.00052        1.86626       47.45864        0.00275        0.01564       14.56396        0.03253        0.04077        1.81999       15.74550        0.06429        0.00093        0.04627      300.00000      103.03573
   56    1    1     5762.53734     2723.48727     1071.37681        5.42725       52.90139        0.00342        0.00819        0.49725       15.00000        1.56667        1.23684        0.49773       12.95786        0.04169        0.00020       -0.00040        1.59869       53.55881        0.00349        0.03980       11.64199        0.31232        1.36900        1.59917       11.09806        0.03057        0.00040       -0.00048      300.00000       85.37611
   57    1    1     1510.15810     1789.54091      695.67675        7.10103      177.22428        0.03836        0.03771        1.35228        5.10000        0.34450        0.38181        1.35276       12.60510        0.03932        0.02630       -0.00051        1.20734      177.18802        0.03834        0.03761        5.37390        0.03920        0.83243        1.20759       12.60473        0.03922        0.02615       -0.00024      300.00000        0.98150
   58    1    1     2605.01823     4178.94731     2016.02776        1.75114       42.05952        0.00216        0.06830        0.12565       25.30000        2.98597        1.60982        0.12474        3.01228        0.00223        0.00188        0.00097        3.98582       18.23890        0.00041        0.01093       37.17624        0.20011        0.58047        3.98582        7.89783        0.01538        0.00290       -0.00001      300.00000      117.07170
   59    1    1     3083.68411     1826.78414      737.91807        2.39812       30.19153        0.00111        0.01824        0.76864       29.30000        0.31034        0.98386        0.75071       11.66663        0.03274        0.03524        0.01797        0.57737       56.40440        0.00389        0.01964       36.69342        0.17729        1.32526        0.56993        3.40745        0.00282        0.04390        0.00745      300.00000       61.12685
   60    1    1     3129.18451     4259.49434     1772.08292        6.48050       91.50126        0.01023        0.01412        0.46040       35.00000        3.13396        1.27773        0.45683        8.80704        0.01895        0.00002        0.00366        2.30446       89.93909        0.00987        0.01527       34.75882        1.13404        1.43278        2.30081        8.81550        0.01899        0.00001        0.00365      300.00000       12.09112
   61    1    1     1571.78915     1619.11644      577.96310        2.04310       60.39754        0.00446        0.10228        0.46836       10.00000        0.03334        1.26585        0.46871        6.51276        0.01054        0.00958       -0.00031        0.85367       75.42987        0.00694        0.06736       14.84996        0.02929        0.86541        0.85104       15.99589        0.06415        0.00758        0.00263      300.00000       68.23585
   62    1    1     1877.03449    19344.74023     8006.32317        2.75311       45.50929        0.00253        0.03084        1.07747       20.30000       19.55159        0.66451        1.07005       12.84831        0.04169        0.00992        0.00753        7.83320       49.63936        0.00300        0.09177       30.30579        0.64316       12.77752        7.83125       10.92223        0.02923        0.00069        0.00196      300.00000       98.24668
   63    1    1     2990.85052     1619.48210      590.24516        0.57214       18.14519        0.00040        0.12244        0.97184        5.00000        0.04347        0.78219        0.95237        2.44975        0.00153        0.02810        0.01935        1.45051       28.49979        0.00099        0.00496       39.49268        0.17020        0.24745        1.43256       13.92288        0.04944        0.02643        0.01795      300.00000      129.62897
   64    1    1     1520.40755     1761.65484      818.00930        2.24955       58.74945        0.00422        0.07909        0.39765        7.60000        0.00431        1.37688        0.35768       11.06179        0.02901        0.00238        0.03985        0.07537       47.95647        0.00280        0.11037        8.01134        0.49721        1.15939        0.07594        5.65093        0.00791        0.04047       -0.00058      300.00000       90.64909
   65    1    1     1890.52907     1878.62690      555.91821        8.58689      126.09867        0.01942        0.00692        1.27439       20.10000        0.52004        0.45973        1.27484        6.47759        0.01042        0.03237       -0.00044        1.61662      126.20900        0.01944        0.00708       19.98745        0.35305        0.28943        1.61190        6.47755        0.01056        0.02712        0.00471      300.00000        0.25734
   66    1    1     2169.90527     2307.91957      996.68644        1.32150       21.37958        0.00056        0.03141        1.47929       10.30000        1.01082        0.26086        1.47371        8.10575        0.01600        0.00082        0.00556        1.31218       32.32917        0.00127        0.02765       12.65458        0.04110        1.39672        1.31097        7.96573        0.01586        0.00497        0.00121      300.00000      129.74981
   67    1    1     2159.78043     1902.40708      840.53953        8.34300      113.81900        0.01582        0.00691        0.21709       25.30000        0.44397        1.56372        0.17084        6.41154        0.01066        0.00030        0.04632        0.30107      113.74560        0.01579        0.00699       25.26869        0.84652        1.03640        0.29553        6.41145        0.01001        0.04170        0.00553      300.00000        0.80313
   68    1    1     1772.28525    64942.33440    27360.89359        8.23413      142.69044        0.02487        0.01181        0.40214       17.40000       66.48875        1.34693        0.38763        6.33320        0.01020        0.02447        0.01457       18.07193      142.50395        0.02480        0.01202       17.24686        0.62877       49.53109       18.06327        6.33244        0.01014        0.03038        0.00866      300.00000        0.22736
   69    1    1     3179.32965     1911.90761      670.14629        4.00506       68.58568        0.00575        0.03007        1.67937       15.60000        0.62156        0.05609        1.67848        9.92075        0.02459        0.00292        0.00093        0.96701       71.70737        0.00628        0.01820       11.00721        0.12677        1.25296        0.96716       13.49074        0.04489        0.00423       -0.00015      300.00000       12.29382
   70    1    1     2987.30776     1681.91884      815.34838        6.09745       90.05904        0.00991        0.01674        0.60006       19.30000        0.05904        1.13710        0.59746        7.08219        0.01258        0.00067        0.00251        0.36590       91.96641        0.01032        0.02138       16.83658        1.23229        0.19378        0.36277        7.01514        0.01235        0.00009        0.00312      300.00000       10.47365
   71    1    1      968.04075    24622.00467    10605.91071        8.87603      227.04643        0.06296        0.01695        0.15014       17.20000       25.50519        1.58715        0.14742        2.85949        0.00200        0.01269        0.00268       14.26173      226.96955        0.06283        0.01699       17.28734        0.55577       12.43561       14.24855        2.85928        0.00208        0.00209        0.01319      300.00000        0.25267
   72    1    1     4104.55543     1599.99650      740.92154        4.32317       50.49051        0.00311        0.01355        1.12175       21.20000        0.02887        0.61960        1.11497        2.67209        0.00180        0.09766        0.00678        0.25113       59.46352        0.00430        0.02414       17.43599        0.23989        1.34649        0.16832        1.43918        0.00048        0.01990        0.08281      300.00000       14.36383
   73    1    1     4648.65138     1678.82665      689.67488        4.25848       44.28194        0.00239        0.01081        0.45780       21.70000        0.37555        1.27624        0.45832        2.82652        0.00198        0.00909       -0.00056        1.36422       48.86279        0.00292        0.01020       20.17113        0.23279        0.51172        1.36407        3.97094        0.00393        0.00811        0.00015      300.00000       22.57468
   74    1    1     1381.10365     1489.70850      641.77763        8.36970      179.05110        0.03915        0.01674        0.17529        7.00000        0.06564        1.56670        0.16786        8.78694        0.01950        0.02008        0.00739        1.20574      179.43394        0.03929        0.01684        6.63325        0.01172        0.58533        1.20291        8.78651        0.01889        0.02529        0.00283      300.00000        0.17870
   75    1    1     3941.24396     2423.63920     1044.00535        3.10606       59.68909        0.00435        0.04075        0.55775       13.90000        1.08583        1.17645        0.55811        5.51839        0.00757        0.06429       -0.00038        1.20795       54.48928        0.00362        0.00813       24.83526        0.37052        1.31374        1.16082        8.50027        0.01875        0.01429        0.04713      300.00000       24.91301
   76    1    1     6255.30375     2553.45629      996.38520        3.91971       45.80095        0.00256        0.01411        0.62317       30.90000        1.17987        1.11540        0.61916        3.90758        0.00373        0.00044        0.00398        2.01425       52.04733        0.00331        0.00572       22.77987        0.47703        0.40399        2.01484       11.03851        0.03020        0.00478       -0.00059      300.00000       89.94586
   77    1    1     3827.74014   252699.08893   100838.85067        5.56973       58.22703        0.00414        0.00921        0.84802       27.80000      250.32526        0.89673        0.83783        8.99989        0.01962        0.10477        0.01019       84.17840       56.21383        0.00386        0.01890       30.78375        0.03545      167.84141       84.17241        9.24025        0.02152        0.10832        0.00599      300.00000        2.06928
   78    1    1     1542.30700    11659.05733     4633.70265        0.87865       18.40602        0.00041        0.05318        0.47813       30.20000       11.77449        1.26619        0.46837        8.01477        0.01626        0.00240        0.00985        9.25392       19.27128        0.00045        0.09454       23.47696        0.11837        4.12108        9.24916        2.71107        0.00185        0.00086        0.00476      300.00000      150.85837
   79    1    1     1312.93316     3364.36511      943.47212        8.64953      177.48328        0.03847        0.01295        1.22339       33.50000        2.01337        0.51362        1.22095       12.74593        0.03978        0.00006        0.00236        1.72106      177.53865        0.03849        0.01302       33.47650        1.52309        0.50326        1.72150       12.74584        0.04033        0.00239       -0.00044      300.00000        0.33375
   80    1    1     1666.03583     4001.52491     1724.64537        0.41433        9.59728        0.00011        0.06542        0.87563       23.00000        2.75980        0.87228        0.86229        0.61873        0.00009        0.05683        0.01331        1.57702       19.45322        0.00046        0.05417       31.46954        1.43163        1.49538        1.51440       16.23505        0.06885        0.00266        0.06262      300.00000      151.56404
   81    1    1     1214.42753    28209.80869    12937.33391        2.30723       83.05055        0.00842        0.14982        0.32723       17.90000       29.15476        1.41128        0.32328        8.63631        0.01821        0.04822        0.00402        4.18231      103.71380        0.01312        0.12059       19.75381        0.01938       26.67435        4.18044       14.36444        0.05059        0.05763        0.00187      300.00000       69.10260
   82    1    1     2213.86886     2758.19907     1147.17460        3.14115       51.46913        0.00324        0.02956        1.10686       20.20000        1.53708        0.68212        1.05244        3.50412        0.00289        0.00037        0.05448        1.11995       51.00931        0.00317        0.04047       14.20430        0.25035        1.92797        1.07362        6.81771        0.01098        0.00922        0.04633      300.00000       75.75195
   83    1    1     3619.60832    17426.21287     7424.53462        0.49249        7.33347        0.00007        0.02701        0.69471       16.10000       18.08026        1.04019        0.69438        4.68640        0.00548        0.00291        0.00034        7.23383        6.14806        0.00005        0.01493       27.92137        0.21387       12.37724        7.23351        6.29927        0.00989        0.00087        0.00032      300.00000      168.64370
   84    1    1     2955.91771     2328.23921      941.23633        5.30819       91.43138        0.01021        0.02603        1.44881       20.40000        0.97452        0.28531        1.44925        8.43276        0.01759        0.00024       -0.00041        1.83709       93.22933        0.01060        0.02496       19.91944        0.33731        0.53352        1.83727        8.82540        0.01922        0.00001       -0.00018      300.00000       24.94841
   85    1    1     1729.47008    15502.15502     7235.70227        2.52777       39.80742        0.00194        0.02835        1.69214       26.90000       16.38315        0.05810        1.67647        4.46905        0.00481        0.00317        0.01577        5.82999       30.66932        0.00115        0.13031       24.47213        0.18033       11.98968        5.81310       12.90342        0.04008        0.00013        0.01689      300.00000      123.31851
   86    1    1     1196.47299     2580.21251     1134.07292        8.32092      206.96386        0.05231        0.02324        0.15823       16.40000        1.21371        1.58137        0.15320        3.51354        0.00311        0.00287        0.00500        2.72235      206.99949        0.05224        0.02329       16.42930        0.01371        0.21907        2.71555        3.51478        0.00300        0.00117        0.00680      300.00000        0.46306
   87    1    1     2969.23203     3126.45016      853.93149        4.93959       50.93175        0.00317        0.00982        1.25829       46.50000        1.94977        0.48726        1.24731        9.53717        0.02201        0.01243        0.01101        1.59402       35.85530        0.00157        0.04284       42.18224        0.88868        1.20554        1.57547        4.78742        0.00585        0.00425        0.01855      300.00000       69.07269
   88    1    1     3787.07099    18294.90384     7728.61844        5.09496       78.23806        0.00748        0.02132        0.12847       18.50000       19.20779        1.61585        0.11872       11.44250        0.03315        0.01345        0.00984        6.28129       79.95965        0.00781        0.01809       19.07698        3.56120       11.12779        6.26000       10.74240        0.02950        0.00181        0.02129      300.00000       62.53482
   89    1    1     2639.68301   336671.65640   130724.13468        2.12803       17.60479        0.00038        0.00798        0.68957       39.20000      333.75063        1.04447        0.69009        7.94911        0.01564        0.00124       -0.00048      192.60689        7.35649        0.00007        0.07819       38.58161        0.19291      142.55221      192.60722       17.88670        0.07902        0.00063       -0.00033      300.00000      152.79202
   90    1    1     1376.55436     1714.31005      690.37352        6.24532      191.78391        0.04492        0.07025        0.13057        1.90000        0.03079        1.62995        0.10461       12.46143        0.03983        0.00050        0.02598        0.90575      191.14220        0.04441        0.07051        2.88244        0.00306        0.87455        0.88798       12.46168        0.03960        0.00893        0.01777      300.00000        0.46920
   91    1    1     1384.73660     2591.71894     1104.57114        1.67575       58.16523        0.00413        0.14301        0.10775        9.10000        1.01291        1.62647        0.10810        9.92603        0.02434        0.00305       -0.00034        2.00484       23.51448        0.00067        0.06690       39.28010        0.12737        0.71065        2.00295        6.76137        0.01121        0.00002        0.00188      300.00000      124.83416
   92    1    1     1649.27136     1658.00360      552.32571        2.94090       79.33495        0.00769        0.08119        1.49711       30.50000        0.06574        0.25051        1.48406        8.09405        0.01664        0.00197        0.01302        0.86850       97.60347        0.01157        0.08700       20.92664        0.06716        0.85328        0.85187       11.69580        0.03294        0.00040        0.01663      300.00000       27.74292
   93    1    1     1381.41072     1546.51708      719.99243        6.54708      194.07268        0.04600        0.06132        0.56543       11.80000        0.08221        1.18206        0.55250        6.15749        0.00963        0.00243        0.01295        0.22990      192.90651        0.04529        0.06123       12.42083        0.05386        1.54330        0.22036        6.17646        0.00925        0.00625        0.00954      300.00000        0.05144
   94    1    1     1940.71803     1852.18890      836.45509        0.87084       17.96791        0.00039        0.05160        1.49490       22.70000        0.19434        0.23918        1.49538       12.93493        0.04144        0.00035       -0.00054        0.13265       64.76592        0.00511        0.04766       27.66716        1.24203        0.58105        0.13322        7.36537        0.01346        0.00025       -0.00057      300.00000       98.60807
   95    1    1     6381.26107    29594.09849    12440.68271        1.71157        8.51125        0.00009        0.00293        1.20537       24.90000       31.14725        0.53061        1.20395        7.85066        0.01541        0.02413        0.00131        1.41860       12.48948        0.00019        0.00226       22.87226        3.41552       28.07529        1.40499        5.37736        0.00698        0.00696        0.01362      300.00000      120.61738
   96    1    1     3456.06212     1738.42401      721.70259        1.49639       20.88323        0.00053        0.02325        0.72881       11.80000        0.28637        1.03100        0.70356       11.89319        0.03626        0.00328        0.02514        0.26705       25.30247        0.00078        0.00783       11.49900        1.02052        0.77469        0.26715        6.07684        0.00919        0.02945       -0.00010      300.00000      105.27621
   97    1    1     2207.82795   197332.99676    79755.48899        8.23163      113.07409        0.01562        0.00743        0.64400       26.30000      196.67650        1.10363        0.63094        4.14162        0.00414        0.00959        0.01301        7.47022      113.01562        0.01560        0.00742       26.45605        0.43026      190.51107        7.47001        4.11779        0.00418        0.02228        0.00021      300.00000        0.77423
   98    1    1     4907.24463     2395.62328      851.80769        5.20723       39.75807        0.00193        0.00519        1.19557       25.20000        1.24589        0.53848        1.19609        5.14008        0.00654        0.07517       -0.00053        2.19381       41.15108        0.00206        0.01174       20.54344        0.26855        0.56790        2.13430        5.87736        0.00901        0.01569        0.05951      300.00000       35.18611
   99    1    1     2385.68135     2669.91116     1267.06522        7.50620      115.20148        0.01621        0.01256        0.42600       14.20000        1.22035        1.34226        0.39231        8.70753        0.01804        0.00189        0.03367        0.44607      114.89170        0.01607        0.01199       14.70873        1.44540        1.06406        0.44624        8.70749        0.01870        0.03503       -0.00017      300.00000        2.98536
  100    1    1     8430.67139     1569.87629      763.85298        3.32505       35.86128        0.00157        0.01264        0.16193        3.50000        0.01826        1.58927        0.14529        1.78983        0.00077        0.00190        0.01659        0.76781       26.84533        0.00088        0.00304       24.44894        0.16588        0.83058        0.76699        1.43279        0.00051        0.01764        0.00082      300.00000       81.51089
