    1    1    1     9036.16062     4147.28011     2014.18088        2.02037       30.61022        0.00114        0.02689        1.36999       22.80000        2.89586        0.37090        1.36367        1.99697        0.00097        0.04024   -33197.37753        3.26953       55.10107        0.00370        0.02065       16.85832        0.21593        1.17708        3.23092        6.87979        0.01223        0.00688        0.03862      300.00000      107.75016
    2    1    1     2324.33561     2043.92543      921.06547        0.11324        1.99278        0.00000        0.03782        0.93996        6.40000        0.70764        0.81775        0.91681       11.60281        0.03446        0.00035        0.02323        1.40229        6.05918        0.00004        0.02146       23.79395        0.04923        1.03884        1.37884        9.95760        0.02539        0.00073        0.02345      300.00000      172.28861
    3    1    1     1999.15224     1629.28757      641.64612        3.00444       85.43568        0.00891        0.08985        0.27667       17.50000        0.09574        1.48533        0.24923        5.25020        0.00658        0.03352        0.02737        0.44322       96.14448        0.01126        0.03496       23.21691        0.14072        1.32013        0.38131       13.17104        0.04067        0.00565        0.06191      300.00000       26.99544
    4    1    0      797.71339 19948176.89307  7092967.73517        3.30185       71.83366        0.00630        0.05150        0.15028       27.70000    17298.89309        1.58394        0.15063        6.39469        0.01010        0.03181       -0.00032      196.48231        0.00000        0.00000        0.00000       52.65591        0.01359    17104.23096      196.48231        0.00000        0.00000        0.00000        0.00000      300.00000        0.00000
    5    1    1     2126.19152     1675.49085      630.98508        1.10579       24.22784        0.00072        0.05791        1.33327       11.30000        0.13331        0.40221        1.33236        7.43375        0.01380        0.03777       -0.01043        0.32276       53.81666        0.00351        0.03225       31.64156        1.42744        0.15936        0.31834        0.51681        0.00007        0.03360        0.00442      300.00000       94.16068
    6    1    1     1198.48040     5791.59850     2682.89114        8.74290      190.18628        0.04418        0.01362        0.86495       32.20000        5.11838        0.88020        0.85436        3.74904        0.00356        0.00006        0.01049        3.15203      190.10067        0.04410        0.01361       32.23839        1.01506        2.68938        3.14863        3.74977        0.00344        0.00732        0.00341      300.00000        0.30318
    7    1    1     1908.84528     1587.81566      634.28733        6.48577      141.24539        0.02437        0.03356        1.46945        6.70000        0.02703        0.28332        1.45124       16.93604        0.06897        0.00365        0.01829        0.55361      141.01035        0.02426        0.03373        6.49905        0.06814        1.15169        0.54166       16.93464        0.07276        0.00617        0.01194      300.00000        1.53176
    8    1    1     2559.54426     2799.63437     1021.47403        4.90531       96.47821        0.01137        0.03588        1.51421       13.70000        1.43422        0.22091        1.51365       19.36515        0.09358        0.00039        0.00061        1.22707       82.31702        0.00825        0.03169       18.34293        0.32533        1.62501        1.22413       19.49918        0.09301        0.00019        0.00295      300.00000       14.60973
    9    1    1      854.55869     9780.72272     4313.31880        8.91957      254.34364        0.07901        0.02030        1.05088       18.20000        9.52393        0.68898        1.04559       10.25306        0.02562        0.02063        0.00531        5.93738      254.27077        0.07878        0.02052       18.18444        0.65146        4.69337        5.91362       10.25381        0.02692        0.00091        0.02376      300.00000        0.20598
   10    1    1     1853.29317     8156.77171     3276.09132        3.19516       65.72906        0.00528        0.04641        0.96417       44.10000        7.67587        0.77470        0.95987       11.58628        0.03276        0.00742        0.00435        2.38038       84.44918        0.00869        0.07917       26.12018        0.79707        6.22488        2.36853        8.23953        0.01642        0.00001        0.01184      300.00000       48.46553
   11    1    1     2922.80368     1581.04030      581.92735        8.18492       85.39808        0.00891        0.00439        1.12170       13.70000        0.16675        0.61396        1.12061       10.01566        0.02463        0.01016        0.00114        0.46775       85.28798        0.00888        0.00444       13.67992        0.52589        0.91231        0.46310       10.01594        0.02447        0.00677        0.00466      300.00000        1.34438
   12    1    1     1941.11565     2296.06920      763.00829        6.50326      139.45455        0.02375        0.03241        0.17915       33.10000        0.81470        1.55753        0.17703       16.16941        0.06405        0.00271        0.00214        0.59734      139.18526        0.02363        0.03162       33.36576        1.14330        0.81431        0.59256       16.16481        0.06372        0.00038        0.00478      300.00000        2.07315
   13    1    1     1237.37121     2446.39507      867.03982        8.86480      178.39826        0.03887        0.01059        0.60656       47.30000        1.05736        1.12773        0.60683       12.22186        0.03688        0.00276       -0.00030        1.35887      178.36493        0.03883        0.01058       47.30464        0.39241        1.04175        1.35779       12.22279        0.03670        0.00162        0.00108      300.00000        0.14677
   14    1    1     3114.85713     2034.46498      469.75853        4.28568       72.54543        0.00643        0.02857        0.87121       25.40000        0.57233        0.86570        0.86887       12.66776        0.04021        0.02528        0.00232        0.81493       74.64892        0.00679        0.02422       33.92394        1.30480        0.23789        0.78619        9.39738        0.02108        0.00002        0.02874      300.00000       41.93257
   15    1    1     6350.74719     3277.26106      566.75330        2.78330       28.64115        0.00100        0.01193        1.38175       30.30000        2.02316        0.37997        1.35459       12.00882        0.03445        0.01539        0.02716        1.98069       38.67159        0.00182        0.02974       33.09381        1.24165        0.55169        1.96843        7.29724        0.01287        0.02920        0.01226      300.00000       36.35663
   16    1    1     4919.97156     1514.99748      585.55147        2.83716       47.59221        0.00277        0.03160        0.38163       26.00000        0.08835        1.35579        0.37877        6.71691        0.01104        0.00569        0.00289        1.25220       35.09291        0.00150        0.00515       33.17956        0.07007        0.52673        1.25149        7.34541        0.01347        0.00775        0.00071      300.00000       49.45518
   17    1    1     1941.71023     1500.20009      574.75161        7.75186      135.72671        0.02250        0.01494        1.08964       11.10000        0.03224        0.65465        1.07991        6.94697        0.01222        0.02202        0.00981        0.70380      136.10835        0.02260        0.01554       10.37271        0.03732        1.03674        0.69193        6.94690        0.01224        0.01998        0.01186      300.00000        0.36527
   18    1    1     1715.87005     1664.62983      689.52390        1.61845       39.27425        0.00188        0.07004        1.50698       15.50000        0.08383        0.23013        1.50444        3.60775        0.00326        0.02855        0.00255        0.35855       37.46442        0.00171        0.06285       20.88809        1.06810        0.39947        0.35564        4.30161        0.00453        0.02947        0.00291      300.00000      112.81723
   19    1    1     1634.33926    85477.88141    33657.39290        1.55662       35.41110        0.00153        0.06167        0.84483       15.40000       87.72704        0.89240        0.84216       13.95702        0.04768        0.07748        0.00258       55.79676        2.55635        0.00001        0.04862       14.24294        0.03054       33.65071       55.79681       12.77624        0.04025        0.08580       -0.00004      300.00000      156.58913
   20    1    1     2432.61491     1556.36753      572.78654        7.55053      109.43225        0.01463        0.01103        0.91828        9.50000        0.10279        0.81570        0.91886       12.16347        0.03665        0.00100       -0.00053        0.90916      110.01580        0.01475        0.01120        9.19401        0.19754        0.73106        0.90848       12.16299        0.03637        0.00001        0.00069      300.00000        0.42344
   21    1    1     1664.02373     2784.00038     1255.48734        8.27009      150.17776        0.02755        0.01273        0.50298       23.80000        1.49342        1.23355        0.50102        7.81499        0.01497        0.00368        0.00189        0.43612      150.36758        0.02750        0.01303       23.70734        1.51084        1.28108        0.43584        7.81319        0.01522        0.00508        0.00028      300.00000        0.56383
   22    1    1     3511.81000     3191.61115      932.24284        7.00466       78.34962        0.00750        0.00778        1.32165       25.30000        2.11642        0.41262        1.32194        7.91675        0.01558        0.00113       -0.00026        2.45392       77.05403        0.00724        0.00804       25.28430        0.75212        0.64547        2.45336        7.91598        0.01563        0.00028        0.00055      300.00000        2.05210
   23    1    1     1478.86198     4812.41251     2175.91526        6.62636      181.94600        0.04043        0.05165        0.19832       14.30000        3.92968        1.54967        0.18490        4.03095        0.00413        0.00469        0.01341        2.10248      181.95482        0.04032        0.05170       14.40819        0.22894        3.35107        2.08437        4.00830        0.00386        0.00021        0.01812      300.00000        0.41621
   24    1    1     2356.16989    19209.74000     8565.51875        8.07937      110.57095        0.01493        0.00794        1.66627       29.80000       19.52008        0.12130        1.61327        9.15830        0.02182        0.00780        0.05309        0.60591      110.36208        0.01487        0.00803       29.78978        9.23327       11.46842        0.55293        9.15808        0.02182        0.00784        0.05298      300.00000        1.21680
   25    1    1     1692.01946     2177.34213      704.02570        6.39695      157.11463        0.03015        0.04353        1.17897       18.70000        0.71127        0.55861        1.17595        5.97670        0.00874        0.00266        0.00297        0.43220      157.71249        0.03026        0.04263       18.95092        1.69362        0.32437        0.42834        6.08596        0.00931        0.00152        0.00387      300.00000        0.41368
   26    1    1     3576.99270     1417.71172      649.90852        1.13319       12.66851        0.00020        0.01507        1.33136       15.90000        0.01552        0.41917        1.31540        4.12493        0.00433        0.01497        0.01593        0.53065       16.16758        0.00032        0.00935       19.32360        0.02551        1.22384        0.51043        1.93359        0.00090        0.01005        0.02022      300.00000      131.25327
   27    1    1     1936.12126  1797129.01567   565318.66858        1.79033       39.32244        0.00189        0.05703        0.06471       40.60000     1601.42037        1.67336        0.06121        4.55922        0.00522        0.00218        0.00345     1141.28389       47.67032        0.00278        0.02692       40.89592        3.88666      457.92275     1141.28382        7.80341        0.01516        0.00371        0.00007      300.00000      104.81447
   28    1    1     1324.62340   189981.32486    83971.67312        8.44338      182.93362        0.04087        0.01646        0.44408       15.90000      192.03995        1.29028        0.44428       15.60512        0.06056        0.00152       -0.00018       62.72495      182.82775        0.04081        0.01654       15.94632        0.01017      131.04063       62.72369       15.60492        0.05979        0.00083        0.00126      300.00000        0.57853
   29    1    1     2394.88892     5486.52478     2309.51104        4.80403      104.92951        0.01345        0.04482        0.15583       21.20000        4.75655        1.59335        0.14121        4.69106        0.00531        0.00128        0.01462        2.62242      105.89423        0.01367        0.03910       21.60966        1.36092        2.51156        2.61986        6.27860        0.00965        0.01326        0.00256      300.00000       24.51022
   30    1    1     2715.85881     9278.28725     4541.04054        6.53887      103.87718        0.01318        0.01764        0.11786        9.20000        9.46024        1.61666        0.11790       13.45098        0.04462        0.01321       -0.00015        4.70942      102.71004        0.01287        0.01609       11.05872        0.04740        6.44345        4.70584       13.45086        0.04421        0.00997        0.00359      300.00000        7.25436
   31    1    1     1345.87484    39773.99978    18272.63007        6.32962      196.96556        0.04738        0.07088        1.22930       14.00000       41.15241        0.53895        1.19562        6.95980        0.01152        0.00019        0.03368       18.34285      196.88027        0.04721        0.07133       13.55786        0.27151       24.30502       18.30980        7.05478        0.01185        0.00084        0.03305      300.00000        0.51928
   32    1    1     4035.94256     2323.78495     1040.73134        3.77485       34.97896        0.00149        0.00899        0.55821        2.90000        0.92832        1.18348        0.55108        9.30491        0.02105        0.03664        0.00715        2.35122       34.46422        0.00145        0.00736       17.19043        0.03012        0.32152        2.32293        6.91372        0.01228        0.01425        0.02830      300.00000       66.19090
   33    1    1     2764.92326     1477.30366      582.11710        1.21556       17.21940        0.00036        0.02415        1.00112       14.90000        0.01270        0.73360        1.00096        5.61609        0.00786        0.04215        0.00021        0.79954       10.97948        0.00015        0.01636        4.08372        0.69995        0.23712        0.79305       11.91987        0.03584        0.03297        0.00649      300.00000      154.45278
   34    1    1     3844.16013     1659.24539      801.93213        3.90135       46.94552        0.00269        0.01499        1.54645       16.00000        0.01416        0.19594        1.53863        5.60143        0.00762        0.05002        0.00781        1.50951       53.99409        0.00356        0.01120       19.16826        0.02314        0.22932        1.50229        4.43943        0.00479        0.05037        0.00722      300.00000        9.22591
   35    1    1     3631.69279     5569.66084     2496.23868        5.57221       51.52540        0.00324        0.00720        0.39874       33.10000        4.80400        1.34004        0.39452        8.98469        0.02030        0.00099        0.00430        3.73626       67.15574        0.00549        0.03856       22.95236        0.07985        2.70130        3.73209        7.13141        0.01242        0.00065        0.00418      300.00000       20.89838
   36    1    1     2160.27981     3488.58285     1456.30137        7.08179      126.05963        0.01941        0.01929        0.47660       34.00000        2.03554        1.27424        0.46033       13.07541        0.04354        0.06571        0.01629        0.87563      126.32989        0.01948        0.01928       33.98345        2.64770        0.24983        0.87252       13.07812        0.04293        0.07949        0.00311      300.00000        1.60498
   37    1    1     1615.39151     1760.92681      759.88374        1.37237       37.00833        0.00167        0.08714        1.46175        8.70000        0.17185        0.27520        1.45937        5.28901        0.00685        0.00483        0.00237        1.01735       46.32450        0.00261        0.06183        7.17723        0.00355        0.91317        1.01765        3.61439        0.00325        0.00754       -0.00030      300.00000      105.44725
   38    1    1     2403.96347     1953.59808      550.25535        4.57157       82.62392        0.00834        0.03156        1.16312       10.00000        0.56415        0.60291        1.13165       13.04740        0.04056        0.01022        0.03140        0.94694       72.77485        0.00645        0.02982       10.22942        0.37809        1.00985        0.90968       13.86627        0.04964        0.00008        0.03725      300.00000       23.28031
   39    1    1     2187.82168    85557.46459    35519.23578        2.01819       46.75231        0.00267        0.06287        0.06661        6.70000       87.73996        1.71655        0.01802       11.45011        0.03094        0.00673        0.04866       84.18479       35.84619        0.00157        0.01633       38.98776        0.37546        4.98377       84.14259       16.09458        0.06133        0.00311        0.04220      300.00000      113.93191
   40    1    1     1386.80940     1926.14438      767.21941        7.77306      192.11858        0.04508        0.02953        1.02622        7.30000        0.49441        0.71082        1.02375        5.64822        0.00800        0.01614        0.00254        0.44382      192.35590        0.04501        0.02966        7.23030        0.19122        1.59342        0.44430        5.64939        0.00789        0.01919       -0.00048      300.00000        0.98926
   41    1    1     3310.11466     1731.54936      757.67011        0.91354       17.26421        0.00036        0.04325        0.50335       16.50000        0.24491        1.23234        0.50223       16.38414        0.06709        0.00902        0.00102        0.94314        0.92603        0.00000        0.04092        9.81148        0.02291        1.01099        0.94359       16.99739        0.07170        0.01066       -0.00045      300.00000      138.69740
   42    1    1     1063.21503  4751626.18709  1549249.98758        0.12711        2.68005        0.00001        0.05428        0.55653       25.60000     4099.47215        1.18351        0.55105        2.54944        0.00158        0.00492        0.00555      595.15118       97.90667        0.01170        2.34756      114.16506       48.30403     3455.39675      595.14441       15.22201        0.05635        0.00608        0.00677      300.00000      163.01948
   43    1    1     2347.05699     1848.12891      667.06764        7.71784      111.89092        0.01529        0.01038        0.28202        7.90000        0.45971        1.46244        0.27213        6.21137        0.00935        0.06161        0.00985        1.51320      112.66135        0.01549        0.01011        8.09593        0.55338        0.19059        1.45045        6.21086        0.01008        0.00795        0.06275      300.00000        0.35314
   44    1    1     4254.91871     1925.15821      568.34477        0.75538       16.35195        0.00033        0.05691        0.64338       14.90000        0.46226        1.19508        0.53948        7.09049        0.01159        0.00314        0.10381        0.45326       14.92117        0.00027        0.00250       23.30892        0.54071        1.31417        0.36303       13.56326        0.04263        0.01915        0.09024      300.00000      134.09693
   45    1    0      462.30964 80943073.73747 28764929.47910        2.27369       29.33578        0.00105        0.01928        0.39340       20.00000    71319.14487        1.35660        0.37810        4.75759        0.00546        0.05595        0.01532      236.45229        0.00000        0.00000        0.00000       44.89009        0.07014    71084.45024      236.45229        0.00000        0.00000        0.00000        0.00000      300.00000        0.00000
   46    1    1     1421.58528     2425.38019      521.50837        2.62489       93.32697        0.01064        0.14375        1.56968       22.50000        0.76956        0.17777        1.55680       13.37408        0.04321        0.00000        0.01282        0.73397       54.49702        0.00361        0.07299       47.43911        1.35106        0.49740        0.73378       13.30600        0.04411        0.01148        0.00018      300.00000       76.29170
   47    1    1     1886.32794     2526.97305     1017.17352        7.75741      139.91628        0.02391        0.01582        0.98096       25.50000        1.34752        0.77034        0.96422       11.08038        0.02956        0.00019        0.01681        2.55712      139.76047        0.02381        0.01559       25.61886        0.11067        0.42613        2.54560       11.07964        0.02970        0.00530        0.01152      300.00000        0.08581
   48    1    1     6894.75102     1540.86319      689.04342        5.51406       55.28984        0.00373        0.00855        0.29418       11.20000        0.14066        1.49378        0.24078        5.78790        0.00789        0.00213        0.05343        1.08326       42.50291        0.00221        0.00636       16.91677        0.19093        0.66165        1.03105        4.08300        0.00393        0.00262        0.05220      300.00000      127.35962
   49    1    1     1980.02036     1644.20291      577.68887        4.51620      113.37158        0.01570        0.06127        1.05299       37.10000        0.11961        0.68307        1.05150        7.42980        0.01381        0.04198        0.00146        0.50323      114.18675        0.01583        0.06412       37.98855        0.25264        1.14152        0.46301        5.18622        0.00638        0.00471        0.04022      300.00000       14.36529
   50    1    1     2407.07454     8201.01567     3417.34985        1.42973       14.62953        0.00026        0.01253        0.46351       24.10000        8.07191        1.27172        0.46284        5.78480        0.00823        0.01992        0.00073        5.63003        9.98584        0.00012        0.07519       16.92819        0.26867        3.83534        5.62269       10.98407        0.02932        0.00941        0.00733      300.00000      146.58942
   51    1    1     1737.56254     5766.74316     2651.18162        2.21768       36.74077        0.00165        0.03187        0.72939       37.30000        4.76681        1.00606        0.72850       15.36527        0.05802        0.00214        0.00084        4.29142       65.15926        0.00516        0.12865       15.85839        0.11354        2.05117        4.28873        4.83987        0.00587        0.00013        0.00269      300.00000      103.01045
   52    1    1     2805.04882     1518.67036      624.61932        7.53716       99.63116        0.01212        0.00922        1.40386       14.30000        0.08718        0.34246        1.39210       10.69831        0.02768        0.02767        0.01170        0.95946       99.55457        0.01208        0.00921       14.34233        0.02461        0.85892        0.93827       10.69845        0.02926        0.01666        0.02118      300.00000        4.35457
   53    1    1     1357.83915     1687.08309      633.86712        3.30186       98.60408        0.01187        0.09704        0.85815       27.60000        0.05179        0.87847        0.85609        5.20661        0.00679        0.00305        0.00212        0.39565       92.50563        0.01043        0.10450       14.44778        0.16482        1.19420        0.39621       11.28949        0.03160        0.00597       -0.00057      300.00000       64.62090
   54    1    1     2743.57326     1974.81239      809.74379        4.30825       85.38994        0.00891        0.03907        0.44792       10.50000        0.50424        1.29021        0.44435       13.82994        0.04804        0.02439        0.00352        0.87465       70.71219        0.00608        0.02810       10.47355        0.12467        1.24180        0.87371       15.53127        0.06026        0.02721        0.00094      300.00000       20.69259
   55    1    1     1757.35580     1821.65379      647.00306        8.23426      141.89080        0.02459        0.01168        0.49561        5.80000        0.00347        1.24341        0.49116       32.37378        0.26362        0.01160        0.00442        0.44813      142.22311        0.02469        0.01178        5.37680        0.05110        1.25195        0.43474       32.37377        0.26627        0.00004        0.01339      300.00000        0.81506
   56    1    1     1653.12388    28515.78772    11996.21679        3.38489       66.65065        0.00543        0.04193        0.33298       24.10000       29.37840        1.41012        0.32444        2.67173        0.00173        0.00514        0.00858       13.92999       62.31848        0.00474        0.11908        8.40972        0.02178       17.08718       13.92796        4.23353        0.00449        0.00847        0.00204      300.00000       77.69217
   57    1    1     1378.49884     4192.10133     2093.00558        7.94788      190.05266        0.04411        0.02572        0.34821       26.30000        2.90602        1.39196        0.34261        8.35246        0.01758        0.00493        0.00565        4.21060      190.23082        0.04413        0.02595       26.19070        0.15697        0.28300        4.20033        8.35225        0.01690        0.00098        0.01026      300.00000        0.66236
   58    1    1     1084.81011   250528.34754   101885.26250        2.42933       83.70231        0.00856        0.13643        0.87360       36.20000      248.65240        0.88048        0.85409        2.18924        0.00115        0.01042        0.01954      112.06278      100.49328        0.01231        0.16417       45.77635        0.14372      138.17498      112.03745        1.21341        0.00038        0.00482        0.02532      300.00000       85.98702
   59    1    1     2888.11896     1725.17958      851.26683        4.21890       59.02575        0.00426        0.01965        1.65517        4.00000        0.02005        0.08069        1.65388       13.72769        0.04712        0.00046        0.00128        0.02333       55.51190        0.00376        0.01844        5.26483        1.39846        0.33434        0.02257       13.86828        0.04803        0.00104        0.00077      300.00000       32.98458
   60    1    1     1953.81243     3012.68314     1262.47427        7.28379      136.59527        0.02279        0.02016        0.85009        7.90000        1.84269        0.89621        0.83835       15.74817        0.06291        0.00442        0.01164        0.77398      137.20725        0.02294        0.01961        8.54452        0.09734        2.71263        0.76780       15.74835        0.06036        0.01242        0.00618      300.00000        0.77886
   61    1    1     2414.91768     5437.33665     2211.83480        3.79642       55.06246        0.00370        0.02199        0.95513       11.20000        4.82245        0.80292        0.93164       10.58518        0.02683        0.04334        0.02349        6.04837       49.10185        0.00294        0.02615       13.30828        0.21513        0.29584        6.04759        9.30559        0.02162        0.06635        0.00078      300.00000       75.01272
   62    1    1     4075.82340    24828.08112    10873.97583        2.23686        9.58673        0.00011        0.00213        1.03828       24.50000       25.46439        0.71973        1.01483       15.70368        0.05906        0.00582        0.02354       14.22613       15.86877        0.00031        0.03738       22.71097        0.12578       12.86304       14.20456       10.60576        0.02876        0.00813        0.02157      300.00000      143.36829
   63    1    1     1125.46559    14371.29869     7006.01273        6.32635      235.14644        0.06753        0.10120        1.29421       42.00000       14.18587        0.45374        1.28083        6.48909        0.01070        0.04061        0.01335        9.98065      234.95265        0.06728        0.10153       41.99809        0.45982        5.48483        9.97584        6.45170        0.01047        0.04928        0.00482      300.00000        0.07542
   64    1    1     1788.55602    15449.26530     6401.13124        8.87733      124.58769        0.01896        0.00510        0.25840       13.70000       16.23119        1.47811        0.25646        8.96699        0.01971        0.02137        0.00201        7.87982      124.30755        0.01887        0.00502       13.86124        0.52559        9.57797        7.86245        8.96777        0.02050        0.00508        0.01737      300.00000        0.77713
   65    1    1     3215.62339     1571.34983      675.90336        3.10312       43.02335        0.00226        0.02122        1.49204       20.60000        0.04125        0.26706        1.46751        4.68096        0.00561        0.00274        0.02447        1.39398       49.06079        0.00294        0.01340       21.43812        0.13177        0.25827        1.37145       10.61803        0.02885        0.00297        0.02253      300.00000       49.68642
   66    1    1     2436.37827     1702.83611      704.34787        3.87941       74.48682        0.00678        0.03825        0.86541       25.10000        0.09404        0.86982        0.86475       13.95917        0.04793        0.00042        0.00064        0.33648       70.42738        0.00604        0.03545       16.69439        0.06197        1.41365        0.33506       16.77379        0.06905        0.00000        0.00143      300.00000       19.21714
   67    1    1     3113.28466     2123.27034      717.39895        4.44832       90.88859        0.01009        0.04090        0.90328       12.60000        0.57094        0.84499        0.88957       21.82643        0.12107        0.00656        0.01372        0.34153       89.62478        0.00976        0.02455       22.36396        0.37389        1.62214        0.32555       21.92837        0.12244        0.00352        0.01599      300.00000       74.18655
   68    1    1     2475.83035     3132.05157     1194.86104        4.92864      106.88553        0.01395        0.04349        1.19626       25.60000        1.85339        0.53825        1.19631        6.36933        0.01010        0.00506       -0.00010        1.76300      109.37143        0.01454        0.04522       26.70353        0.36438        1.46641        1.76117        3.87335        0.00376        0.00321        0.00183      300.00000       41.37016
   69    1    1     1264.69887     1808.48327      761.94393        2.14655       65.95518        0.00531        0.10999        1.53583       20.30000        0.06801        0.20430        1.53026       13.66031        0.04701        0.01323        0.00549        0.43327       64.71654        0.00506        0.10022        6.10170        0.22962        1.13701        0.41765       17.51088        0.07806        0.00046        0.01562      300.00000      103.02116
   70    1    1     3910.25058     1581.56291      726.85526        2.12046       22.41021        0.00061        0.01303        0.81999        7.50000        0.00647        0.93658        0.79798        9.16685        0.02149        0.00323        0.02198        1.29179       39.41310        0.00189        0.00767        7.56887        0.00832        0.44920        1.28400       10.07870        0.02566        0.01686        0.00780      300.00000       73.74365
   71    1    1     1963.61300     1669.97845      719.34887        0.86462       20.80589        0.00053        0.07019        0.97805        6.60000        0.08770        0.76505        0.96951        6.87062        0.01146        0.00000        0.00852        1.41903       34.02439        0.00141        0.02705       21.99352        0.06108        0.37363        1.41950        9.58386        0.02277        0.00802       -0.00047      300.00000      126.95533
   72    1    1     2919.33536     1395.51831      636.87208        8.95300       76.35342        0.00712        0.00176        0.92009        9.10000        0.02704        0.82174        0.91283        3.78102        0.00347        0.03583        0.00732        1.25026       76.41145        0.00713        0.00179        9.04145        0.02851        0.48299        1.25004        3.78108        0.00352        0.04284        0.00021      300.00000        1.96882
   73    1    1     1494.63529     1501.83558      628.20093        7.48010      178.50151        0.03891        0.03064        1.07117        8.50000        0.00509        0.66508        1.06948        6.19883        0.00962        0.00252        0.00164        1.14404      179.01488        0.03911        0.03028        8.71120        0.00691        0.58855        1.14439        6.21051        0.00953        0.00460       -0.00035      300.00000        0.19836
   74    1    1     1830.45956     1462.91344      674.86644        7.43821      145.19391        0.02575        0.02079        0.33072       15.30000        0.02821        1.40727        0.32730        2.94960        0.00213        0.04488        0.00346        0.49823      145.33980        0.02574        0.02101       15.13147        0.08223        1.21422        0.46605        2.94963        0.00207        0.01623        0.03218      300.00000        1.01164
   75    1    1     2600.46559     1707.78897      619.73841        3.77376       51.31971        0.00322        0.01937        1.34683       13.00000        0.25340        0.40428        1.33029        8.29883        0.01658        0.00286        0.01645        0.39415       41.30933        0.00208        0.04418       22.60802        0.89140        0.71289        0.37655        1.86940        0.00089        0.00095        0.01760      300.00000       62.66098
   76    1    1     2792.95333     1643.71194      548.07161        4.62853       99.49762        0.01209        0.04435        1.30469       17.70000        0.14606        0.48477        1.24979       11.35740        0.03359        0.00188        0.05502        0.55054      103.21659        0.01297        0.04630       17.70160        0.22609        1.10410        0.55000       10.91449        0.02931        0.05812        0.00054      300.00000       86.73015
   77    1    1     5345.95388     1815.77015      818.63643        8.14468       47.14321        0.00271        0.00138        0.34219       13.20000        0.46879        1.40496        0.32961        6.81376        0.01179        0.00471        0.01263        0.83648       47.34047        0.00274        0.00138       13.18100        0.03558        1.34828        0.81949        6.81381        0.01118        0.00091        0.01699      300.00000        0.21488
   78    1    1     2191.84957     5883.23931     2318.93982        1.90981       47.09798        0.00271        0.07157        1.65873       14.30000        5.41741        0.07529        1.65928       11.93163        0.03528        0.01001       -0.00053        5.85239       39.28111        0.00188        0.02210       17.29397        0.23454        1.08580        5.84831       16.39427        0.06562        0.00865        0.00407      300.00000       87.85817
   79    1    1     2347.23630     2876.92212      307.28259        0.20283        3.01087        0.00001        0.02690        1.16852       28.20000        1.57539        0.58707        1.14750        8.34942        0.01782        0.02276        0.02110        1.80927       17.61381        0.00038        0.02077       30.10876        1.45139        0.07559        1.78995        7.90952        0.01503        0.02604        0.01932      300.00000      159.85780
   80    1    1     1021.91118     1884.03411      808.77086        8.76868      223.76060        0.06115        0.01838        0.94892       35.90000        0.24427        0.78643        0.94813        7.29988        0.01331        0.00609        0.00072        0.50230      223.77972        0.06095        0.01862       35.88079        0.29835        1.18080        0.49962        7.29888        0.01304        0.00448        0.00269      300.00000        0.15386
   81    1    1     4897.88671     2018.35369      649.67471        3.01481       59.62615        0.00434        0.04343        0.73800       16.10000        0.63607        0.99633        0.73824       12.94498        0.04137        0.00711       -0.00022        0.92815       46.73827        0.00267        0.00569       39.66307        1.13440        0.37798        0.92616        7.53305        0.01391        0.00387        0.00199      300.00000       27.96819
   82    1    1     3141.45325     3350.95354     1033.75026        6.89162       89.16068        0.00971        0.01073        1.33873       37.00000        2.28600        0.39848        1.33609        6.41136        0.01006        0.02994        0.00267        1.40725       89.08848        0.00968        0.01091       36.96675        0.65656        1.97562        1.38823        6.38771        0.00981        0.01382        0.01902      300.00000        5.46053
   83    1    1     2593.79680     1704.85061      805.26483        4.20084       77.31215        0.00730        0.03407        1.48228        9.90000        0.02580        0.25333        1.48123       12.50022        0.03838        0.01180        0.00106        1.40324       90.88938        0.01003        0.04386        6.68621        0.02848        0.32920        1.39874       11.09719        0.03005        0.00813        0.00450      300.00000       22.61555
   84    1    1     1582.75760  2414081.08630   778843.16233        0.76634       17.08501        0.00036        0.06035        1.41556       23.50000     2124.02166        0.33940        1.39516        7.85205        0.01575        0.02282        0.02049      574.00736       29.76295        0.00108        0.07143       18.72556        0.05289     1551.79553      573.94271        2.97920        0.00208        0.01346        0.06465      300.00000      157.17642
   85    1    1     2114.46671     4407.29571     2134.58087        6.01225      126.29521        0.01948        0.03441        0.20430       10.50000        3.11498        1.52987        0.20469       13.86211        0.04750        0.00140       -0.00045        0.52470      126.18487        0.01944        0.03207       12.52648        0.20591        4.12183        0.52426       13.86189        0.04793        0.00007        0.00044      300.00000        4.56787
   86    1    1     9595.61764    23341.45525     9888.66360        5.72151       47.72552        0.00278        0.00572        0.75197       33.40000       24.03465        1.03528        0.69928       11.82551        0.03293        0.02874        0.05267       16.79025       58.93017        0.00424        0.00756       25.44772        0.11705        8.89255       16.69862       17.14813        0.07764        0.00274        0.09163      300.00000      143.71305
   87    1    1     2964.04412     5942.16451     2930.77519        6.70858       91.10745        0.01014        0.01239        0.11885       26.90000        5.33338        1.65057        0.08399        5.08131        0.00614        0.01821        0.03481        1.02828       91.81869        0.01028        0.01222       26.93603        2.71392        3.36061        0.99344        5.07893        0.00613        0.01825        0.03484      300.00000        1.00718
   88    1    1     1852.63049     6452.00638     2871.38909        5.02329      140.48821        0.02411        0.07142        0.29550       27.90000        5.58888        1.45629        0.27828       12.90130        0.04242        0.00702        0.01728        0.69321      143.44429        0.02510        0.06776       28.89569        3.94876        2.68484        0.69254       12.89373        0.04088        0.02509        0.00067      300.00000       24.40555
   89    1    1     5058.19108   111193.00800    43643.33017        5.41101       33.36948        0.00136        0.00328        0.45925       22.10000      112.32164        1.27479        0.45977       10.93379        0.02957        0.00467       -0.00045       20.19072       13.13455        0.00021        0.01243       16.68865        0.17819       93.69433       20.18569        8.59520        0.01801        0.00074        0.00502      300.00000       70.99058
   90    1    1     4106.91345     2022.12886      623.80296        5.67910       85.26724        0.00888        0.01865        0.67420       20.70000        0.34264        1.10905        0.62551       22.67511        0.13350        0.00927        0.04871        0.24761       83.21848        0.00843        0.01977       19.62217        1.02583        0.85607        0.19242       22.96105        0.12400        0.01447        0.05519      300.00000       93.30798
   91    1    1     1252.85970     2490.74643     1023.81488        8.33524      198.29347        0.04802        0.02110        0.72529       30.90000        0.96577        1.01551        0.71906        6.05209        0.00924        0.00137        0.00630        0.49852      198.26890        0.04787        0.02118       30.92813        1.33218        0.87647        0.49178        6.05287        0.00891        0.00116        0.00675      300.00000        0.08140
   92    1    1     1293.22250     9907.25019     4019.13330        3.38215      126.48549        0.01954        0.15128        0.46676       24.90000        9.83826        1.27329        0.46128        5.54563        0.00749        0.00736        0.00540        2.57609      138.51973        0.02337        0.13934       24.58029        1.70672        7.29786        2.57483        5.95946        0.00872        0.01187        0.00126      300.00000       11.83635
   93    1    1     2489.18538     1487.40506      671.70126        3.86227       67.01007        0.00548        0.03128        1.51311        4.30000        0.03440        0.24679        1.48777        6.17296        0.00977        0.05179        0.02531        0.08575       72.76953        0.00645        0.02878       14.02981        0.04082        1.65534        0.08355        2.35274        0.00139        0.07410        0.00220      300.00000       28.49789
   94    1    1      820.80373     5429.14331     2470.86818        8.58636      290.70948        0.10322        0.03678        0.46810       22.60000        4.28657        1.27329        0.46128        7.78104        0.01472        0.00004        0.00689        1.86547      290.77787        0.10307        0.03703       22.54526        2.75676        1.40562        1.85865        7.78167        0.01473        0.00005        0.00682      300.00000        0.30522
   95    1    1     1905.13785    11548.48714     5171.11787        3.29788       87.50241        0.00935        0.07663        0.59044       17.80000       11.20142        1.16288        0.57168        4.59133        0.00507        0.00027        0.01868       12.38505       75.80166        0.00701        0.03610       14.94339        0.04078        0.51339       12.36039       14.98833        0.05757        0.00620        0.02466      300.00000       48.21587
   96    1    1     3870.48434     5711.24686     2690.85112        3.04893       50.38967        0.00310        0.03026        0.14371       24.80000        5.26307        1.59807        0.13649        8.13496        0.01609        0.00013        0.00722        5.31041       66.46816        0.00539        0.06647       11.17152        0.01000        1.64894        5.31003        5.94325        0.00881        0.00442        0.00037      300.00000       24.64087
   97    1    1     5916.02829   188274.56692    74627.30241        1.66913       13.41854        0.00022        0.00767        0.80601       42.80000      188.43608        0.94556        0.78901       13.61872        0.04726        0.01224        0.01695       30.42364       30.15027        0.00111        0.00446       41.85869        0.39950      159.33656       30.36214       18.33390        0.07883        0.01090        0.06150      300.00000       56.08488
   98    1    1     1613.54801   116741.31308    47314.13464        2.31986       76.60840        0.00717        0.12602        0.01815       37.80000      117.49291        1.72113        0.01343        7.65248        0.01428        0.02048        0.00467       21.28855       85.45586        0.00892        0.04507       45.83848        0.60390       97.42152       21.25129       11.64426        0.03219        0.00001        0.03726      300.00000       60.98442
   99    1    1     2621.35657     2295.47848      765.97397        4.00128       63.89744        0.00499        0.02616        1.47565       18.30000        0.94871        0.28403        1.45053        5.99837        0.00861        0.00702        0.02511        1.68060       65.12832        0.00517        0.02228       22.17382        0.53421        0.50026        1.65280        5.81389        0.00807        0.00457        0.02780      300.00000       37.98975
  100    1    1     5026.87926    11980.04699     5100.97831        5.70027       55.34139        0.00374        0.00777        0.89281       21.80000       12.29313        0.86324        0.87132       10.71609        0.02936        0.01717        0.02150        3.68978       44.83631        0.00246        0.00757       29.13457        0.29837       10.09421        3.62913        4.82168        0.00545        0.00941        0.06065      300.00000       38.59076
