    1    1    1     1893.23837    49509.78110    20237.43244        3.39159       78.32936        0.00749        0.05765        0.60338       21.00000       51.48814        1.13666        0.59791        2.12030        0.00113        0.00487   -33197.37842        0.27845       89.71243        0.00982        0.05706       24.96486        1.95221       50.99297        0.27561        2.58633        0.00164        0.00720        0.00284      300.00000       30.30365
    2    1    1     1736.02786     1773.63796      614.33803        2.74971       64.56332        0.00509        0.06224        1.38785       30.70000        0.35889        0.34619        1.38837        2.67749        0.00178        0.00054       -0.00045        0.43754      101.03859        0.01243        0.05442       23.28187        0.23224        1.40013        0.43786       10.08846        0.02529        0.00053       -0.00033      300.00000       51.93583
    3    1    1     3202.84964     1670.68368      794.46818        3.77670       67.44013        0.00555        0.03339        1.59127        1.70000        0.00014        0.14289        1.59168       10.94184        0.02973        0.02681       -0.00039        0.45908       56.96878        0.00396        0.01307       29.00722        0.05156        1.26514        0.45953        6.09091        0.00918        0.02777       -0.00045      300.00000       35.84242
    4    1    1     2154.15269    10925.96354     5012.89472        6.74758      127.94275        0.01999        0.02392        0.19563       21.30000       11.04195        1.54164        0.19292       11.27204        0.03109        0.00506        0.00276        7.00281      126.60423        0.01954        0.02349       21.68950        0.92482        4.84976        7.00281       11.27401        0.03133        0.00754       -0.00000      300.00000        3.13376
    5    1    1     1806.96316     1710.14536      766.93371        5.64940      142.41470        0.02477        0.05284        0.47886       24.30000        0.05091        1.26621        0.46836        0.35952        0.00003        0.00841        0.01049        1.23728      145.12773        0.02564        0.05899       21.21733        0.02639        0.51410        1.23775        0.92672        0.00021        0.01941       -0.00047      300.00000        7.70863
    6    1    1     2231.42625     1645.07019      521.19508        2.66374       50.70065        0.00314        0.04111        1.03612       10.00000        0.22512        0.71978        1.01479        6.31364        0.00956        0.00027        0.02138        0.95640       47.50597        0.00275        0.03631       11.57048        0.16793        0.85463        0.93610        8.07113        0.01664        0.00044        0.02030      300.00000       73.16740
    7    1    1     1788.97090     2707.87736     1039.76625        7.20554      151.78004        0.02814        0.02606        0.63331       22.50000        1.34018        1.12844        0.60612        8.77813        0.01841        0.02466        0.02723        0.74340      152.59874        0.02843        0.02653       22.19532        0.96582        1.41567        0.69257        8.77766        0.01816        0.00119        0.05083      300.00000        1.42037
    8    1    1     1174.53447     1819.28897      688.19094        3.46976      144.20818        0.02540        0.18557        0.82483        8.40000        0.01953        0.91326        0.82131        2.28209        0.00127        0.01396        0.00353        0.32841      147.80689        0.02656        0.17146       16.95795        0.03864        1.40892        0.31984        1.65608        0.00067        0.00918        0.00857      300.00000       11.55438
    9    1    1     2224.53862     3469.29040     1404.06095        1.28212       14.02619        0.00024        0.01438        1.23384       10.80000        2.27382        0.50232        1.23225       16.98840        0.07222        0.00102        0.00165        3.07379       24.31711        0.00072        0.11306       28.91687        0.54119        0.29804        3.07421       16.42876        0.06703        0.00402       -0.00042      300.00000      147.21985
   10    1    1     1382.08331    22528.00230    11164.76010        4.24204      123.90436        0.01875        0.08545        0.85830        9.80000       23.30407        0.90362        0.83095        7.19362        0.01236        0.04084        0.02739        3.87310      118.14397        0.01700        0.09830        7.22239        0.00625       21.15010        3.86998        7.67985        0.01442        0.06420        0.00312      300.00000       38.07650
   11    1    1     1698.56232     1925.50792      847.26669        5.60014      153.50974        0.02878        0.06299        0.27948       15.70000        0.28042        1.45581        0.27876        7.97757        0.01565        0.01183        0.00076        0.22121      150.43776        0.02758        0.06362       14.80999        0.20274        1.59474        0.21600        8.48677        0.01755        0.00751        0.00521      300.00000        7.30608
   12    1    1     1863.82261     1971.67052      541.38103        5.84473      140.89137        0.02424        0.04673        1.63955       20.00000        0.57999        0.10084        1.63372        5.03106        0.00616        0.00232        0.00582        0.93910      141.07230        0.02425        0.04693       20.22565        0.57104        0.80440        0.93958        4.75780        0.00560        0.00852       -0.00048      300.00000        4.27198
   13    1    1     1435.49033     1654.66366      643.03499        6.32574      185.88113        0.04220        0.06326        1.24878       43.10000        0.08981        0.48570        1.24887        6.09207        0.00924        0.00432       -0.00008        0.02637      186.00865        0.04225        0.06308       43.04251        0.17074        1.62952        0.02386        6.20401        0.00942        0.00193        0.00251      300.00000        1.81935
   14    1    1     1654.55017     3774.75957     1205.88783        0.72460       14.70286        0.00026        0.05002        0.64229       43.10000        2.52570        1.10822        0.62635        6.06786        0.00937        0.00146        0.01595        1.15651       41.10564        0.00205        0.07183       45.79594        2.82902        0.22629        1.15673       11.80253        0.03464        0.01700       -0.00022      300.00000      140.27374
   15    1    1     2950.04386     1528.22396      618.48835        4.78701       90.13381        0.00992        0.03338        0.90816       16.60000        0.10910        0.84629        0.88828        5.29989        0.00675        0.00915        0.01993        0.88065       97.17599        0.01151        0.03690       14.05674        0.01636        0.94377        0.87928        4.92936        0.00608        0.02748        0.00137      300.00000       52.27343
   16    1    1     2468.38587     1506.30488      618.93066        2.59435       32.94639        0.00133        0.01837        1.44715       12.00000        0.01130        0.31056        1.42400       13.70059        0.04805        0.00042        0.02314        1.35744       32.95071        0.00132        0.04415       15.38645        0.01661        0.38667        1.34540        8.27724        0.01739        0.01360        0.01204      300.00000       98.75506
   17    1    1     1264.05506     1844.19512      784.96469        4.06847      158.47890        0.03067        0.15464        1.45717       10.80000        0.04304        0.27683        1.45774        6.20230        0.00954        0.00207       -0.00050        1.35999      158.90670        0.03069        0.15570        7.90315        0.03686        0.37895        1.35838        6.90651        0.01170        0.00008        0.00161      300.00000        6.34097
   18    1    1     1694.77518     3336.98380     1344.82645        2.76191       69.79814        0.00595        0.07205        1.52524       30.50000        1.97551        0.20919        1.52538        2.23341        0.00124        0.00483       -0.00018        2.11822       84.53738        0.00870        0.06050       32.16109        0.78719        0.81217        2.11365        5.17094        0.00652        0.00072        0.00458      300.00000       61.83197
   19    1    1     1437.65904    37425.07573    17471.30036        8.07480      179.91519        0.03953        0.02110        0.61336       20.80000       38.80709        1.12077        0.61379       13.66395        0.04617        0.02219       -0.00040        4.37696      180.32202        0.03965        0.02101       20.85963       10.62623       25.54609        4.36939       13.66353        0.04716        0.01311        0.00758      300.00000        0.75973
   20    1    1     4999.79981   235253.07467    90609.01957        3.09126       21.27965        0.00055        0.00523        0.86219       13.20000      233.57695        0.88611        0.84846        2.36031        0.00134        0.00042        0.01368      214.12305       29.03802        0.00103        0.04493       34.11950        0.24763       20.88792      214.11888        7.89285        0.01521        0.01320        0.00417      300.00000       84.21871
   21    1    1     1185.89671     2414.77837      949.84892        8.23268      213.33463        0.05558        0.02643        1.05889       45.10000        0.79424        0.68446        1.05010       12.28978        0.03820        0.00924        0.00878        0.51445      213.35571        0.05543        0.02673       45.06840        0.23584        1.79699        0.49583       12.29014        0.03631        0.00130        0.01863      300.00000        0.09353
   22    1    1     1142.01817     1921.81219      735.25016        6.92954      237.75377        0.06904        0.07474        1.75770       18.70000        0.25764        0.00265        1.73192        6.04836        0.00875        0.00593        0.02583        1.43866      237.34214        0.06855        0.07575       18.38093        0.21112        0.34791        1.43256        6.06429        0.00927        0.02519        0.00610      300.00000        0.79775
   23    1    1     2433.70812     1537.93008      606.68625        3.28128       64.71162        0.00511        0.04239        1.35699       10.80000        0.01687        0.38483        1.34974       13.40018        0.04364        0.04029        0.00729        0.66340       66.08365        0.00533        0.03304       15.16861        0.06258        1.02884        0.65954       14.89495        0.05418        0.04276        0.00386      300.00000       17.71236
   24    1    1     1583.31217     1704.23290      739.99095        1.90097       42.39123        0.00219        0.05854        1.15888       18.60000        0.12310        0.57766        1.15690        6.28335        0.00968        0.03442        0.00187        0.42733       48.48240        0.00285        0.06958        8.98645        0.21620        1.22504        0.39909        7.76652        0.01440        0.00907        0.02824      300.00000      116.89469
   25    1    1     1499.26851     2637.86323      979.22281        6.83652      179.62164        0.03940        0.04491        0.98807       17.10000        1.23375        0.79047        0.94409        7.74367        0.01553        0.00883        0.04400        1.98583      179.52488        0.03928        0.04498       17.07226        0.91401        0.06835        1.98589        7.76905        0.01488        0.05364       -0.00006      300.00000        0.07102
   26    1    1     1898.34127     1935.16606      817.91585        7.01236      142.61110        0.02484        0.02567        0.08605       38.30000        0.39928        1.64801        0.08656        3.33019        0.00275        0.01757       -0.00052        1.59125      142.73907        0.02480        0.02590       38.25422        0.09331        0.45153        1.58883        3.32258        0.00270        0.01468        0.00242      300.00000        0.53258
   27    1    1     3242.85287     1713.17622      841.53630        0.43062        2.45041        0.00001        0.00395        1.64907        9.70000        0.03018        0.08811        1.64645       16.74169        0.06860        0.01875        0.00264        1.22142       32.91007        0.00132        0.08684       13.37076        0.17117        0.36879        1.20464        4.42425        0.00499        0.00416        0.01678      300.00000      148.11053
   28    1    1     2014.87149     1547.34636      697.09774        1.36355       26.58071        0.00086        0.04555        0.71021        9.00000        0.10080        1.05374        0.68082        6.50312        0.01009        0.00047        0.02936        1.23261       32.02392        0.00125        0.02373       22.37884        0.03953        0.59049        1.23216        4.17380        0.00429        0.02981        0.00045      300.00000      128.35003
   29    1    1     1434.06332     5550.43263     2485.71269        0.23148        5.31325        0.00003        0.06431        1.17943       16.30000        4.53222        0.61996        1.11460        0.61886        0.00010        0.00531        0.06483        2.69931       47.97702        0.00279        0.16037       27.25963        2.38598        1.12265        2.64887        4.82675        0.00605        0.02422        0.05044      300.00000      147.67492
   30    1    1     1535.18512   135319.90896    55429.89255        3.36984       58.83355        0.00423        0.03300        0.61638       11.80000      136.33260        1.12336        0.61120       10.99316        0.02945        0.00433        0.00518       36.88844       67.56944        0.00556        0.48835       37.51216        3.22295       97.32594       36.88543       28.03035        0.19717        0.01501        0.00301      300.00000       89.53609
   31    1    1     2010.92370     1759.55414      804.96914        5.06404      125.68099        0.01929        0.05594        1.37721       22.20000        0.02519        0.36328        1.37128        8.81391        0.01891        0.02109        0.00592        1.09308      127.15667        0.01971        0.05256       22.64195        0.03179        0.65884        1.07021        9.22314        0.02038        0.00454        0.02288      300.00000       15.87794
   32    1    1     2257.44998     2126.88294      579.45717        3.62175       72.71848        0.00646        0.04278        1.23459       24.50000        0.68828        0.50009        1.23448        7.07761        0.01248        0.00056        0.00022        0.87431       71.62132        0.00624        0.03716       28.10062        0.92524        0.63634        0.87377        4.74438        0.00554        0.00040        0.00054      300.00000       28.90591
   33    1    1      881.31357     1803.81819      807.57231        8.76750      258.57328        0.08166        0.02457        0.53802       25.50000        0.09197        1.19765        0.53691        6.04529        0.00913        0.00273        0.00103        0.36812      258.61236        0.08166        0.02457       25.50244        0.11552        1.34443        0.36658        6.04663        0.00915        0.00229        0.00154      300.00000        0.17400
   34    1    1     2042.75680    44540.75505    19398.07042        6.95251      136.10248        0.02262        0.02418        0.28002       15.50000       45.71932        1.45746        0.27710        7.85719        0.01510        0.03945        0.00298       19.16633      136.19310        0.02260        0.02501       15.29165        0.04453       28.25861       19.14990        7.85387        0.01485        0.02622        0.01643      300.00000        4.39832
   35    1    1     2042.43009     1606.41683      538.20260        0.35844        6.03047        0.00004        0.03453        1.50123        3.40000        0.05061        0.32509        1.40947       10.65722        0.02631        0.02133        0.09175        0.76759       10.80297        0.00014        0.05351        8.23130        0.20338        0.82796        0.74591        9.59877        0.02356        0.08300        0.02168      300.00000      173.06983
   36    1    1     4945.60842     3174.52079     1333.48060        8.05363       50.87498        0.00316        0.00171        0.43646       17.00000        1.95734        1.31633        0.41823       11.85061        0.03377        0.00130        0.01822        2.64800       51.85142        0.00328        0.00163       16.99675        0.33963        0.71540        2.63689       11.85051        0.03399        0.00815        0.01111      300.00000        1.32176
   37    1    1     2503.85234     1483.96029      602.44568        3.16786       53.70480        0.00352        0.03158        0.83101        6.50000        0.01575        0.91472        0.81985       12.60807        0.04030        0.00192        0.01116        0.80185       62.51016        0.00477        0.03566       22.07094        0.15288        0.81999        0.79966        7.01258        0.01205        0.01161        0.00219      300.00000       46.02226
   38    1    1     1864.02835     1616.40331      680.36108        4.36374       90.02532        0.00990        0.04208        1.62885       24.70000        0.07813        0.11925        1.61532        5.63038        0.00806        0.00505        0.01352        0.55706      109.73247        0.01466        0.07251        7.72776        0.13170        1.11129        0.54008        3.10953        0.00233        0.00178        0.01698      300.00000       26.89716
   39    1    1     2786.75760     2497.30630      944.06675        4.74571       70.06614        0.00600        0.02063        1.29015       13.30000        0.99062        0.44463        1.28994       18.50608        0.08536        0.00002        0.00023        1.26548       77.97249        0.00740        0.03935       20.30958        1.42765        0.04380        1.26444       14.77312        0.05361        0.00012        0.00103      300.00000        5.27441
   40    1    1     2429.20243     3601.46049     1794.81579        0.04972        0.83154        0.00000        0.03416        0.23177        4.10000        2.11158        1.50329        0.23127        9.77040        0.02349        0.00924        0.00044        3.32342       18.39292        0.00041        0.01865       18.70140        0.04619        0.49224        3.32379        9.25671        0.02128        0.01131       -0.00036      300.00000      153.50700
   41    1    1     1750.32350    10501.14742     4791.86439        0.00503        0.11371        0.00000        0.06232        0.10643       36.50000       10.74409        1.62882        0.10574        0.85732        0.00018        0.02451        0.00070        1.69880       15.10206        0.00028        0.05139       34.02120        0.60068       10.15103        1.69720       11.64329        0.03393        0.03025        0.00161      300.00000      162.78743
   42    1    1     5102.13488     1655.05743      649.37503        3.48144       60.62053        0.00449        0.03254        1.61373       10.80000        0.13090        0.14289        1.59168        9.16685        0.02149        0.00323        0.02202        1.18304       44.77503        0.00245        0.00413       15.42728        0.29295        0.39752        1.16295       15.99201        0.06141        0.00778        0.02009      300.00000       34.25976
   43    1    1     2421.63627     1682.39173      541.28039        2.24541       33.71917        0.00139        0.02615        0.69160       24.90000        0.23799        1.04633        0.68823       12.40655        0.03762        0.00202        0.00336        1.09172       31.96246        0.00124        0.03673       29.68930        0.21636        0.68201        1.08780        7.35896        0.01323        0.00183        0.00392      300.00000       94.89041
   44    1    1     2318.49088    14655.98487     6136.87765        6.13600      116.12907        0.01647        0.02728        1.67153       33.70000       15.05141        0.08824        1.64632       11.69050        0.03269        0.00681        0.02524        4.88028      118.41081        0.01712        0.02841       33.16196        0.31008       11.61424        4.85982       11.66648        0.03478        0.00953        0.02045      300.00000        5.95581
   45    1    1     3778.43544     1938.81291      480.41000        8.48714       60.46925        0.00447        0.00173        1.23292       20.40000        0.56569        0.52186        1.21270        5.91071        0.00893        0.00116        0.02021        0.82776       60.18726        0.00442        0.00176       20.38408        0.58768        0.88527        0.82727        5.91127        0.00872        0.02116        0.00049      300.00000        4.74082
   46    1    1     2044.82018     1984.26014      730.95127        7.76728      127.74595        0.01993        0.01311        1.41971       34.40000        0.47746        0.31453        1.42003        2.00918        0.00100        0.00043       -0.00033        1.53110      127.58069        0.01981        0.01328       34.40093        0.45032        0.23035        1.53137        1.98916        0.00098        0.00033       -0.00027      300.00000        1.28814
   47    1    1     7621.91022     1407.73417      607.98921        1.47884       17.28646        0.00036        0.01632        1.05683       16.70000        0.03681        0.67728        1.05729        1.26280        0.00040        0.00003       -0.00044        0.86264        4.07759        0.00002        0.01112       12.45199        0.20782        0.69947        0.86283        5.26275        0.00683        0.00015       -0.00019      300.00000      168.28376
   48    1    1     2004.50455    61492.67923    25305.96661        5.41693      130.31371        0.02074        0.04994        0.19245       27.90000       62.95661        1.54877        0.18580        9.63346        0.02341        0.00021        0.00664       27.29215      128.03649        0.01999        0.05136       27.36356        0.13839       37.26299       27.28555       10.33982        0.02601        0.00120        0.00661      300.00000       14.10436
   49    1    1     3026.65831     2368.63924     1093.44404        3.83819       67.24112        0.00552        0.03196        0.92912        3.60000        1.06771        0.80546        0.92911        4.73977        0.00554        0.00000       -0.00001        1.26826       45.73836        0.00255        0.01655       17.53644        0.04909        1.49933        1.26808        6.08449        0.00912        0.00042        0.00018      300.00000       25.08685
   50    1    1     3646.61132     2350.13499     1050.50433        1.25083       11.09337        0.00015        0.00946        0.93814        9.50000        1.20227        0.80923        0.92533        7.46836        0.01416        0.00127        0.01281        1.22972       10.06343        0.00012        0.01121       10.45889        0.08504        1.63051        1.21532        8.45964        0.01726        0.00080        0.01440      300.00000      142.04735
   51    1    1     1862.01002     2053.26367      769.91843        0.21712        4.86272        0.00003        0.06123        1.16891       28.00000        0.69476        0.56763        1.16694        4.01995        0.00405        0.01197        0.00194        1.24714       26.09998        0.00083        0.03732       21.79141        0.20572        0.97484        1.24343       11.83915        0.03424        0.00848        0.00371      300.00000      154.25451
   52    1    1     2422.91732     1636.97647      566.76993        7.44296      110.13400        0.01481        0.01193        0.60981       17.30000        0.22232        1.12813        0.60644        9.92315        0.02407        0.00124        0.00331        0.26288      109.84544        0.01470        0.01202       17.32620        0.39543        1.29903        0.26248        9.92252        0.02423        0.00402        0.00040      300.00000        0.98837
   53    1    1     1398.03750   666063.93521   258172.89656        8.61855      168.37091        0.03462        0.01199        0.68608       23.70000      645.02299        1.05019        0.68438       11.85444        0.03447        0.00015        0.00166       60.03169      168.36754        0.03462        0.01200       23.69246        2.33634      584.38909       60.03223       11.85359        0.03478        0.00200       -0.00054      300.00000        0.06139
   54    1    1     2604.77033     2061.24161      834.34920        2.32743       54.00641        0.00356        0.06220        1.28058       18.20000        0.68449        0.45352        1.28105        7.61480        0.01439        0.00694       -0.00050        1.35311       54.42390        0.00361        0.01319       31.77495        0.64146        0.46362        1.35220       10.03334        0.02514        0.00553        0.00092      300.00000       52.91431
   55    1    1     5191.87912     6871.59213     3344.96032        4.23209       21.59571        0.00057        0.00261        1.68421       21.10000        6.17995        0.05688        1.67768       12.97593        0.04096        0.00616        0.00658        2.76557       22.48846        0.00062        0.01726       24.45677        2.25699        2.89852        2.75424       11.29037        0.03232        0.00002        0.01133      300.00000       76.88115
   56    1    1     2359.49399     1415.22811      579.71002        8.79132       93.69366        0.01072        0.00315        0.72168        3.90000        0.04187        1.01662        0.71794        5.27068        0.00698        0.01383        0.00368        0.76157       93.74530        0.01072        0.00310        4.13069        0.05280        0.97859        0.74513        5.27012        0.00669        0.00138        0.01643      300.00000        1.30708
   57    1    1     2166.36030     1547.38028      615.83108        4.87138       91.50569        0.01023        0.03287        1.17775       11.70000        0.06621        0.56465        1.16991       10.19264        0.02625        0.00744        0.00778        1.10383      109.23301        0.01455        0.05357        4.45058        0.02743        0.66786        1.09979        5.03714        0.00638        0.01178        0.00404      300.00000        2.87066
   58    1    1     2610.23323     2902.39718     1285.98912        1.27767       29.23540        0.00104        0.06290        0.48601        7.20000        1.70042        1.24877        0.48580        1.07896        0.00029        0.01166        0.00028        1.54892       16.71665        0.00034        0.00924       18.21031        0.42359        1.49843        1.54105       10.51895        0.02688        0.00370        0.00786      300.00000      128.16049
   59    1    1     2785.51108     1537.19591      631.73510        5.46077      103.02711        0.01296        0.03051        1.05084        3.10000        0.00888        0.73057        1.00400        5.07731        0.00669        0.00000        0.04696        1.46841       98.56731        0.01185        0.03357        5.79105        0.01037        0.31028        1.42397        3.57116        0.00302        0.00295        0.04445      300.00000       33.18883
   60    1    1     1713.08824     1683.13810      806.80995        6.63594      159.66495        0.03114        0.03957        1.49716        2.70000        0.00211        0.24192        1.49264        3.50265        0.00299        0.00019        0.00455        0.52448      159.44949        0.03094        0.04005        1.24989        0.16868        1.04671        0.52099        3.49612        0.00299        0.00123        0.00349      300.00000        3.14693
   61    1    1     1516.60323     1787.02517      546.73021        0.88579       25.29016        0.00078        0.09878        0.70172       14.80000        0.37419        1.03781        0.69676        3.91823        0.00386        0.00177        0.00498        1.05181       56.22642        0.00386        0.05348       29.99698        0.51235        0.58346        1.04487        7.09764        0.01271        0.00124        0.00694      300.00000      117.93524
   62    1    1     2578.11315     1748.49776      789.64734        4.34156      105.09004        0.01349        0.05807        1.27062       10.10000        0.12391        0.46432        1.27024        9.64514        0.02290        0.00583        0.00040        0.11730       90.58877        0.00999        0.03637       18.22333        1.53831        0.21698        0.11722       11.74690        0.03400        0.00618        0.00008      300.00000       52.48460
   63    1    1     1939.32125     2184.90735      691.57300        2.72721       61.19563        0.00457        0.05692        1.09118       31.80000        0.55392        0.64440        1.09017       13.24253        0.04381        0.01689        0.00099        0.50521       51.60086        0.00324        0.04132       43.80879        1.78235        0.02906        0.49113       13.65996        0.04503        0.00549        0.01409      300.00000       84.56435
   64    1    1     1115.51159    21051.97020    10995.77181        6.03030      233.06716        0.06634        0.11610        1.23075        7.40000       22.84157        0.53660        1.19796       10.40086        0.02786        0.00026        0.03276        1.48252      232.69412        0.06609        0.11648        7.38349        0.06722       23.03870        1.47029       10.36381        0.02597        0.02254        0.01223      300.00000        0.22114
   65    1    1     4883.37976     1423.94118      629.28896        3.77266       52.27663        0.00334        0.02011        0.88505       22.80000        0.02998        0.86274        0.87183        2.30845        0.00135        0.00060        0.01331        0.68591       61.23313        0.00458        0.00845       15.75266        0.02953        1.03428        0.68602       10.34836        0.02665        0.01379       -0.00011      300.00000       57.74458
   66    1    1     2251.27541     1692.76156      765.95199        0.96363       18.53407        0.00042        0.04476        1.05191       13.40000        0.04789        0.68486        1.04971       14.43045        0.05102        0.00057        0.00218        1.03341       56.35353        0.00385        0.02545       35.49947        0.20360        0.58865        1.03260       10.10867        0.02512        0.00135        0.00080      300.00000      103.25659
   67    1    1     2799.19989     3398.20849     1490.17225        0.67464        6.58921        0.00005        0.01160        0.89219       24.90000        2.21438        0.84574        0.88882       15.20530        0.05805        0.00280        0.00341        3.00977       16.58487        0.00034        0.02939       13.65239        0.07129        0.87766        3.00632       11.40367        0.03178        0.00460        0.00345      300.00000      150.71906
   68    1    1     1983.91782     2251.28277      911.88656        0.58044       11.32880        0.00016        0.04637        0.95043        7.40000        0.84606        0.78806        0.94651       15.21051        0.05650        0.01671        0.00396        1.25424       25.86047        0.00082        0.03870       11.32713        0.06964        1.28394        1.23894       15.03265        0.05447        0.00245        0.01530      300.00000      138.76228
   69    1    1     7912.05937     2028.06418      771.52527        3.56780       33.35875        0.00136        0.00932        0.70879       15.70000        0.70063        1.05642        0.67814        8.76997        0.01833        0.00039        0.03068        1.33986       17.03634        0.00035        0.01501       11.69972        0.30037        0.81175        1.32237        7.69270        0.01424        0.01367        0.01749      300.00000       86.45727
   70    1    1     2103.08650     2583.93345     1027.40916        2.27685       63.84750        0.00498        0.09106        0.95216       15.10000        1.09009        0.78433        0.95023        8.06078        0.01592        0.00002        0.00196        1.22716       71.34681        0.00620        0.02513       41.63553        0.71225        0.95469        1.22581        7.06918        0.01250        0.00065        0.00135      300.00000       56.53544
   71    1    1     2789.07737     1546.38134      739.60378        6.44563      102.60634        0.01286        0.01809        1.14836        6.20000        0.00544        0.58701        1.14755        5.29665        0.00700        0.00070        0.00081        0.08190      103.31330        0.01299        0.01755        6.83440        0.02734        1.63100        0.08211        5.28628        0.00695        0.00175       -0.00021      300.00000       11.20993
   72    1    1     4754.03062     1631.45338      628.73366        2.10772       49.34289        0.00297        0.06396        0.23980        8.60000        0.13666        1.51800        0.21657        9.18254        0.02159        0.00401        0.02333        1.24425       32.24006        0.00127        0.00553       31.58705        0.07817        0.62485        1.21907       10.51846        0.02647        0.00646        0.02518      300.00000       33.31055
   73    1    1     1434.60492     2064.20578      967.67707        2.26649       64.77653        0.00512        0.09464        0.02593        2.00000        0.31885        1.71564        0.01893        8.83064        0.01968        0.01879        0.00697        1.86375       59.92857        0.00435        0.10819        8.17224        0.02596        0.18411        1.84035        6.21058        0.00924        0.00303        0.02340      300.00000       89.31308
   74    1    1     3089.98877     1846.99007      659.81560        1.78602       43.13477        0.00227        0.06897        1.05906       12.40000        0.42500        0.67926        1.05531        8.56285        0.01791        0.00140        0.00382        1.42496       44.66798        0.00243        0.00758       28.00441        0.16710        0.62703        1.42197        9.40913        0.02165        0.00311        0.00299      300.00000       60.88676
   75    1    1     1415.68398     1677.98997      608.79830        8.27816      177.34724        0.03841        0.01764        0.59135       30.10000        0.25060        1.14768        0.58689        3.01473        0.00229        0.00067        0.00443        0.41145      177.24312        0.03835        0.01770       30.10500        0.56172        1.01706        0.40641        3.01606        0.00229        0.00008        0.00504      300.00000        0.11725
   76    1    1     1326.83605     1900.47734      716.94567        8.32116      188.61223        0.04345        0.01930        1.62613       18.60000        0.36675        0.10997        1.62460        5.53250        0.00751        0.00096        0.00160        1.31755      188.43582        0.04323        0.01940       18.66778        0.46761        0.31654        1.31729        5.53112        0.00763        0.00209        0.00027      300.00000        0.29244
   77    1    1     2153.23147     2145.21262      664.78590        1.59951       35.46525        0.00154        0.05851        1.48554       17.00000        0.88900        0.27011        1.46446        5.74418        0.00843        0.00032        0.02098        1.81807       41.34920        0.00209        0.02768       12.99531        0.47086        0.34525        1.80089       13.33393        0.04532        0.00418        0.01719      300.00000       98.58520
   78    1    1     1068.36589     1773.19975      849.21800        8.80145      211.93015        0.05486        0.01596        1.53506       11.80000        0.00744        0.19921        1.53535       11.71596        0.03414        0.01619       -0.00024        1.31361      211.98577        0.05478        0.01618       11.62185        0.00744        0.42335        1.31100       11.71577        0.03442        0.01307        0.00262      300.00000        0.18289
   79    1    1     1979.59170     2366.96966     1119.08649        8.06267      129.39101        0.02045        0.01101        0.41352       31.10000        0.85305        1.33279        0.40177        5.21911        0.00659        0.00691        0.01170        2.25750      129.19798        0.02036        0.01117       31.08041        0.22357        0.10891        2.25507        5.22559        0.00684        0.01596        0.00244      300.00000        0.56791
   80    1    1     2302.76440     3759.30988     1794.84223        4.69758       65.53035        0.00524        0.01852        0.45234       10.60000        2.31951        1.32525        0.40931       10.38453        0.02552        0.00049        0.04302        2.48637       55.41721        0.00374        0.11121       18.49533        0.59472        0.93471        2.45564        3.14795        0.00255        0.01358        0.03073      300.00000       47.75998
   81    1    1     1599.43436     5645.42905     2629.88440        7.66269      166.00278        0.03366        0.02366        1.61029       39.70000        4.26389        0.12548        1.60908       14.07684        0.04953        0.12394        0.00119        1.37631      166.14874        0.03369        0.02423       39.56960        2.08254        2.66828        1.24713       14.07909        0.04532        0.00010        0.12918      300.00000        0.08499
   82    1    1     1746.97918     2321.79542      740.95653        3.74371       91.32396        0.01019        0.06249        0.44740       24.10000        0.94569        1.28659        0.44797       10.27613        0.02614        0.00240       -0.00056        0.77375       90.75732        0.01001        0.08817       22.86992        0.73700        1.16040        0.77358        6.38607        0.01016        0.00140        0.00017      300.00000       27.80228
   83    1    1     4567.74496     1922.83235      709.99802        3.75072       31.23149        0.00119        0.00728        0.92567        7.80000        0.50615        0.81502        0.91954       16.41812        0.06796        0.03569        0.00608        0.62540       13.80773        0.00023        0.00461       11.96209        0.33484        1.29342        0.61903       16.33182        0.06727        0.03319        0.00637      300.00000      107.45412
   84    1    1     1694.98382     3287.64240      713.10099        1.30295       31.28751        0.00120        0.06923        1.27559       26.90000        1.99211        0.45851        1.27605       11.76767        0.03440        0.02440       -0.00041        1.02553       23.59873        0.00068        0.03985       36.70442        1.57683        1.16031        1.01689       12.00186        0.03495        0.01729        0.00864      300.00000      148.66794
   85    1    1     1402.52374     2014.56577      610.51537        7.40639      191.44180        0.04476        0.03684        1.25353       32.10000        0.50895        0.48383        1.25073        8.97066        0.02018        0.00174        0.00269        0.42932      191.63506        0.04465        0.03746       31.97830        0.75517        1.05962        0.42833        8.96958        0.02010        0.00354        0.00099      300.00000        0.18609
   86    1    1     3503.66132     1796.60876      714.92710        5.19855       82.43227        0.00830        0.02241        1.40201       15.90000        0.28907        0.33234        1.40222        8.16516        0.01658        0.02345       -0.00029        1.40597       89.05163        0.00963        0.02419       17.02679        0.36761        0.27512        1.38322        6.67108        0.01066        0.00098        0.02275      300.00000       55.31424
   87    1    1     4508.80899     1796.89010      682.94705        1.57422       39.81834        0.00194        0.07620        1.25846       11.40000        0.27273        0.52235        1.21221       14.03881        0.05111        0.00069        0.04628        0.67215       21.02851        0.00054        0.00210       42.27733        0.13673        1.30214        0.67273        8.99322        0.02004        0.04978       -0.00058      300.00000       87.36311
   88    1    1     3752.52097     1900.68536      464.84553        5.40278       85.16320        0.00886        0.02149        1.38545       22.90000        0.54677        0.35375        1.38082        8.19796        0.01639        0.00941        0.00461        1.14406       89.26968        0.00969        0.02358       26.00159        0.40490        0.74401        1.14062        4.83938        0.00572        0.01017        0.00344      300.00000       66.56052
   89    1    1     2990.34129     1641.42467      513.42891        4.72351       74.40779        0.00676        0.02354        1.14481       23.90000        0.26696        0.59517        1.13939        2.80077        0.00198        0.00768        0.00530        1.28141       80.12298        0.00783        0.02778       15.27035        0.46852        0.23480        1.27814        8.22431        0.01654        0.01003        0.00327      300.00000       24.34186
   90    1    1     6549.78148     3568.78781     1665.33024        4.15974       42.75306        0.00223        0.01067        0.99116       19.20000        2.32790        0.77039        0.96418        7.01562        0.01263        0.01419        0.02700        3.21680       41.96848        0.00215        0.01031       19.61067        0.20091        0.69062        3.17957        3.87330        0.00387        0.00453        0.03723      300.00000       90.80647
   91    1    1     1444.05404     2086.77894      980.13859        0.05391        1.47387        0.00000        0.09129        0.40148       12.00000        0.35845        1.33279        0.40177       15.38189        0.05881        0.00109       -0.00036        0.15806       59.27449        0.00426        0.05318       32.13987        0.57131        1.41835        0.15858       12.24823        0.03717        0.00160       -0.00052      300.00000      135.57731
   92    1    1     3360.38002    12843.54051     5822.63859        3.85781       47.73388        0.00278        0.01592        1.44481       19.20000       12.98196        0.28922        1.44534       12.60510        0.03932        0.02630       -0.00049        2.73495       27.92196        0.00095        0.00974       19.55481        0.08708       11.90696        2.73547       10.94211        0.02969        0.03092       -0.00052      300.00000       83.06557
   93    1    1     5007.89717    10583.99631     5051.94245        3.14636       39.98568        0.00195        0.01777        0.70016       15.60000       10.79389        1.03645        0.69812        7.57303        0.01406        0.00123        0.00200        1.69264       42.71880        0.00223        0.01424       14.61527        0.28276       10.55313        1.69217        9.02443        0.02004        0.00041        0.00048      300.00000       35.21816
   94    1    1     2050.28538     2235.34848      690.79856        6.45079      132.97331        0.02160        0.03030        0.57936       13.90000        0.80404        1.20246        0.53210       14.68524        0.05092        0.00680        0.04724        1.36719      132.66788        0.02145        0.03076       13.65556        0.53197        0.67799        1.32829       14.68565        0.05572        0.01040        0.03890      300.00000        3.12439
   95    1    1     3808.03537    18474.95648     7974.37800        5.49960       60.46424        0.00447        0.01030        1.18012       15.10000       19.17688        0.55983        1.17474        1.69282        0.00070        0.00004        0.00548       14.66979       69.10144        0.00582        0.03427       11.03366        0.03519        6.16963       14.65844        8.49128        0.01744        0.00013        0.01135      300.00000       29.52200
   96    1    1     1442.60227    28464.31182    12576.03866        8.82236      154.94629        0.02932        0.00835        1.32825       32.00000       29.39375        0.40863        1.32594        3.10869        0.00237        0.03781        0.00235       25.48075      155.00620        0.02933        0.00834       31.98078        0.47885        5.20029       25.44912        3.11604        0.00250        0.00840        0.03163      300.00000        0.07530
   97    1    0     1783.13297  3274449.08195  1035913.51161        5.27578      101.89918        0.01268        0.03288        0.35984       26.20000     2850.95967        1.38202        0.35255        3.27812        0.00261        0.00378        0.00724      291.23001        0.00000        0.00000        0.00000      112.50186        0.03941     2561.47988      291.23001        0.00000        0.00000        0.00000        0.00000      300.00000        0.00000
   98    1    1     2363.66781     4331.80366     2075.24256        4.31018       75.23241        0.00691        0.03030        0.88090       17.70000        2.92566        0.85584        0.87873       13.57151        0.04614        0.01101        0.00216        0.83884       67.49470        0.00556        0.02755       18.17465        0.24538        3.58991        0.82689       13.93279        0.04694        0.00260        0.01194      300.00000       40.15072
   99    1    1     2096.96752     3949.14066     1468.66061        4.18944      104.63146        0.01337        0.06281        1.05422       27.20000        2.59217        0.69635        1.03821       14.68534        0.05491        0.03405        0.01594        3.08233      101.12066        0.01245        0.05901       28.79720        0.54728        0.76780        3.02876       12.59851        0.03736        0.00165        0.05357      300.00000       24.63002
  100    1    1     3604.51861     1489.17557      645.20672        5.92245       85.84206        0.00900        0.01666        1.04213       29.50000        0.04041        0.69203        1.04254        3.95407        0.00388        0.00858       -0.00041        0.24978       86.80158        0.00920        0.02004       28.78194        0.04509        1.48473        0.24315        3.12157        0.00237        0.00149        0.00663      300.00000       43.53513
