    1    1    1     2185.13310     1485.39242      602.40201        1.34387       20.48430        0.00051        0.02786        1.63656       30.80000        0.07498        0.09902        1.63554        5.89176        0.00853        0.00004   -33197.38279        0.98255       43.53713        0.00231        0.05005       17.99159        0.02981        0.76776        0.98292        7.60817        0.01438        0.00065       -0.00037      300.00000      116.20329
    2    1    1     1839.11708     2305.28282      812.90042        1.00151       24.68571        0.00074        0.07346        1.66690       29.70000        0.95155        0.09902        1.63554        8.41784        0.01823        0.01452        0.03133        1.57210       23.25649        0.00066        0.03126       28.03886        0.16998        0.99372        1.51989       15.48454        0.05647        0.00022        0.05221      300.00000      160.57068
    3    1    1     1319.57627   286378.38136   116216.30820        6.38937      202.88864        0.05027        0.07287        0.35281       33.40000      284.75766        1.38409        0.35047       18.14940        0.08255        0.00113        0.00230      201.42290      203.25041        0.05043        0.07503       33.41339        0.06868       85.00160      201.41989       18.09957        0.08220        0.00056        0.00301      300.00000        1.91403
    4    1    1     5302.40163     2821.75539      911.83311        7.26022       53.86639        0.00354        0.00318        1.38337       24.10000        1.54734        0.38686        1.34771        8.34176        0.01654        0.00136        0.03571        1.31899       56.81212        0.00394        0.00286       24.09380        1.02640        0.97023        1.28526        8.34184        0.01655        0.00322        0.03373      300.00000       11.22721
    5    1    1     1822.02159     6853.27528     2910.57132        7.34286      147.12095        0.02644        0.02259        0.71047       22.90000        6.76545        1.02544        0.70913        5.13135        0.00658        0.00043        0.00130        4.32674      146.92572        0.02634        0.02325       22.59459        0.32244        3.85017        4.32674        5.14594        0.00653        0.00194       -0.00000      300.00000        0.62309
    6    1    1     1569.96205    18751.85136     8592.92229        8.40921      155.96918        0.02971        0.01230        0.39817       32.40000       19.22777        1.33700        0.39756       11.83699        0.03446        0.05126        0.00065       11.77207      155.97008        0.02969        0.01236       32.39512        0.12103        9.08947       11.75181       11.83751        0.03580        0.03027        0.02026      300.00000        0.20047
    7    1    1     1750.42189     1850.10331      519.07036        4.80033      137.67458        0.02315        0.07731        1.28747       20.90000        0.34514        0.44956        1.28500       10.85117        0.02883        0.00076        0.00246        1.45618      145.14449        0.02556        0.08061       17.93801        0.29683        0.32304        1.45381       10.92213        0.02990        0.00011        0.00237      300.00000       20.49804
    8    1    1     5117.62474     2783.18351     1103.86236        5.18872       72.96511        0.00650        0.01765        0.43949       28.30000        1.57160        1.29606        0.43851        7.18520        0.01268        0.01227        0.00100        2.18848       62.25130        0.00472        0.00943       26.74396        0.24506        0.87694        2.17995       10.38910        0.02619        0.00542        0.00854      300.00000       78.29050
    9    1    1     2200.46376     2146.13243      972.70268        1.84299       24.56663        0.00074        0.02096        0.43373       15.20000        0.53645        1.33935        0.39521       18.88756        0.08463        0.00223        0.03851        0.38467       67.23388        0.00550        0.05046       34.66784        1.35912        0.59847        0.35254        7.52623        0.01349        0.00639        0.03212      300.00000       97.26286
   10    1    1     2553.75827     2082.44670      841.77389        0.27995        5.57460        0.00004        0.04839        0.64161       10.30000        0.57674        1.09290        0.64167       15.21122        0.05759        0.03534       -0.00003        1.19915       30.56643        0.00114        0.01265       20.54083        0.02699        1.12618        1.18006       17.04222        0.07414        0.01236        0.01909      300.00000      130.34067
   11    1    1     2519.73238     1546.13473      596.39234        0.37359        5.63858        0.00004        0.02778        1.18738       18.80000        0.11995        0.56554        1.16903        6.73467        0.01091        0.01087        0.01826        0.61640       23.93383        0.00070        0.02381        3.18111        0.40423        0.83854        0.59884       10.21165        0.02509        0.01369        0.01756      300.00000      139.38601
   12    1    1     1425.69676    25972.12465    11503.94010        7.57240      185.78571        0.04216        0.03136        0.09826       32.60000       26.54920        1.63590        0.09866        1.54067        0.00059        0.01551       -0.00036       20.95100      185.62131        0.04203        0.03149       32.60426        0.16356        7.18406       20.93613        1.49851        0.00054        0.00029        0.01487      300.00000        0.86211
   13    1    1     2367.38122     1696.96088      715.15418        8.40479      103.18826        0.01300        0.00540        1.55329       27.40000        0.04495        0.19249        1.54207       17.83619        0.07698        0.00075        0.01122        0.29556      103.18392        0.01300        0.00550       27.38774        0.07213        1.41396        0.29339       17.83620        0.07793        0.00880        0.00217      300.00000        0.60109
   14    1    1     3265.45174    12232.84750     6975.04376        7.58734       85.46974        0.00892        0.00658        0.30902       29.00000       11.07866        1.42874        0.30583        9.92317        0.02472        0.00068        0.00323       10.12045       85.95797        0.00902        0.00651       28.98771        0.26354        2.43349       10.11612        9.92374        0.02403        0.00026        0.00433      300.00000        5.67458
   15    1    1     3012.74051    14229.33326     6513.83571        7.61760       87.06091        0.00926        0.00670        0.04402       24.90000       14.38992        1.69104        0.04353        2.59488        0.00168        0.09248        0.00047       14.59641       86.93486        0.00922        0.00678       24.86324        0.16579        1.38549       14.57309        2.62155        0.00165        0.06972        0.02332      300.00000        1.47650
   16    1    1     2314.50296    11581.16113     4903.83556        6.86709      116.01428        0.01644        0.01842        1.07726       25.30000       11.54458        0.68862        1.04595        9.27030        0.02048        0.02811        0.03128        4.50800      116.56590        0.01658        0.01803       25.44193        1.25760        7.51858        4.50327        9.25493        0.02089        0.05421        0.00473      300.00000        0.28624
   17    1    1     1695.47663     1538.02609      655.14661        4.13993      104.12725        0.01324        0.06402        1.50236       30.90000        0.05079        0.24936        1.48521        7.89455        0.01500        0.00094        0.01710        0.50554       87.73306        0.00939        0.07358       21.42130        0.05997        1.19490        0.50596       11.76464        0.03439        0.01794       -0.00042      300.00000       44.50793
   18    1    1     4410.18476     1504.55535      621.04468        4.65052       84.00196        0.00862        0.03123        0.21128       11.60000        0.00736        1.52530        0.20926        6.05678        0.00899        0.00049        0.00192        1.24558       60.70904        0.00449        0.01063       21.34638        0.04471        0.46600        1.24433        9.15469        0.02095        0.00092        0.00125      300.00000      103.44044
   19    1    1     1320.81085     4707.45539     2353.07399        7.51111      204.07228        0.05086        0.03929        0.49583       16.40000        3.37061        1.24724        0.48733        6.22739        0.00941        0.00418        0.00854        0.75496      203.53709        0.05049        0.03955       16.45820        3.94939        0.40294        0.75296        6.22752        0.00950        0.01060        0.00200      300.00000        0.67096
   20    1    1     2545.90938     1974.03381      868.17667        7.12103      105.13553        0.01350        0.01312        1.07113       13.80000        0.43623        0.72640        1.00816       11.91822        0.03711        0.00224        0.06293        0.33451      104.77075        0.01335        0.01337       13.69214        0.89877        0.93739        0.33448       11.91677        0.03535        0.06699        0.00003      300.00000        1.70049
   21    1    1     3887.81970     2226.00549      922.57476        6.06930       75.28665        0.00692        0.01187        1.03891       23.70000        0.85832        0.69687        1.03769        8.14800        0.01660        0.01205        0.00124        1.04217       75.81476        0.00701        0.01235       23.47479        0.43143        1.12164        1.03930        8.15738        0.01628        0.01067        0.00287      300.00000       24.44274
   22    1    0      850.14177 19689352.13031  6763530.90779        5.94588      173.04176        0.03657        0.06687        0.33208       33.90000    16995.76909        1.41268        0.32188        5.89008        0.00840        0.00085        0.01013    10164.49730        0.00000        0.00000        0.00000      147.96157        0.06614     6832.99920    10164.49730        0.00000        0.00000        0.00000        0.00000      300.00000        0.00000
   23    1    1     7833.21213     7018.65745     2866.05901        0.74035        9.89624        0.00012        0.02170        0.40505       17.40000        6.96774        1.35947        0.37510        3.29468        0.00259        0.00187        0.01700        2.65786       10.47045        0.00013        0.00184       23.25779        1.89057        4.17897        2.63878        6.71859        0.01152        0.01763        0.01908      300.00000       68.61595
   24    1    1     2313.79526     1488.54643      599.73582        3.56806       58.06606        0.00412        0.02823        0.72875        7.20000        0.00822        1.04435        0.69022        9.69089        0.02228        0.00212        0.03851        0.63003       53.48207        0.00349        0.03306        7.36300        0.06327        1.05459        0.62672        8.46399        0.01751        0.03613        0.00331      300.00000       61.82618
   25    1    1     2403.48349     3350.66506     1603.27235        4.22066       75.85803        0.00703        0.03242        0.80836       18.70000        1.98478        0.92675        0.80782        7.25295        0.01294        0.03176        0.00053        1.37163       82.19558        0.00823        0.03284       16.14938        0.13728        2.21607        1.36196        7.93566        0.01594        0.02206        0.00967      300.00000       22.33846
   26    1    1     3526.94486     1672.38813      610.08915        4.55355       58.88953        0.00424        0.01619        1.29097        8.90000        0.29302        0.44310        1.29147       13.62289        0.04603        0.00039       -0.00047        0.87260       63.47072        0.00491        0.01466        7.25830        0.51343        0.63963        0.87308       13.95009        0.04821        0.00051       -0.00048      300.00000        5.85796
   27    1    1     2297.48658     1680.06033      873.17486        6.38385      115.59331        0.01632        0.02372        1.72909        7.40000        0.04421        0.00999        1.72457        8.33054        0.01693        0.01064        0.00460        0.15068      116.18048        0.01646        0.02411        6.75350        0.38432        1.25754        0.13640        8.32141        0.01671        0.00110        0.01427      300.00000        0.89583
   28    1    1     1443.44221     3459.53826     1332.81381        2.39807       70.15913        0.00601        0.09853        1.52677        8.80000        2.21610        0.20864        1.52592       21.36108        0.11394        0.01740        0.00079        2.35288       72.43445        0.00638        0.09601        9.68760        0.34439        1.27579        2.33487       21.02940        0.10636        0.00559        0.01801      300.00000       74.55347
   29    1    1     3599.24508     2097.35432      769.70888        5.01198       69.26274        0.00586        0.01747        0.17014        8.60000        0.71452        1.58498        0.14958       12.03039        0.03698        0.00607        0.02059        0.86625       27.23394        0.00090        0.00975       33.19835        0.26895        1.38484        0.83829        4.42827        0.00504        0.00029        0.02796      300.00000       30.95547
   30    1    1     3370.70178     1570.34574      575.37130        7.43066       79.04934        0.00763        0.00619        0.70434       15.20000        0.04722        1.03988        0.69468       18.06098        0.08257        0.00247        0.00955        0.90662       79.03611        0.00762        0.00640       15.14962        0.31747        0.56952        0.89472       18.06185        0.07888        0.00381        0.01190      300.00000        1.09059
   31    1    1     2778.17190     2272.14659      591.92531        3.48595       54.41694        0.00362        0.02615        1.60602       25.90000        0.77306        0.18357        1.55099       10.24129        0.02467        0.00027        0.05496        1.09482       57.85552        0.00407        0.01565       30.69957        1.06314        0.36911        1.08896        9.38506        0.02145        0.04912        0.00586      300.00000       53.49788
   32    1    1     4087.07840     2339.16231      764.67481        7.82732       65.39269        0.00522        0.00330        0.40098       16.80000        1.05761        1.33939        0.39517        8.42109        0.01727        0.01872        0.00586        1.31605       66.62414        0.00541        0.00315       16.80390        0.84391        0.63163        1.31663        8.42172        0.01758        0.02476       -0.00058      300.00000        2.79337
   33    1    1     1991.49545    10401.55679     4588.37955        4.71395      107.51951        0.01412        0.04942        0.13873       26.40000       10.22685        1.60845        0.12612        8.82176        0.01976        0.00000        0.01261        2.76363      114.62756        0.01602        0.05333       23.57245        0.45690        8.73837        2.75368        9.41932        0.02150        0.00758        0.00995      300.00000        2.34706
   34    1    1     2815.59826   126919.29740    52128.87179        4.56955       92.59821        0.01047        0.03968        0.48371       22.30000      128.35968        1.25039        0.48417        7.01680        0.01218        0.00248       -0.00044        3.93132       96.74574        0.01142        0.03481       21.11726        3.72258      122.42982        3.93079       10.54993        0.02739        0.00139        0.00053      300.00000       48.52411
   35    1    1     1832.60526     5535.59011     2466.88785        8.76868      122.28145        0.01826        0.00549        1.24577       27.20000        4.49041        0.48826        1.24630       19.47162        0.09403        0.01146       -0.00044        5.37378      122.11510        0.01821        0.00554       27.18863        0.46557        0.38891        5.37047       19.47162        0.09269        0.00900        0.00332      300.00000        1.05029
   36    1    1     1433.98732     1684.29329      807.51220        8.39964      171.81544        0.03605        0.01505        0.70111        3.40000        0.01503        1.04529        0.68928        6.29036        0.00957        0.00900        0.01190        0.51128      171.58437        0.03588        0.01519        3.37468        0.00767        1.24190        0.50002        6.29064        0.00958        0.00961        0.01125      300.00000        0.08576
   37    1    1     1959.73809    12463.95976     5589.68654        4.52512      107.30742        0.01406        0.05462        0.76120       38.40000       12.60590        1.05017        0.68439        6.91011        0.01112        0.00471        0.07686        3.02399       94.06111        0.01080        0.05433       38.48669        2.12004        9.26398        2.97531        6.86183        0.01111        0.01754        0.04868      300.00000        8.14076
   38    1    1     1597.82987     2356.03652      397.91629        7.68239      164.68406        0.03312        0.02300        1.24316       30.00000        0.94114        0.52186        1.21270        5.43636        0.00760        0.00228        0.03048        1.06971      164.60097        0.03301        0.02327       29.93779        0.99501        0.61209        1.06840        5.43685        0.00739        0.03167        0.00131      300.00000        0.97489
   39    1    1     1373.90988     1637.97409      595.30728        7.88235      189.21497        0.04373        0.02665        0.63483       29.70000        0.06065        1.10066        0.63390       13.24253        0.04381        0.01689        0.00102        0.09783      189.36425        0.04379        0.02699       29.55634        0.12655        1.57136        0.09687       13.24032        0.04307        0.01764        0.00095      300.00000        0.52077
   40    1    1     1472.94860     2717.94909      847.37819        0.64372       19.38917        0.00046        0.11034        0.73262       10.70000        1.32098        1.03513        0.69943       10.01672        0.02388        0.00919        0.03315        1.71245       39.13980        0.00187        0.06261       13.25613        0.90831        0.34932        1.71234       25.08494        0.15675        0.04131        0.00012      300.00000      134.30386
   41    1    1     1435.79171     1597.28923      518.95794        0.22165        5.89982        0.00004        0.08649        1.43569        6.80000        0.02520        0.30628        1.42828        9.68476        0.02279        0.00162        0.00743        0.31179       25.42865        0.00079        0.09123       33.99526        0.44110        1.03034        0.30415        3.20941        0.00260        0.00026        0.00765      300.00000      162.63529
   42    1    1     1488.11772     2646.15553     1083.53303        6.53479      181.42877        0.04020        0.05394        0.85075       19.00000        1.01522        0.88331        0.85126       20.68356        0.10600        0.00209       -0.00049        0.78882      179.87316        0.03930        0.05224       20.31878        1.06977        0.89444        0.78827       20.68330        0.10676        0.00017        0.00055      300.00000        0.84690
   43    1    1     5037.31970     1466.42680      588.64510        2.83461       33.29696        0.00135        0.01550        1.55187       10.10000        0.03101        0.20944        1.52512       12.03579        0.03717        0.02166        0.02668        1.38323       40.25771        0.00198        0.01240       17.12562        0.08296        0.33387        1.36362        8.88536        0.02016        0.03341        0.01961      300.00000       58.88930
   44    1    1     5515.52975     2027.41891      786.72348        2.26043       36.95823        0.00167        0.03098        0.25968       19.00000        0.60752        1.47448        0.26009        3.01227        0.00224        0.00320       -0.00037        1.06688       21.40401        0.00056        0.00168       28.72858        0.41895        0.87698        1.06433        7.61149        0.01453        0.00020        0.00255      300.00000       58.60735
   45    1    1     2116.63169     1619.51336      645.42908        3.88345       67.28196        0.00553        0.03113        1.45137       28.70000        0.07621        0.30188        1.43268       10.25088        0.02681        0.03609        0.01871        1.44880       65.70682        0.00525        0.04693       21.97731        0.08147        0.31611        1.39394       10.75968        0.03014        0.00032        0.05486      300.00000       56.58245
   46    1    1     2454.71090     1444.27133      688.22774        6.40500      109.20613        0.01457        0.02094        0.39178        2.30000        0.01053        1.34404        0.39052       10.90895        0.02976        0.00025        0.00133        0.94160      108.01508        0.01424        0.02139        1.19860        0.13564        0.66882        0.94044       10.90672        0.02922        0.00096        0.00116      300.00000        1.01126
   47    1    1     3970.40087     1700.73375      808.29675        1.86280       38.24446        0.00179        0.04969        0.31071       11.90000        0.12745        1.42721        0.30735        1.01192        0.00026        0.01366        0.00339        0.05300       39.60682        0.00192        0.00480       21.02065        0.09323        1.74972        0.03742       10.24827        0.02531        0.00283        0.01558      300.00000       47.17254
   48    1    1     2016.11637     2508.60432     1015.43571        3.25609       59.05384        0.00426        0.03591        0.09781       35.00000        0.99186        1.66809        0.06648       12.66716        0.04129        0.00001        0.03136        0.52504       65.48178        0.00521        0.07428       26.75612        0.69650        1.45375        0.50281       17.22484        0.07590        0.00857        0.02223      300.00000       65.68775
   49    1    1     2606.13152     3545.30472     1764.89566        6.14172      105.64007        0.01363        0.02250        0.30963       19.70000        2.13849        1.42556        0.30901       10.49908        0.02711        0.00218        0.00058        1.06615      106.29820        0.01375        0.02693       17.32799        0.34526        2.45837        1.06476       10.51288        0.02713        0.00152        0.00140      300.00000       11.66397
   50    1    1     1707.40785     2691.35154      964.66965        1.96018       31.09795        0.00118        0.02956        1.14594       24.60000        1.45010        0.59850        1.13606       14.65153        0.05202        0.00271        0.00997        2.13309       31.77907        0.00123        0.06650       26.23454        0.16137        0.90360        2.12498        6.94147        0.01218        0.00204        0.00812      300.00000      141.56538
   51    1    1     2052.10221     4733.75402     2109.87758        3.27697       77.47084        0.00733        0.06093        0.54366       13.10000        3.59400        1.27487        0.45969       10.73262        0.03033        0.00030        0.08389        2.47476       78.01302        0.00738        0.04304       15.85960        0.12999        2.82546        2.40037        9.04280        0.01907        0.01173        0.07439      300.00000       26.29166
   52    1    1     1415.39475    18161.55899     7868.92975        1.37603       29.64456        0.00107        0.05561        1.09690        8.70000       18.63912        0.63710        1.09747        7.02588        0.01224        0.00071       -0.00050        3.83772       22.96169        0.00064        0.13891       24.90270        0.64714       15.80043        3.83679        7.78695        0.01515        0.00279        0.00092      300.00000      144.35247
   53    1    1     2549.98693     2849.50325     1422.51335        5.54023      104.28122        0.01328        0.02999        0.18433       15.90000        1.40406        1.55597        0.17859        1.28099        0.00041        0.00062        0.00570        2.42067      104.41670        0.01329        0.03167       14.53821        0.05686        0.65887        2.42122        1.29673        0.00042        0.00690       -0.00054      300.00000       14.84198
   54    1    1     6078.16724     2529.22713     1170.95298        0.02333        0.36590        0.00000        0.03004        0.88281        6.30000        1.17663        0.85432        0.88024        4.66023        0.00545        0.00124        0.00252        0.25938       11.00190        0.00015        0.01325       13.52605        0.18639        2.46891        0.25976        8.67023        0.01868        0.00372       -0.00039      300.00000      163.96045
   55    1    1     2604.46224     1645.11614      608.04163        4.88912       57.77271        0.00408        0.01298        0.75787       38.30000        0.14306        0.99783        0.73673       14.25873        0.05197        0.00124        0.02106        0.66597       24.67283        0.00074        0.07560        8.27167        0.04736        1.12487        0.64701       14.18796        0.04838        0.00611        0.01896      300.00000       73.52055
   56    1    1      991.43963     1804.26794      615.54549        8.03993      259.56646        0.08229        0.04501        1.12311       10.20000        0.26587        0.61119        1.12337        5.15435        0.00660        0.01183       -0.00029        1.38600      259.72461        0.08211        0.04510       10.34857        0.10249        0.51277        1.38534        5.15516        0.00663        0.01080        0.00066      300.00000        0.27996
   57    1    1     2338.70378    14809.60337     7321.98862        7.00353      118.31761        0.01710        0.01776        1.61047       28.90000       15.23479        0.15738        1.57718       12.66723        0.03818        0.00115        0.03325        6.45554      119.50978        0.01743        0.01778       28.74664        0.87696        9.64889        6.44316       12.66739        0.03878        0.02141        0.01239      300.00000        3.56289
   58    1    1     2261.00398     2868.99804     1271.56843        1.49694       33.96228        0.00141        0.06146        0.60513       19.60000        1.49325        1.13200        0.60257        6.84325        0.01146        0.00599        0.00250        1.78265        1.54249        0.00000        0.01250        9.79236        0.16335        1.26699        1.78276       17.53812        0.07655        0.00866       -0.00011      300.00000      158.20974
   59    1    1     1695.75549     1443.29900      594.23251        8.05482      152.93218        0.02856        0.01546        0.29019       10.90000        0.05048        1.44898        0.28559        3.83245        0.00369        0.00620        0.00456        0.72438      153.14244        0.02861        0.01524       11.12255        0.15922        0.90445        0.72163        3.82117        0.00357        0.00810        0.00275      300.00000        0.84205
   60    1    1     4521.26329    14421.51371     6456.88969        2.01548       41.90108        0.00214        0.05064        0.30134       16.90000       15.02875        1.44155        0.29302        5.16337        0.00674        0.00909        0.00828        9.15106       11.65390        0.00017        0.00174       31.24360        0.51352        7.14669        9.14555        7.01466        0.01199        0.01511        0.00551      300.00000      117.43803
   61    1    1     2823.05534     1659.89993      640.48766        5.39635      105.38326        0.01356        0.03301        0.31038       25.20000        0.04695        1.44791        0.28665        9.99336        0.02391        0.08916        0.02377        0.85477      104.83670        0.01339        0.03271       24.89067        0.03365        0.89270        0.85428       10.26788        0.02594        0.11174        0.00049      300.00000       45.74312
   62    1    1     4078.33220     1313.25690      699.50412        7.79146       61.75674        0.00466        0.00301        0.32773        3.90000        0.00268        1.41045        0.32411        4.49285        0.00493        0.00061        0.00350        0.79229       60.89196        0.00453        0.00271        5.06564        0.00768        0.93997        0.79011        4.49464        0.00495        0.00195        0.00218      300.00000        4.63114
   63    1    1     8564.33471    16434.94224     7284.56565        5.74616       22.87093        0.00064        0.00130        0.23419        8.10000       16.97071        1.50134        0.23323       12.86521        0.04135        0.09769        0.00094        8.47723       36.57155        0.00163        0.00411       15.01011        0.01729       10.29275        8.40538       12.94664        0.04395        0.01024        0.07185      300.00000       39.15662
   64    1    1     2208.32240     1626.44054      578.30845        2.52783       41.33104        0.00209        0.03056        1.28044       11.20000        0.15930        0.45655        1.27801       13.45181        0.04536        0.03680        0.00232        0.25807       46.55824        0.00263        0.04906       11.41646        0.42400        1.25459        0.22864        1.50439        0.00058        0.02218        0.02944      300.00000       81.85043
   65    1    1     1133.53708     9387.04140     4464.42983        6.79649      237.70379        0.06901        0.08039        0.46095       23.70000        8.84112        1.28900        0.44557        3.78610        0.00365        0.00000        0.01538        4.60750      237.12904        0.06835        0.08077       23.88459        0.41444        5.56699        4.59467        3.71446        0.00350        0.00256        0.01283      300.00000        0.13443
   66    1    1     2102.78264     1488.00613      668.61613        5.54994      129.37582        0.02044        0.04593        0.59333        4.40000        0.00465        1.14304        0.59153       10.06587        0.02537        0.00555        0.00183        0.91814      124.29020        0.01886        0.05037        1.26423        0.00065        0.82101        0.91664        9.65371        0.02287        0.00640        0.00150      300.00000       19.20677
   67    1    1      989.54445     2538.91219      681.41368        6.29552      267.57048        0.08744        0.13318        1.25223       41.40000        0.76601        0.53318        1.20138        0.34583        0.00003        0.00316        0.05088        1.49013      267.00464        0.08705        0.13202       41.76710        0.65014        0.37545        1.47658        0.35818        0.00003        0.04042        0.01355      300.00000        0.51111
   68    1    1     3685.59114     1459.74413      586.20189        7.15430       71.66965        0.00627        0.00598        0.24375        6.50000        0.06261        1.49033        0.24424        6.34827        0.00999        0.03814       -0.00059        0.60467       70.16237        0.00600        0.00531        7.90063        0.02584        1.16739        0.60498        6.34963        0.00995        0.03790       -0.00031      300.00000        3.62979
   69    1    1     2458.04830    14475.83001     5750.07742        1.64068       26.42561        0.00085        0.03083        0.41654        9.70000       14.88921        1.32206        0.41250       21.53991        0.11664        0.00054        0.00404       10.13473       47.39641        0.00274        0.02016       11.97863        1.44451        5.05220       10.13051       22.03306        0.12207        0.00030        0.00423      300.00000       93.09003
   70    1    1     3774.93785    24998.39459    10266.24287        5.54869       63.69796        0.00496        0.01114        0.02373       23.80000       26.07707        1.71587        0.01870        2.75621        0.00191        0.00004        0.00501        8.18146       76.47475        0.00714        0.06268       13.06411        0.11008       19.45977        8.18186        6.90922        0.01180        0.00173       -0.00040      300.00000       43.45738
   71    1    1     8088.47162     1470.85638      720.09019        3.49921       33.36684        0.00136        0.00975        0.89525        8.80000        0.00494        0.83930        0.89527       14.97807        0.05585        0.01503        0.00002        0.71278       36.23064        0.00160        0.00227       12.92356        0.00824        1.03761        0.70046       15.15790        0.05554        0.00345        0.01231      300.00000       55.98163
   72    1    1     1631.36491   168241.85807    69485.18855        8.76779      140.16248        0.02399        0.00722        0.09582       41.00000      169.01731        1.63879        0.09577        5.79982        0.00829        0.01358        0.00010       74.32778      140.20900        0.02399        0.00730       40.99019        0.04656       96.39129       74.31393        5.80215        0.00813        0.00004        0.01385      300.00000        0.32162
   73    1    1     3064.53112    29044.70669    12392.92071        2.32236       21.60054        0.00057        0.01000        0.05297       25.90000       29.76569        1.68152        0.05304        5.51780        0.00751        0.00721       -0.00001        5.50124       32.76950        0.00131        0.02189       19.57926        0.11713       25.85975        5.50168        8.50967        0.01797        0.00619       -0.00044      300.00000      110.18065
   74    1    1     3160.62984     4698.97562     2042.03769        5.22742       68.74020        0.00577        0.01535        0.56246       34.10000        3.82435        1.17838        0.55618        0.71634        0.00013        0.02606        0.00629        4.10000       71.68647        0.00625        0.03086       28.26365        0.17240        1.29461        4.07488        2.17872        0.00122        0.00718        0.02512      300.00000       10.03449
   75    1    1    15849.96093     1885.13810      630.36598        1.34676       24.98772        0.00076        0.04128        1.27149       14.40000        0.44350        0.46841        1.26616       10.25306        0.02562        0.02063        0.00523        1.15243       33.45882        0.00137        0.00678       10.92332        0.33966        0.73929        1.14561        6.86590        0.01146        0.02072        0.00682      300.00000       59.90379
   76    1    1     3726.26410     3399.25469     1337.77922        2.97950       38.43919        0.00180        0.01852        0.31208       37.50000        2.26749        1.44439        0.29018        3.34421        0.00286        0.00546        0.02193        1.81667       42.97024        0.00225        0.00959       24.51305        0.21122        1.99118        1.80159        6.27585        0.01002        0.01168        0.01508      300.00000       36.09657
   77    1    1     2690.90565     2422.09793      755.35548        5.94588      100.78684        0.01241        0.02269        0.68906       33.40000        0.94723        1.06286        0.67171       11.68080        0.03283        0.00316        0.01733        1.82169       99.88408        0.01214        0.02197       33.49824        0.46864        0.40726        1.80622       11.77705        0.03343        0.00509        0.01547      300.00000        7.45530
   78    1    1     1839.84277     1644.19337      627.28572        0.55852       10.58621        0.00014        0.04374        0.67171       23.40000        0.06969        1.06286        0.67171       12.50346        0.03854        0.01957        0.00007        0.74878       60.35213        0.00443        0.05927       21.61169        0.08045        0.98972        0.73661        7.92831        0.01595        0.00764        0.01217      300.00000      119.85728
   79    1    1     1457.22294     2747.88973     1170.43729        2.40399       67.49963        0.00556        0.09072        0.16940       22.80000        1.21740        1.62156        0.11301       11.89445        0.03686        0.00284        0.05637        0.49917       89.80892        0.00978        0.11330       12.41944        0.11400        2.34890        0.47359        9.48357        0.02151        0.03768        0.02558      300.00000       68.11584
   80    1    1     1509.72654     2043.59967      797.22055        7.43968      176.75642        0.03816        0.03078        0.79803       21.10000        0.53616        0.97032        0.76424       11.44999        0.03119        0.02132        0.03378        1.98193      176.33877        0.03795        0.03039       21.40576        0.11865        0.22185        1.93090       11.44957        0.03407        0.00111        0.05102      300.00000        0.64441
   81    1    1     3608.53329   108357.38743    44907.43719        5.64834       77.98533        0.00743        0.01585        0.19475       34.30000      110.51237        1.53926        0.19531        7.82089        0.01515        0.01916       -0.00055        5.98499       78.68972        0.00756        0.03131       30.80487        0.07368      106.18901        5.96952        8.48394        0.01735        0.00004        0.01547      300.00000       58.11422
   82    1    1     2995.22340     1587.25878      578.90296        6.17416       88.46881        0.00956        0.01552        0.43818       11.10000        0.12532        1.30033        0.43424       11.89324        0.03454        0.02620        0.00399        1.24313       90.73389        0.01003        0.01636        9.81830        0.19686        0.44909        1.21257       11.89250        0.03371        0.00045        0.03056      300.00000        4.35757
   83    1    1     1725.53886    18696.50745    10653.23003        7.90417      151.41330        0.02800        0.01682        0.98842       17.80000       17.83033        0.74579        0.98878        3.18105        0.00250        0.02889       -0.00033       11.05330      150.85546        0.02775        0.01682       17.92023        0.10200        8.43326       11.02984        3.17643        0.00258        0.00502        0.02346      300.00000        0.20963
   84    1    1     1848.48490     1698.83449      816.27508        6.46808      144.54835        0.02552        0.03548        0.36625       14.10000        0.04852        1.36848        0.36609        5.89181        0.00865        0.00075        0.00024        1.39894      144.78936        0.02542        0.03534       14.07674        0.02234        0.36122        1.39951        5.97369        0.00883        0.00155       -0.00057      300.00000        0.61321
   85    1    1    26452.04021     1539.00935      707.34914        6.60669       32.19804        0.00127        0.00163        1.32061        4.40000        0.03148        0.41348        1.32109        7.09191        0.01248        0.01516       -0.00054        0.78686       13.85392        0.00023        0.00661       10.76213        0.21583        0.76903        0.77415        8.25609        0.01731        0.00028        0.01272      300.00000       87.29067
   86    1    1     1896.17963     2676.79683     1069.77683        4.73407      120.32057        0.01768        0.06121        0.82598       29.30000        1.15020        0.95614        0.77842       12.54652        0.04085        0.00203        0.04761        2.40862      111.86362        0.01527        0.05511       35.16998        0.42488        0.11502        2.36524       10.46684        0.02592        0.00927        0.04338      300.00000        5.77474
   87    1    1     2530.70118     7367.24043     3367.23601        2.26040       18.90096        0.00044        0.00810        0.42514       28.30000        6.85160        1.32532        0.40924        4.93808        0.00587        0.00007        0.01595        2.03994       27.01136        0.00089        0.15869       38.33644        1.45868        4.93551        2.04020        6.09559        0.00924        0.01360       -0.00026      300.00000      130.95863
   88    1    1      879.24790     2486.59596     1065.47740        7.99224      293.99076        0.10556        0.05970        0.08685        3.70000        0.85734        1.68079        0.05378        0.59325        0.00008        0.00971        0.03299        0.52117      293.82599        0.10524        0.05996        3.77763        0.10265        1.99268        0.49660        0.57998        0.00008        0.01825        0.02457      300.00000        0.32221
   89    1    1     1541.82839     1742.33635      552.75782        0.54259       13.69701        0.00023        0.07760        0.91225       25.60000        0.10974        0.82579        0.90878        9.83879        0.02366        0.06666        0.00356        1.23454       14.58587        0.00026        0.08423       15.18323        0.28630        0.25857        1.23390       17.06920        0.07164        0.08040        0.00064      300.00000      173.10555
   90    1    1     1236.99667     4682.10711     2060.94811        0.10411        3.10328        0.00001        0.10850        0.34051       18.90000        3.39833        1.39478        0.33978       15.72623        0.06082        0.06960        0.00061        3.05239       15.86045        0.00030        0.12530       30.21330        0.50750        1.57012        3.04715       14.36315        0.05195        0.06499        0.00524      300.00000      168.41075
   91    1    1     1699.81852   282720.87739   111420.59328        2.57922       60.50593        0.00447        0.06274        0.00678       31.40000      280.49871        1.72730        0.00726       11.07336        0.03035        0.00393       -0.00051      110.78844       93.93804        0.01077        0.04686       18.46828        0.03382      171.40508      110.78600       13.20435        0.04269        0.00670        0.00244      300.00000       68.77300
   92    1    1     3943.21491     1609.76486      762.33295        6.33563       76.17881        0.00709        0.01057        0.96754       10.70000        0.01164        0.78127        0.95329       10.52095        0.02814        0.00073        0.01429        0.44536       78.44156        0.00751        0.01215        8.61593        0.18515        1.11363        0.44534       10.52251        0.02730        0.01588        0.00002      300.00000       23.66160
   93    1    1     5565.61170     1453.84677      616.25241        6.72340       55.31185        0.00374        0.00453        1.62295       21.80000        0.02641        0.11116        1.62341        8.63979        0.01847        0.00012       -0.00045        1.06162       55.31665        0.00373        0.00484       21.75501        0.03837        0.66036        1.06214        8.60973        0.01839        0.00006       -0.00052      300.00000       20.74546
   94    1    1     1407.03234     4003.43986     1779.03264        7.25938      192.16155        0.04510        0.04048        0.71083       29.00000        2.77292        1.02329        0.71127        2.16618        0.00116        0.02144       -0.00048        2.44773      191.67969        0.04470        0.03994       29.33963        0.22066        1.84913        2.43873        2.14077        0.00116        0.01190        0.00900      300.00000        0.25083
   95    1    1     2103.75400     1673.24338      639.40880        0.55798       20.44863        0.00051        0.16352        0.65372        2.70000        0.00045        1.08070        0.65387       13.67303        0.04613        0.02456       -0.00024        0.77834       59.94228        0.00438        0.01915       45.71797        0.11203        1.00503        0.75766       13.80538        0.04574        0.00490        0.02069      300.00000       83.97240
   96    1    1     1564.51388     2899.70227     1004.92153        7.95665      166.94924        0.03404        0.01973        1.59267       23.10000        1.76675        0.14476        1.58981        2.98527        0.00224        0.00790        0.00298        1.00017      166.97615        0.03404        0.01958       23.14718        0.74249        1.76061        0.99831        2.98132        0.00218        0.00901        0.00186      300.00000        0.61973
   97    1    1     1754.25802     2003.46742      535.80546        5.47605      149.23308        0.02720        0.06350        0.48516       44.60000        0.41858        1.25843        0.47614       14.24401        0.04921        0.02142        0.00895        1.03212      148.37177        0.02679        0.06129       45.30486        0.55375        0.59762        1.00494       14.17714        0.05159        0.00035        0.02718      300.00000       11.15303
   98    1    1     1581.91627    86256.20965    34819.95333        3.56215       96.78925        0.01144        0.07873        0.93175       33.50000       86.95910        0.80612        0.92845        6.84902        0.01178        0.01897        0.00324       31.97141      113.05424        0.01559        0.07169       31.83906        0.12979       56.60830       31.96449        6.05813        0.00926        0.01183        0.00692      300.00000       36.42593
   99    1    1     2349.02540     1950.77528      691.00148        5.04021      116.96046        0.01671        0.04906        0.86088       36.20000        0.47113        0.87328        0.86129       11.90658        0.03502        0.01631       -0.00034        1.69210      111.82362        0.01517        0.04851       36.47463        0.15096        0.38042        1.67523       12.08408        0.03515        0.00007        0.01687      300.00000       35.20515
  100    1    1     1877.46414     8819.39757     4410.06032        2.65999       41.13625        0.00207        0.02714        0.72968       27.50000        8.52180        1.05692        0.67765       12.21476        0.03515        0.01648        0.05204        4.48342       36.03176        0.00158        0.05516       12.71888        2.23363        3.50979        4.48392       11.88682        0.03500        0.07063       -0.00050      300.00000      116.39824
