    1    1    1     1333.84577     1994.38680      661.75261        6.38880      203.14277        0.05040        0.07308        0.64143        7.80000        0.39304        1.12475        0.60982       15.30585        0.05581        0.04147   -33197.35224        1.71146      202.95253        0.05021        0.07322        7.63242        0.11125        0.31145        1.70478       15.32971        0.05929        0.06310        0.00668      300.00000        3.42385
    2    1    1     2199.64711     3077.96546     1240.35060        4.04068       66.94012        0.00547        0.02805        0.80416        6.90000        2.03572        0.93743        0.79714       10.50091        0.02783        0.00039        0.00707        2.57435       42.30600        0.00218        0.05913       12.93986        0.05822        1.13890        2.56990        2.88129        0.00203        0.00423        0.00445      300.00000       57.23893
    3    1    1     2393.61161     2240.77967      989.66455        7.82470      107.09509        0.01401        0.00887        1.67186       15.50000        0.92151        0.07529        1.65928        4.68095        0.00529        0.00885        0.01258        0.75418      107.21750        0.01402        0.00903       15.37696        0.79350        1.12179        0.74059        4.67880        0.00529        0.00787        0.01360      300.00000        2.42557
    4    1    1     1941.42840     1841.80853      807.74282        2.53821       51.64660        0.00326        0.04731        1.34317       26.70000        0.07212        0.40675        1.32782       20.13804        0.09775        0.00000        0.01537        0.32254       13.85139        0.00023        0.03682       48.90307        0.17648        1.41352        0.31194        8.54422        0.01768        0.00310        0.01060      300.00000      146.92312
    5    1    1     2197.09902     2879.23243      728.10117        4.45261       84.75020        0.00877        0.03547        1.17710       24.40000        1.47530        0.56631        1.16825       16.43287        0.06551        0.00001        0.00881        2.01104       92.17733        0.01033        0.03705       22.75388        0.87230        0.32990        2.00340       16.53675        0.06644        0.00142        0.00764      300.00000       22.29052
    6    1    1     4406.24431     1673.21485      695.63388        5.67533       60.28991        0.00444        0.00934        1.17354       26.30000        0.30425        0.56132        1.17324        7.77989        0.01509        0.00070        0.00033        1.35601       83.47596        0.00847        0.03995       12.86568        0.00787        0.64989        1.35522        4.98236        0.00610        0.00040        0.00079      300.00000       84.15948
    7    1    1     2536.54147    14029.33224     6402.34261        5.58923      107.55232        0.01413        0.03110        0.33666       12.70000       14.46080        1.42894        0.30562        7.87390        0.01595        0.04341        0.03106        1.76635      105.80968        0.01367        0.02872       14.60494        0.22230       14.28502        1.69065        7.92655        0.01464        0.00029        0.07571      300.00000       15.18201
    8    1    1     2999.28300     1634.48410      600.17814        0.55452        9.99774        0.00012        0.03958        0.45811        7.70000        0.16956        1.31471        0.41985        4.77272        0.00541        0.06866        0.03826        0.44305       13.83989        0.00023        0.02977       10.59793        0.20018        1.30414        0.40686        5.71119        0.00775        0.07102        0.03620      300.00000      157.77566
    9    1    1     3280.20530     1616.70377      781.99133        1.96760       21.73460        0.00058        0.01433        0.28248       10.40000        0.05352        1.46726        0.26731        4.39976        0.00467        0.00959        0.01520        0.44228       23.19100        0.00066        0.01395        6.32309        0.06538        1.30241        0.41823        5.25142        0.00706        0.00067        0.02405      300.00000      106.38763
   10    1    1     1690.75039     2968.52099      815.35033        3.46205       86.92283        0.00923        0.06776        1.26591       29.20000        1.56617        0.47061        1.26396        3.60447        0.00325        0.06874        0.00185        0.99114       98.15149        0.01171        0.08742       23.20432        1.22126        1.12528        0.93354        2.94698        0.00226        0.01260        0.05760      300.00000       29.27259
   11    1    1      928.23770    19022.43858     9065.40370        8.59747      255.83038        0.07993        0.02821        1.36642       40.20000       19.20199        0.37138        1.36318       18.25578        0.08366        0.00487        0.00321       17.58401      255.93039        0.07996        0.02841       40.13439        0.15472        3.19875       17.58282       18.25615        0.08184        0.00877        0.00119      300.00000        0.17097
   12    1    1     2399.16195     2289.83631     1121.95907        7.86664      108.74746        0.01444        0.00890        0.14365        9.50000        0.80107        1.59683        0.13773        8.81391        0.01891        0.02109        0.00597        1.66673      109.40669        0.01462        0.00867        9.60179        0.08080        0.81294        1.64201        8.81408        0.01991        0.00124        0.02472      300.00000        0.32010
   13    1    1     1329.57747     2045.52496      738.87276        8.48980      183.18376        0.04098        0.01588        1.20222       24.40000        0.57359        0.56108        1.17348        7.60847        0.01381        0.00042        0.02870        0.42731      183.35176        0.04098        0.01619       24.24851        1.14119        0.74923        0.41736        7.60867        0.01403        0.01905        0.00995      300.00000        0.34628
   14    1    1     3439.47644     2155.72654      816.86507        4.73445       81.82679        0.00818        0.02830        1.14550       17.70000        0.71808        0.58936        1.14520        7.30336        0.01313        0.00508        0.00036        1.69145       74.79221        0.00681        0.01720       16.91962        0.45592        0.30735        1.68743       10.52745        0.02706        0.00185        0.00402      300.00000       29.71124
   15    1    1     1532.61001     1932.81407      592.46392        0.95054       20.89750        0.00053        0.05850        1.21941       15.40000        0.37209        0.53643        1.19814       18.28456        0.08020        0.00035        0.02131        1.53936       13.07876        0.00021        0.05002       10.89786        0.22167        0.35985        1.51896       19.71782        0.09333        0.00308        0.02040      300.00000      158.16666
   16    1    1     2260.91429     1596.07151      559.38074        0.94454       15.91398        0.00031        0.03436        1.24220       27.90000        0.08902        0.52535        1.20922        5.59705        0.00807        0.01007        0.03309        1.21116       15.23815        0.00028        0.03523       20.04623        0.10410        0.52650        1.16625       11.47679        0.03114        0.00097        0.04492      300.00000      147.50500
   17    1    1     1159.05358     9722.59064     3928.96208        1.57347       54.13436        0.00358        0.14099        0.45806       39.10000        9.48201        1.28758        0.44699        9.65599        0.02364        0.00660        0.01111       10.08592       61.57143        0.00461        0.10890       36.90663        0.34363        0.84027       10.08398        4.59435        0.00517        0.01396        0.00194      300.00000      124.59036
   18    1    1     1592.28908     2707.73104     1007.70336        0.80583       25.46070        0.00079        0.12113        0.72877       26.80000        1.13035        1.01556        0.71901        7.50861        0.01427        0.00266        0.00978        0.90381       42.36600        0.00219        0.04695       46.69236        1.07262        0.98335        0.89210        4.10943        0.00408        0.00054        0.01171      300.00000      120.67091
   19    1    1     2452.27567     1637.30528      756.32929        8.75112       92.89151        0.01054        0.00322        1.13567       13.80000        0.02134        0.59988        1.13469       13.74735        0.04721        0.00888        0.00100        0.61712       92.88909        0.01053        0.00318       13.84454        0.02503        1.11536        0.61559       13.74694        0.04728        0.00825        0.00153      300.00000        0.11969
   20    1    1     1937.05339     8184.22336     3649.15622        8.06850      133.85299        0.02188        0.01173        1.01769       26.40000        8.02691        0.73010        1.00447        2.73409        0.00181        0.03884        0.01327        3.37887      133.75462        0.02183        0.01184       26.36700        0.22350        6.16227        3.37561        2.73559        0.00183        0.04882        0.00327      300.00000        0.58667
   21    1    1     6287.84330     1954.69469      679.19042        4.91802       36.53137        0.00163        0.00511        0.78198       20.90000        0.47819        0.95925        0.77532       15.58715        0.06130        0.00232        0.00667        1.69873        2.74367        0.00001        0.03339       19.04377        0.12328        0.41512        1.69537        5.56326        0.00777        0.01148        0.00336      300.00000      142.64169
   22    1    1     3463.58174     1526.17551      575.92499        3.52921       46.73319        0.00267        0.01875        1.10135        4.30000        0.01627        0.68080        1.05377       12.54652        0.04085        0.00203        0.04755        0.60445       29.82464        0.00109        0.00517        3.56935        0.01567        1.16189        0.57024       14.80586        0.05650        0.01794        0.03421      300.00000       78.51867
   23    1    1     4912.12712     1511.44636      634.64582        2.51886       27.53301        0.00093        0.01367        1.48436       17.10000        0.05203        0.26975        1.46482       10.07969        0.02440        0.00091        0.01967        0.62794       40.81824        0.00203        0.03076        6.35784        0.60853        0.54550        0.61378        9.89939        0.02492        0.00637        0.01416      300.00000       32.82711
   24    1    1     2506.77436     1596.95833      675.59181        3.36432       58.77302        0.00422        0.03305        0.86178        2.90000        0.00347        0.87277        0.86180       15.47123        0.05900        0.00757        0.00002        0.48007       54.98996        0.00369        0.02782        4.34691        0.01751        1.24415        0.47536       16.35405        0.06729        0.00132        0.00471      300.00000       46.06585
   25    1    1     4291.75166     1873.00736      944.06044        4.83604       73.22094        0.00655        0.02145        0.42860        2.60000        0.29250        1.30545        0.42911        3.13440        0.00244        0.00346       -0.00048        0.67069       62.44695        0.00476        0.00867       15.32958        0.02291        1.34932        0.66765        4.08698        0.00409        0.00004        0.00304      300.00000       58.31945
   26    1    1     2387.55923     2515.14577     1069.83775        1.57440       17.83211        0.00039        0.01528        0.63279       15.60000        1.05537        1.11248        0.62209       20.22190        0.10363        0.01998        0.01076        2.04958       14.00538        0.00024        0.06489        9.14227        0.09460        0.69499        2.01774       11.72254        0.03537        0.00026        0.03184      300.00000      141.95426
   27    1    1     3133.43158     4873.56192     2327.98842        5.06690       85.57041        0.00894        0.02589        0.68362       10.20000        4.03813        1.05449        0.68007        9.53397        0.02283        0.00001        0.00358        3.53100       70.23611        0.00602        0.03672        9.16088        0.01351        2.22186        3.53131        9.19746        0.02089        0.00390       -0.00031      300.00000       49.35648
   28    1    1     3083.70568     3010.66222     1338.21814        3.80717       51.99514        0.00330        0.01948        1.24641       13.90000        1.87819        0.49863        1.23594        6.42920        0.01001        0.02088        0.01046        1.73228       57.28311        0.00401        0.01282       12.11635        0.29829        1.60886        1.70334        8.68160        0.01937        0.00127        0.02894      300.00000       47.52844
   29    1    1     1610.56891     2243.55281      529.44477        7.29285      166.42420        0.03383        0.02977        1.60758       30.30000        0.68505        0.13472        1.59984       13.92851        0.04713        0.01849        0.00779        1.07743      166.18080        0.03368        0.03012       30.22262        0.94572        0.40811        1.06554       13.92837        0.04922        0.01228        0.01189      300.00000        0.63982
   30    1    1     1722.14980     2466.90578      726.96580        0.50542       10.58277        0.00014        0.05341        1.07263       28.90000        1.01861        0.67345        1.06112        9.17700        0.02136        0.02511        0.01158        1.77953       23.51305        0.00067        0.06251       22.56932        0.50177        0.43601        1.77924       13.99650        0.04824        0.03597        0.00030      300.00000      162.08236
   31    1    1     1394.23409     1691.09079      678.44791        3.67401      124.39615        0.01890        0.12111        0.87049       23.40000        0.10098        0.86523        0.86934       11.39181        0.03244        0.00007        0.00116        1.70695      126.12962        0.01938        0.10102       30.45833        0.07423        0.07363        1.70541       11.76328        0.03395        0.00005        0.00154      300.00000       25.90453
   32    1    1     1766.65166     1921.15170      820.68185        1.60458       28.18261        0.00097        0.03671        0.15251       41.90000        0.14389        1.58688        0.14769       18.12133        0.08008        0.00095        0.00485        0.80639       52.47764        0.00336        0.11153       26.60487        0.07161        0.94530        0.80279       15.93419        0.06378        0.00000        0.00360      300.00000      125.74689
   33    1    1     1628.62346     6890.87323     2872.83467        8.02583      157.76651        0.03040        0.01679        0.04246       23.70000        6.56430        1.70055        0.03401       11.91411        0.03589        0.01127        0.00845        1.56941      157.64660        0.03030        0.01682       23.74314        0.04054        6.68841        1.56998       11.91474        0.03521        0.02096       -0.00057      300.00000        0.46240
   34    1    1     1722.98866     1931.16802      655.68718        4.92001      147.45702        0.02656        0.08315        0.54300       20.50000        0.40042        1.20015        0.53441        2.55142        0.00165        0.00111        0.00854        0.88360      142.26776        0.02468        0.08084       22.95437        0.80486        0.45379        0.88201        0.55088        0.00007        0.00820        0.00159      300.00000       21.31895
   35    1    1     1653.85804     8074.81743     3568.19039        7.72147      160.48287        0.03146        0.02130        0.88499       37.00000        7.30512        0.86858        0.86599        7.71417        0.01430        0.07615        0.01907        7.21555      160.55311        0.03139        0.02093       37.11329        0.26452        1.57890        7.19666        7.71657        0.01431        0.07629        0.01889      300.00000        0.37114
   36    1    1     3170.66850     1651.73138      781.81206        4.42167       45.94137        0.00258        0.01061        0.88299       13.80000        0.08012        0.85858        0.87598       11.46829        0.03319        0.02165        0.00696        0.69728       54.34122        0.00359        0.05176        8.64253        0.19381        0.91341        0.69094        5.39784        0.00735        0.02252        0.00634      300.00000       35.76371
   37    1    1     1713.54737     5758.62737     2187.77189        6.44914      154.58549        0.02919        0.04099        1.01933       27.10000        4.98242        0.71922        1.01535        8.10574        0.01651        0.00193        0.00398        2.14537      154.31270        0.02896        0.04107       27.14412        1.36982        3.20686        2.14046        8.10467        0.01653        0.00098        0.00491      300.00000        1.11805
   38    1    1     2710.84313     1907.47780      611.67582        5.20563       96.56431        0.01139        0.03064        0.45740       17.70000        0.53403        1.27929        0.45527       13.60679        0.04638        0.00041        0.00215        0.50468      107.13110        0.01400        0.05463       19.21581        0.35392        1.41326        0.50431        8.12065        0.01623        0.00281        0.00037      300.00000       52.10752
   39    1    1     3477.95788     1588.79259      744.88635        0.05656        0.91965        0.00000        0.03229        0.40556       16.10000        0.16023        1.36664        0.36792        7.22838        0.01349        0.00103        0.03766        0.59553        3.69597        0.00002        0.00570        8.56868        0.01100        1.29037        0.59590       12.48230        0.03849        0.03813       -0.00037      300.00000      166.87580
   40    1    1     1686.69480     3808.71304     1580.87727        3.91546      112.90941        0.01557        0.08599        0.89819       14.70000        2.60481        0.87123        0.86333        6.45023        0.00989        0.02098        0.03478        0.49709      113.78994        0.01574        0.10188       11.64572        1.06151        2.77037        0.49211        5.77615        0.00813        0.05193        0.00498      300.00000       10.22318
   41    1    1     5089.73348     1667.49498      737.75521        1.53895       20.93703        0.00054        0.02207        0.57852        8.30000        0.15428        1.16872        0.56585       10.07982        0.02580        0.00371        0.01266        0.85653       36.36222        0.00161        0.00293       14.49985        0.09783        0.95446        0.84571       11.82775        0.03546        0.00482        0.01082      300.00000       56.74558
   42    1    1     1186.45817     1535.80681      601.75216        8.84684      186.80086        0.04262        0.01183        0.65981        7.10000        0.03202        1.07431        0.66025       11.14676        0.03082        0.00355       -0.00056        0.81733      186.90583        0.04261        0.01182        7.22740        0.30158        0.65091        0.81419       11.14736        0.03038        0.00033        0.00315      300.00000        0.20546
   43    1    1     4388.16093     1560.85020      575.11546        3.70646       62.87303        0.00483        0.03032        0.78665       15.30000        0.16778        0.95579        0.77878        5.63414        0.00802        0.00181        0.00789        1.40954       48.51284        0.00287        0.00638       12.84395        0.11356        0.37635        1.40927       12.26218        0.03702        0.00947        0.00027      300.00000       32.69045
   44    1    1     9064.67846    81983.14075    32720.68713        0.34710        5.17189        0.00003        0.02708        0.22313       57.10000       83.68276        1.51610        0.21847       17.02408        0.07069        0.00100        0.00464       15.66824       15.56756        0.00030        0.00052       64.88206        0.54093       69.26620       15.66873       13.41986        0.04456        0.00005       -0.00048      300.00000       83.29103
   45    1    1     1272.80328   790809.32346  2583392.49968        1.26025       22.25826        0.00061        0.03749        1.60179       29.70000        0.04501        0.14165        1.59291        3.24827        0.00267        0.00068        0.00895    -1669.34691     8609.35578       89.52366      275.39707      687.01291      421.19853      790.92386      282.38817     7941.67644       46.36622       47.78564    -1951.73508      300.00000       35.72833
   46    1    1     2790.85880     2547.82580      997.35969        6.47325       95.36316        0.01111        0.01540        1.31986       16.00000        1.22147        0.42099        1.31357       13.95670        0.04912        0.00237    -1961.62775        1.64408       96.36525        0.01130        0.01668       15.02789        0.12107        1.19768        1.63576       13.95252        0.04921        0.00029        0.00832      300.00000        1.28482
   47    1    1     4202.85720     1673.46344      756.75975        3.74276       54.39966        0.00361        0.02219        0.71006       13.90000        0.01534        1.02397        0.71059       13.43108        0.04467        0.03464       -0.00049        0.18655       56.62039        0.00391        0.00845       22.69523        0.11207        1.50233        0.15111       13.14510        0.04107        0.00012        0.03544      300.00000       15.99405
   48    1    1    11112.79834     1427.62197      640.03320        6.20153       54.95613        0.00369        0.00590        1.28967        0.80000        0.01640        0.47422        1.26035        7.01774        0.01266        0.00325        0.02926        0.20133       65.05705        0.00516        0.01138       10.49429        0.00927        1.54537        0.20179        1.67846        0.00070        0.03260       -0.00046      300.00000       61.05114
   49    1    1     2660.85649     2529.09408      461.39636        7.07635       99.99264        0.01221        0.01218        1.50781       24.20000        1.24283        0.23104        1.50353        8.76999        0.01877        0.02636        0.00430        1.39870      100.79181        0.01237        0.01201       24.21716        0.80760        0.79590        1.37394        8.76876        0.01840        0.00620        0.02476      300.00000        1.29537
   50    1    1     2322.60702   315828.44741   128211.32833        7.39074      117.27141        0.01680        0.01395        1.50636        8.00000      311.17100        0.27234        1.46223       10.60478        0.02660        0.12073        0.04408      138.59151      117.42030        0.01684        0.01383        7.79131        8.79810      165.51743      138.58986       10.59417        0.02809        0.16165        0.00165      300.00000        1.67382
   51    1    1     2330.08064    44649.91502    20130.87568        6.06696      117.21729        0.01678        0.02881        0.61835       20.40000       46.22559        1.12594        0.60862       21.47784        0.11180        0.00042        0.00968       28.37486      116.96968        0.01670        0.02633       21.50308        0.23204       19.36556       28.36506       21.48835        0.11189        0.00028        0.00980      300.00000        7.72052
   52    1    1     3945.99192     1665.94862      808.46335        5.57668       78.28406        0.00748        0.01658        1.19398       24.30000        0.03253        0.54006        1.19450        8.45476        0.01772        0.00020       -0.00058        1.38074       82.65613        0.00833        0.02308       21.68381        0.02894        0.35015        1.38117        8.35199        0.01733        0.00001       -0.00043      300.00000       88.19787
   53    1    1     1409.13845     2221.32573      657.97789        7.44315      190.86552        0.04449        0.03582        1.38042       17.10000        0.76581        0.35729        1.37727        6.46025        0.01021        0.01713        0.00306        1.15712      191.43253        0.04468        0.03540       17.27244        0.83541        0.50885        1.15642        6.46130        0.01042        0.01930        0.00070      300.00000        0.54062
   54    1    1     1887.67191    10538.55725     4772.04181        0.16389        2.83054        0.00001        0.03642        0.05914       11.20000       10.72766        1.67716        0.05740        9.91645        0.02412        0.00576        0.00165        4.22465       20.04989        0.00049        0.07239       11.04829        5.67576        2.52149        4.21778       11.63867        0.03418        0.00133        0.00687      300.00000      167.35060
   55    1    1     3068.34936    13840.00071     6563.02288        7.94514       85.29544        0.00889        0.00519        0.04573       26.90000       14.18803        1.68868        0.04588        3.76119        0.00352        0.02817       -0.00014        5.91993       84.71366        0.00876        0.00533       26.89022        0.79315        9.21363        5.91575        3.76994        0.00357        0.02381        0.00418      300.00000        0.34237
   56    1    1     6785.30977    14319.42495     6534.48571        2.09989       17.48333        0.00037        0.00809        1.25016       23.80000       14.58003        0.48725        1.24732        5.09126        0.00650        0.00507        0.00283       15.57886       27.59339        0.00093        0.00354       18.57466        0.11894        0.62167       15.57901        4.88710        0.00594        0.00764       -0.00015      300.00000       25.15077
   57    1    1     3379.35918     2147.56085      533.22340        4.74890       86.99741        0.00924        0.03174        1.63092       29.70000        0.74117        0.11775        1.61681        3.33454        0.00268        0.00096        0.01405        0.91883       90.50825        0.00997        0.02748       27.35021        0.84752        0.70359        0.91727        7.39887        0.01370        0.01338        0.00156      300.00000       88.28684
   58    1    1     1929.52592     1563.15231      609.03781        0.83681       23.20680        0.00066        0.09327        0.88813        4.30000        0.05392        0.88365        0.85091        7.85207        0.01592        0.00589        0.03716        0.95087        8.63161        0.00009        0.03120       22.44818        0.05589        0.85100        0.90952       14.11682        0.05156        0.00084        0.04136      300.00000      165.88426
   59    1    1     3897.72064     9164.98106     4125.81264        6.29702       66.97558        0.00548        0.00834        1.39348        9.20000        8.92150        0.34293        1.39164       12.78898        0.04094        0.00683        0.00185        1.89773       68.36613        0.00571        0.00868        8.62258        0.24049        8.51711        1.89802       12.78162        0.04062        0.00916       -0.00028      300.00000        2.10692
   60    1    1     2155.09536     1911.04877      833.93086        3.33646       68.86104        0.00579        0.04623        1.16831       35.10000        0.31068        0.56931        1.16526        5.40225        0.00732        0.00830        0.00301        0.48117       62.72696        0.00479        0.04439       37.43242        0.87033        0.70476        0.47464        4.75579        0.00550        0.00501        0.00653      300.00000       50.34698
   61    1    1     1708.91806     1696.84670      767.27355        1.38852       30.11516        0.00111        0.05634        0.78460        5.30000        0.00354        0.95084        0.78372       12.30551        0.03782        0.02658        0.00081        1.43949       27.08016        0.00089        0.07111       17.54357        0.02790        0.29942        1.42738        5.65641        0.00774        0.01428        0.01211      300.00000      131.49061
   62    1    1     3019.91295     1632.24334      767.83254        5.69791       95.12562        0.01105        0.02299        0.79158       12.30000        0.02993        0.95084        0.78372        9.73599        0.02302        0.01057        0.00777        0.77131       95.26932        0.01106        0.02513       10.64204        0.03200        0.95903        0.77138        9.73311        0.02358        0.01789       -0.00007      300.00000       26.33522
   63    1    1     2950.98602     7750.07481     3574.04927        3.99071       83.39338        0.00849        0.04484        0.37739       17.10000        7.60107        1.36533        0.36923        0.73712        0.00013        0.02874        0.00819        2.89451       81.24540        0.00805        0.02102       17.30331        0.34326        6.10685        2.88791        9.44420        0.02250        0.02981        0.00660      300.00000       43.44897
   64    1    1     1627.37356     2423.06503      522.12437        1.50603       47.99439        0.00281        0.12122        1.35175       33.40000        0.82024        0.40598        1.32858        6.09435        0.00890        0.01482        0.02320        1.36064       65.91560        0.00529        0.04073       37.89619        0.91101        0.28409        1.36077       18.64518        0.08575        0.03822       -0.00013      300.00000      105.22778
   65    1    1     4214.59255     1576.40072      679.87978        4.90494       65.06537        0.00517        0.01632        0.83024       19.20000        0.07723        0.90413        0.83044        7.12363        0.01262        0.01581       -0.00020        0.10277       78.88510        0.00760        0.02188       10.85220        0.38482        1.30988        0.10279        8.65060        0.01863        0.01594       -0.00001      300.00000       87.66377
   66    1    1     1732.62510     1524.61073      579.00804        8.27140      144.10643        0.02536        0.01171        1.58519        6.60000        0.02200        0.19055        1.54402        6.37119        0.00962        0.00793        0.04117        0.57439      144.28170        0.02539        0.01152        6.96837        0.04254        1.13963        0.57465        6.37082        0.01002        0.04887       -0.00026      300.00000        0.21990
   67    1    1     2346.69441     1479.47760      655.64242        3.66313       58.28481        0.00415        0.02677        1.09115       14.20000        0.01034        0.65540        1.07917       10.99005        0.02920        0.02067        0.01196        0.59317       66.20506        0.00534        0.06041        1.88896        0.01161        1.13998        0.58093        4.63711        0.00546        0.02171        0.01224      300.00000       42.18669
   68    1    1    33195.89191     1412.65398      609.95031        0.62975        3.06383        0.00001        0.00288        1.34540        4.40000        0.05463        0.38901        1.34556        4.71406        0.00553        0.00543       -0.00017        0.61906       17.05322        0.00036        0.00099        9.29164        0.28956        0.88877        0.61354        3.73633        0.00340        0.00073        0.00552      300.00000       86.37359
   69    1    1     9877.25434     1531.85934      692.07506        0.34762        2.34026        0.00001        0.00553        1.17363        8.50000        0.08446        0.56986        1.16471        4.89433        0.00606        0.00013        0.00890        1.61717       17.56517        0.00038        0.01204       11.35052        0.05968        0.13811        1.61758        1.15120        0.00033        0.01196       -0.00040      300.00000      109.47466
   70    1    1     2513.50110     1791.54910      511.40790        2.88134       65.66315        0.00527        0.05816        1.16913       15.50000        0.26025        0.57849        1.15607       15.98431        0.06490        0.07314        0.01309        0.54534       83.17803        0.00842        0.02382       34.17906        0.28248        1.29371        0.46575       13.64309        0.04331        0.01226        0.07959      300.00000       16.54506
   71    1    1      838.83482     1861.47014      696.75217        8.06016      306.35961        0.11463        0.06182        1.15855        4.70000        0.00829        0.57808        1.15648       16.66257        0.06954        0.00900        0.00205        0.33937      306.54256        0.11437        0.06209        4.80853        0.01554        1.38922        0.33814       16.66213        0.06816        0.01115        0.00123      300.00000        0.23199
   72    1    1      976.40420     1640.60996      594.31514        8.88532      225.48204        0.06209        0.01656        1.47405        6.80000        0.02346        0.26071        1.47385       13.66032        0.04650        0.01906        0.00018        0.67152      225.36262        0.06185        0.01672        6.92881        0.16740        0.93376        0.65695       13.66050        0.04746        0.00373        0.01457      300.00000        0.11055
   73    1    1     1300.91241     8535.95091     3707.37456        2.83622       88.76692        0.00962        0.11001        0.90641       21.40000        8.09968        0.82967        0.90490        9.64156        0.02281        0.01839        0.00155        6.21803       59.92925        0.00435        0.14867       24.61885        0.45909        3.15380        6.20112        7.22435        0.01256        0.00008        0.01691      300.00000       77.56493
   74    1    1     1996.88268     2097.38857      836.75065        8.39140      122.56958        0.01835        0.00771        1.30887       17.40000        0.68619        0.43677        1.29780        5.54542        0.00780        0.01889        0.01109        0.63148      122.71003        0.01838        0.00742       17.56743        0.79839        1.01480        0.60786        5.54582        0.00788        0.00622        0.02362      300.00000        0.09522
   75    1    1     2135.63023     1603.00279      505.95480        3.26897       58.53099        0.00418        0.03497        1.05167       16.50000        0.20442        0.68261        1.05196        2.44369        0.00147        0.00006       -0.00035        1.22109       57.64548        0.00405        0.03531       16.24251        0.28962        0.42769        1.22144        2.48717        0.00153        0.00010       -0.00035      300.00000       70.47740
   76    1    1     3239.44256     1496.83048      703.44994        4.83015       70.06878        0.00600        0.01971        0.72273        9.80000        0.00821        1.01189        0.72268        4.55315        0.00511        0.00396        0.00007        1.73546       65.16557        0.00517        0.01805       14.06197        0.01037        0.00468        1.73298        2.95373        0.00214        0.00173        0.00248      300.00000        4.16824
   77    1    1     2905.44773     1695.57602      870.09596        1.67153       28.82229        0.00101        0.03530        0.03425       17.40000        0.01584        1.70339        0.03117        3.93771        0.00379        0.00035        0.00314        0.58078       25.48798        0.00079        0.00764       29.63220        0.05081        1.14876        0.58127        2.25751        0.00127        0.00389       -0.00049      300.00000      114.73807
   78    1    1     1916.72291    10072.18110     4479.70539        8.08079      133.99244        0.02193        0.01165        1.10036       19.30000        9.77174        0.63699        1.09757        3.79310        0.00361        0.00063        0.00271        8.79038      134.42424        0.02207        0.01130       19.42721        0.34899        2.37068        8.78694        3.78971        0.00351        0.00001        0.00344      300.00000        0.46954
   79    1    1     4276.52857     1719.28835      811.28592        0.20168        4.30010        0.00002        0.05550        0.91427        8.40000        0.00992        0.86200        0.87256       10.19347        0.02689        0.00013        0.04172        1.59980       24.44423        0.00073        0.01511       25.35243        0.04605        0.15537        1.56708       12.91625        0.03971        0.01195        0.03272      300.00000      111.17548
   80    1    1     2996.10790     1792.52611      739.92360        1.74138       30.19652        0.00111        0.03561        0.86824       12.20000        0.41821        0.86582        0.86875        4.74628        0.00558        0.00157       -0.00058        0.40017       37.59970        0.00172        0.01304       24.06206        0.59906        1.17923        0.39937        3.37555        0.00280        0.00013        0.00081      300.00000       85.62081
   81    1    1     3083.94729     2307.76560      840.66590        2.15921       29.40515        0.00106        0.02160        1.03454       38.10000        0.78599        0.70097        1.03359       17.38489        0.07550        0.03483        0.00098        0.95205       67.22105        0.00551        0.01774       32.15020        0.11959        1.42199        0.95211       19.24231        0.09131        0.04630       -0.00007      300.00000       45.74309
   82    1    1     3091.28018     2173.07297     1003.10468        6.65667       85.74362        0.00898        0.01128        0.52174       16.40000        0.75218        1.21253        0.52204        5.47910        0.00746        0.00557       -0.00033        1.28514       87.63199        0.00935        0.01229       15.63921        0.16239        1.04074        1.28235        5.46902        0.00732        0.00252        0.00279      300.00000        0.33750
   83    1    1     4038.63615     1706.48828      557.89070        4.59152       46.31670        0.00262        0.00981        1.61306       42.50000        0.15270        0.12118        1.61339       16.88695        0.07041        0.00575       -0.00033        0.79423       28.22201        0.00097        0.01121       42.06956        0.42113        0.65836        0.78951       19.17252        0.08965        0.00000        0.00472      300.00000       40.48469
   84    1    1     1360.96322     1652.17711      617.37116        6.84126      200.31553        0.04901        0.05570        0.76389       21.70000        0.12253        0.97760        0.75697        8.17933        0.01688        0.01987        0.00687        1.46840      201.15325        0.04941        0.05644       21.16537        0.12777        0.27323        1.45492        8.18249        0.01701        0.01321        0.01348      300.00000        2.04969
   85    1    1     1093.15009     1696.12691      710.73359        8.69071      211.36502        0.05456        0.01768        1.59031        6.20000        0.25692        0.18479        1.54978        1.09387        0.00028        0.00000        0.04052        1.05731      211.46122        0.05458        0.01768        6.22011        0.05206        0.90130        1.03813        1.09779        0.00029        0.02132        0.01919      300.00000        0.20575
   86    1    1     2080.66473     1438.38622      645.67993        6.28336      127.53298        0.01986        0.03045        0.73971        7.70000        0.00929        1.00025        0.73431        3.45315        0.00291        0.00002        0.00538        0.31902      127.96603        0.01998        0.03024        8.09362        0.04711        1.38345        0.31360        3.30417        0.00266        0.00003        0.00542      300.00000        0.78451
   87    1    1     1404.83334     4444.91572     2009.39267        7.39713      191.14765        0.04462        0.03693        0.99565        6.80000        3.37539        0.73936        0.99521       11.60697        0.03315        0.00419        0.00051        3.99549      190.63089        0.04435        0.03724        6.58035        0.02473        1.09098        3.99417       11.60728        0.03369        0.00284        0.00132      300.00000        0.20577
   88    1    1     2393.48834   765480.65950   293743.07877        8.59550       98.28398        0.01180        0.00417        0.62400       10.70000      733.07634        1.11939        0.61517       16.71761        0.07069        0.00931        0.00885      115.03876       98.31113        0.01180        0.00414       10.69432        0.01023      619.78041      115.02024       16.71629        0.06718        0.00308        0.01852      300.00000        0.39880
   89    1    1     3161.10823     1651.49002      632.46167        1.89446       30.16350        0.00111        0.02985        1.19948       10.60000        0.16538        0.54073        1.19384        7.66654        0.01481        0.00723        0.00563        0.93234       27.77389        0.00094        0.00922       16.66615        0.12976        0.86637        0.92244        7.59628        0.01461        0.00534        0.00990      300.00000       98.29764
   90    1    1     4599.84402     1595.05862      738.32465        7.85577       50.53973        0.00312        0.00194        1.32428        9.20000        0.09649        0.41097        1.32359        9.60954        0.02305        0.01045        0.00063        0.68517       50.43498        0.00310        0.00190        9.27116        0.19815        0.95687        0.67610        9.60876        0.02336        0.00175        0.00907      300.00000       11.09179
   91    1    1     1762.09454     1661.38563      630.00720        2.20033       48.39456        0.00286        0.05622        0.85323       13.60000        0.18530        0.89509        0.83947        0.22937        0.00001        0.00376        0.01383        1.60650       34.27450        0.00143        0.04041       18.59257        0.06033        0.25938        1.60164        7.53625        0.01430        0.01412        0.00486      300.00000      119.48934
   92    1    1     1738.02151     8421.38900     3707.25154        8.99875      121.83832        0.01813        0.00426        0.85462       44.70000        8.26258        0.89509        0.83947        7.84653        0.01484        0.00490        0.01509        4.13152      121.98695        0.01816        0.00427       44.68480        0.66153        5.20436        4.13118        7.84676        0.01516        0.01941        0.00034      300.00000        0.06714
   93    1    1     9499.20191     1733.11945      595.50699        8.27196       19.90627        0.00048        0.00022        1.19141       15.70000        0.45805        0.54266        1.19191        2.96170        0.00218        0.00010       -0.00051        1.04542       19.41257        0.00046        0.00023       15.71156        0.41505        0.73176        1.04584        2.96908        0.00218        0.00003       -0.00042      300.00000       22.17757
   94    1    1     1720.53413     1851.98566      767.21019        4.32952      122.21475        0.01824        0.07908        0.98398       12.90000        0.18931        0.77271        0.96185        5.29557        0.00717        0.09237        0.02215        1.72993      118.05142        0.01695        0.07700        9.53596        0.12734        0.07045        1.71918        8.26184        0.01730        0.10390        0.01075      300.00000        1.38279
   95    1    1     2097.06315     1683.27981      577.23255        2.66714       42.08252        0.00216        0.02824        1.20374        5.40000        0.07356        0.56920        1.16537       18.00558        0.08374        0.00081        0.03837        0.84390       38.71747        0.00182        0.06215       13.94138        0.39474        0.56951        0.82777       15.38953        0.05705        0.03229        0.01613      300.00000       94.24991
   96    1    1     2412.70357     2139.82635      661.73182        7.05047      113.38859        0.01570        0.01589        1.34779       23.80000        0.69904        0.38621        1.34836        5.74541        0.00818        0.01001       -0.00049        1.06493      112.52166        0.01544        0.01518       24.15079        0.84370        0.52817        1.06263        5.75215        0.00810        0.00729        0.00230      300.00000        1.53032
   97    1    1     3456.37927     1608.79057      607.00590        1.88637       32.85328        0.00132        0.03573        1.22665       24.50000        0.10543        0.54584        1.18872        6.61996        0.01132        0.00342        0.03801        1.11399       42.12795        0.00217        0.00655       26.57498        0.15540        0.60289        1.08551       11.49378        0.03153        0.01720        0.02848      300.00000       67.41264
   98    1    1     1575.11247    19710.08133     8952.63588        3.16683       85.47181        0.00892        0.08004        0.03098       23.10000       20.23886        1.70309        0.03147       24.47592        0.14811        0.00252       -0.00041        2.21751       81.25393        0.00805        0.08403       16.98069        0.91090       18.82764        2.21611       25.59863        0.16388        0.00053        0.00139      300.00000       51.91374
   99    1    1     2319.07296     1741.53410      801.50206        3.03670       44.98887        0.00247        0.02433        1.19975       16.80000        0.01705        0.55320        1.18137       15.55318        0.06171        0.03245        0.01836        0.21930       65.48750        0.00520        0.03921       10.48196        0.01870        1.51460        0.21117       14.17419        0.05077        0.04319        0.00813      300.00000       75.59263
  100    1    1     2155.95362     1659.26431      754.31689        3.54241       57.74368        0.00407        0.02838        1.71703       19.30000        0.11415        0.03679        1.69777        7.29445        0.01358        0.00069        0.01934        0.62413       45.05914        0.00247        0.02671        9.36635        0.20034        1.01334        0.61888       11.29045        0.03210        0.01563        0.00524      300.00000       88.14154
