    1    1    1     4845.73762     1835.94221      921.67961        4.23861       52.81225        0.00341        0.01555        0.37967        8.20000        0.26998        1.36312        0.37144        9.69957        0.02284        0.00002   -33197.37559        0.30458       50.26997        0.00308        0.01050       11.10710        0.95072        0.75426        0.30086       10.52872        0.02708        0.00439        0.00372      300.00000       54.74936
    2    1    1     1554.57850     4706.23309     2155.47124        5.20660      159.61802        0.03112        0.08367        0.83166       20.30000        3.46576        0.90343        0.83114        5.90449        0.00858        0.00002        0.00056        1.94570      164.41866        0.03290        0.08940       19.42887        0.88335        2.36917        1.94601        3.46053        0.00296        0.00076       -0.00031      300.00000       10.66479
    3    1    1     1327.99896     1887.03146      657.13157        4.79980      181.25883        0.04013        0.13405        1.58344       17.10000        0.16154        0.15344        1.58112        7.87749        0.01555        0.00210        0.00230        1.36466      179.29894        0.03908        0.12473       20.38672        0.20106        0.33724        1.36424        8.81110        0.01911        0.00436        0.00042      300.00000       10.99582
    4    1    1     2054.50556     6598.97329     3190.86849        6.87953      129.55035        0.02050        0.02281        1.57588       15.00000        5.77090        0.16466        1.56990        8.67032        0.01895        0.01121        0.00607        4.08910      130.11107        0.02067        0.02318       14.60315        0.45323        2.97181        4.07986        8.66933        0.01902        0.00792        0.00924      300.00000        1.24629
    5    1    1     2230.52794     2153.48706      582.17827        2.09474       37.97909        0.00176        0.03839        1.60661       16.80000        0.80976        0.14020        1.59436        8.41683        0.01713        0.02181        0.01222        1.49214       31.51538        0.00121        0.03186       20.05916        0.35773        0.71237        1.48819        5.85897        0.00838        0.03196        0.00395      300.00000      103.95581
    6    1    1     1948.86354     4728.21876     2103.13326        7.10092      142.51409        0.02481        0.02439        0.43018       20.30000        3.68886        1.30497        0.42959       10.63641        0.02783        0.03778        0.00065        3.04447      142.67410        0.02473        0.02498       19.96469        0.37186        2.01793        3.03306       10.63851        0.02870        0.02615        0.01141      300.00000        3.36621
    7    1    1     1341.35102     3253.85929     1425.48267        1.23031       39.98146        0.00195        0.12703        0.84729       25.10000        1.92004        0.88770        0.84687        3.87225        0.00369        0.00327        0.00047        1.47924       28.06476        0.00096        0.09738       20.56953        0.11246        2.05979        1.47699       12.71760        0.04053        0.00063        0.00224      300.00000      129.65646
    8    1    1     5925.38371     1564.30435      616.23287        4.99833       57.61118        0.00405        0.01217        0.86994       12.60000        0.17521        0.89715        0.83741        6.13723        0.00897        0.01282        0.03256        0.54297       40.76744        0.00203        0.00498       15.35223        0.13981        1.24498        0.53319        6.65944        0.01075        0.03480        0.00978      300.00000       73.67809
    9    1    1     1399.55173     1670.46537      629.87961        1.78228       51.99961        0.00330        0.10066        0.72183       19.30000        0.02764        1.02345        0.71112        6.61313        0.01108        0.05259        0.01064        0.42787       36.48443        0.00162        0.08857       24.68335        0.20978        1.16452        0.37978       11.22348        0.02973        0.01846        0.04809      300.00000      124.04014
   10    1    1     1330.34254     1993.07783      858.86955        7.40709      201.90139        0.04979        0.04096        0.96930       36.30000        0.30444        0.79564        0.93893        5.96027        0.00847        0.06874        0.03042        1.87972      201.61858        0.04944        0.04027       36.57662        0.21095        0.03442        1.79471        5.95267        0.00933        0.01321        0.08501      300.00000        0.09770
   11    1    1     1711.54143     2406.02655      769.71829        3.11207       66.90874        0.00547        0.05099        1.23962       28.40000        0.77577        0.52045        1.21411       19.12783        0.08750        0.00867        0.02551        0.50012       70.61250        0.00604        0.07191       21.08252        1.43730        0.57456        0.48114       18.45356        0.08691        0.01161        0.01898      300.00000       71.48447
   12    1    1     3676.39828     4475.87932     2020.59345        6.63454       72.75190        0.00646        0.00822        1.33519       10.60000        3.67238        0.41649        1.31807        5.37545        0.00695        0.01420        0.01711        3.95296       73.36476        0.00656        0.00761       11.17311        0.03672        1.42471        3.94607        5.39298        0.00734        0.02399        0.00690      300.00000        0.41715
   13    1    1     3075.23361     1975.81725      686.53479        1.70240       25.73844        0.00081        0.02711        0.80533       23.90000        0.72932        0.92961        0.80496        5.76151        0.00828        0.00014        0.00034        1.15901       26.98650        0.00089        0.01734       31.36162        0.37099        0.95095        1.15887        1.87938        0.00087        0.00054        0.00014      300.00000      101.03640
   14    1    1     2148.10696     5064.65333     2429.21951        0.20093        3.48893        0.00001        0.03681        1.06076       21.20000        4.08750        0.67332        1.06125        7.73384        0.01485        0.04079       -0.00043        3.81973       15.36648        0.00029        0.02267       21.23535        0.26563        1.74481        3.81753        9.34320        0.02138        0.03953        0.00220      300.00000      168.28841
   15    1    1     2458.11264     2286.05432      955.42643        2.93998       50.50902        0.00312        0.03293        0.41108       11.90000        0.91378        1.33137        0.40320        8.08435        0.01651        0.00624        0.00786        2.17053       46.68400        0.00266        0.02915       17.58563        0.10222        0.39200        2.15691        8.43116        0.01716        0.00130        0.01362      300.00000       57.95824
   16    1    1     1914.53318     3765.17667     1723.95048        1.38133       41.30828        0.00208        0.10714        0.37937       20.60000        2.39579        1.36312        0.37144        1.97952        0.00099        0.04854        0.00792        0.97664       23.56128        0.00067        0.02961       35.85392        0.56756        2.66836        0.96988        3.00848        0.00228        0.05189        0.00676      300.00000      146.57727
   17    1    1     2117.39819     3886.50770     1631.26126        5.49774      123.99648        0.01878        0.04335        0.43366       27.10000        2.67155        1.30755        0.42702        6.92817        0.01168        0.02976        0.00662        2.93533      122.80782        0.01832        0.04000       28.43613        0.51119        0.99250        2.90629        6.91167        0.01227        0.00671        0.02904      300.00000        8.94610
   18    1    1     4123.09254     2256.65051      316.89167        6.64330       67.72441        0.00560        0.00709        1.03231       22.90000        0.97133        0.70805        1.02651        4.27855        0.00461        0.00188        0.00584        1.31439       66.72196        0.00543        0.00735       22.92206        0.91667        0.47456        1.31471        4.20503        0.00439        0.00809       -0.00032      300.00000        5.73807
   19    1    0     1677.72150  3050795.25386  1010374.36744        7.72893      122.16684        0.01823        0.01229        1.70658       12.40000     2674.93470        0.02957        1.70500        0.65915        0.00011        0.00287        0.00157      520.82000        0.00000        0.00000        0.00000      110.73431        0.02130     2155.83717      520.82000        0.00000        0.00000        0.00000        0.00000      300.00000        0.00000
   20    1    1     3330.93203     2718.66975      822.80307        5.47594       69.92674        0.00597        0.01394        0.96401       26.30000        1.55198        0.77180        0.96277       10.45871        0.02685        0.00220        0.00139        0.57343       63.71689        0.00494        0.04450       22.64937        0.99537        1.71597        0.57099        2.54732        0.00163        0.00093        0.00244      300.00000        6.92434
   21    1    1     2954.60281     1820.46441      831.02197        5.62590       99.48767        0.01209        0.02610        0.46768        7.70000        0.04900        1.31685        0.41772       18.98954        0.09368        0.03170        0.05005        0.74763       93.31644        0.01057        0.02723        7.80457        0.70107        0.38666        0.69631       18.99984        0.08506        0.03887        0.05132      300.00000       43.53514
   22    1    1     2195.93839    99769.40501    42613.11985        5.61927      117.41349        0.01684        0.03649        0.68764       12.70000      101.93737        1.04830        0.68626        8.26638        0.01677        0.01586        0.00130       42.14165      121.35513        0.01798        0.04164       10.29984        0.00636       61.52075       42.13832        8.24482        0.01662        0.01430        0.00333      300.00000       11.14771
   23    1    1     2626.54456     1431.63170      659.25961        3.98758       56.46255        0.00389        0.02059        1.58629       14.20000        0.01450        0.16493        1.56964        2.54242        0.00165        0.05165        0.01662        1.60685       49.10813        0.00294        0.04421       12.70152        0.01709        0.10114        1.60546        4.36842        0.00468        0.06660        0.00139      300.00000       50.41766
   24    1    1     2652.90138     1497.41224      607.51340        6.53257      100.79252        0.01241        0.01667        0.45933        3.10000        0.01447        1.29689        0.43767       14.30373        0.05232        0.00374        0.02155        1.64756      100.66040        0.01235        0.01683        2.88705        0.00796        0.11628        1.62473       14.30429        0.05237        0.00248        0.02283      300.00000        0.52922
   25    1    1     1672.21827     1673.35946      857.76693        8.68273      137.39585        0.02306        0.00753        1.03613        6.60000        0.05284        0.69807        1.03649        6.59137        0.01079        0.00147       -0.00037        1.61146      137.61078        0.02310        0.00750        6.65132        0.04332        0.13354        1.61058        6.59147        0.01085        0.00012        0.00088      300.00000        0.66161
   26    1    1     1656.47371     1585.22185      614.26930        3.59506       97.69737        0.01166        0.07854        0.45653       26.30000        0.13321        1.28438        0.45018        5.28731        0.00705        0.00119        0.00639        0.32426      121.88152        0.01805        0.07913       23.88493        0.14127        1.40244        0.31958        4.23341        0.00451        0.00289        0.00469      300.00000       16.23161
   27    1    0     1124.79439  9649862.00095  3183197.78641        3.38743       60.67210        0.00450        0.03468        0.25974       21.60000     8295.16430        1.48511        0.24946       10.12262        0.02596        0.00149        0.01029     1015.01013        0.00000        0.00000        0.00000       46.18413        0.01309     7279.64523     1015.01013        0.00000        0.00000        0.00000        0.00000      300.00000        0.00000
   28    1    1      996.36985   559987.08773   215812.13133        0.87787       24.69255        0.00074        0.09588        0.74884       14.80000      544.73431        0.98559        0.74897        4.27212        0.00450        0.00415       -0.00367      254.83128       46.99803        0.00269        0.37930       33.67406        0.12838      291.22596      254.83159        2.30242        0.00132        0.00519       -0.00031      300.00000      145.80215
   29    1    1     2420.51438    85929.68704    35578.36741        0.77513       15.84317        0.00031        0.05072        0.16436       23.40000       87.28921        1.59635        0.13822        7.48663        0.01340        0.01888        0.02611       34.83264       25.03725        0.00077        0.03198       18.33101       13.28427       40.90149       34.83160       15.07619        0.05583        0.02628        0.00104      300.00000      143.09016
   30    1    1     2683.31256     1440.16631      605.04148        8.59820       87.97152        0.00945        0.00333        0.99901       22.70000        0.05026        0.75720        0.97736        6.40688        0.00984        0.01793        0.02158        0.94002       87.95630        0.00944        0.00332       22.72540        0.08379        0.77215        0.92894        6.40549        0.00993        0.02838        0.01107      300.00000        0.31457
   31    1    1     1726.20926     1865.15141      595.37090        0.62910       11.58699        0.00016        0.04127        1.63875       10.60000        0.34912        0.11244        1.62212       17.60641        0.07897        0.00081        0.01660        1.21769        4.75094        0.00003        0.09924       11.65248        0.38612        0.45183        1.21440       14.06885        0.04839        0.01825        0.00328      300.00000      165.96421
   32    1    1    11560.47898     1844.85646      716.17746        1.43849       41.64192        0.00212        0.10023        1.35085        6.80000        0.21875        0.38324        1.35133       18.91160        0.08870        0.01426       -0.00051        0.61688       48.49933        0.00287        0.01268       55.17288        0.15150        1.36669        0.60629        3.40261        0.00280        0.00472        0.01059      300.00000       63.16370
   33    1    1     2653.32683     1454.27485      571.76484        6.39368      105.47853        0.01359        0.01965        1.17461        3.20000        0.03460        0.56463        1.16994        2.19450        0.00121        0.01044        0.00462        1.09199      108.36913        0.01432        0.01843        4.57734        0.08714        0.60330        1.07928        2.17853        0.00115        0.00240        0.01271      300.00000       10.11655
   34    1    1     2379.91686     1607.23872      608.56432        5.67581      115.15159        0.01619        0.03408        0.64622       12.20000        0.08932        1.15820        0.57636        7.99467        0.01674        0.00917        0.06980        0.73334      116.69218        0.01660        0.03421       11.08486        0.04600        1.12304        0.65352        8.18764        0.01560        0.00114        0.07982      300.00000       16.66115
   35    1    1     6730.90715     4398.09078     1043.50823        4.62542       37.93849        0.00176        0.00646        1.43754       31.80000        3.39183        0.32698        1.40758       14.07703        0.04725        0.09744        0.02997        1.46306       40.67115        0.00202        0.00899       33.79971        2.28447        1.39418        1.45213       12.66949        0.03885        0.11769        0.01093      300.00000       48.69422
   36    1    1     1260.14733     2148.65139      926.77835        3.00220      110.09523        0.01480        0.14944        0.09007       16.40000        0.41312        1.64770        0.08687        3.65495        0.00335        0.01704        0.00321        1.14538      134.60990        0.02191        0.13375       22.30727        0.16813        0.82779        1.14470        8.67888        0.01880        0.01976        0.00068      300.00000       32.88427
   37    1    1     4839.54916     3591.68515     1740.61806        3.75216       33.86741        0.00140        0.00855        0.00224       12.70000        2.67818        1.73292        0.00165        4.45564        0.00488        0.00023        0.00061        0.58314       24.64818        0.00074        0.02553        5.01207        0.42629        3.39129        0.58284        1.96873        0.00095        0.00046        0.00030      300.00000       37.14881
   38    1    1     1877.45066     1852.89407      714.45217        1.76004       29.41892        0.00106        0.03307        1.46869       30.00000        0.32931        0.26748        1.46708        8.27464        0.01679        0.00178        0.00163        0.91774       58.85696        0.00420        0.05926       20.42855        0.35914        0.76236        0.91830        6.77362        0.01137        0.00411       -0.00056      300.00000      108.93096
   39    1    1     3279.95175     1714.44905      705.17884        0.90980       11.31525        0.00016        0.01874        1.60461       16.40000        0.48397        0.12957        1.60499        7.25601        0.01308        0.00079       -0.00045        1.77413       40.45595        0.00200        0.01209       13.00868        0.09264        0.36556        1.77389        4.16515        0.00432        0.00016        0.00024      300.00000       92.45590
   40    1    1     3359.20257     7668.81456     3396.92562        4.76866       72.84535        0.00648        0.02202        1.40609       21.50000        7.00628        0.34569        1.38888       11.91414        0.03618        0.00223        0.01721        5.12910       70.04152        0.00598        0.01822       19.48718        0.25600        3.37187        5.10927       13.08462        0.04372        0.00009        0.01984      300.00000       23.03279
   41    1    1     1807.99109    59665.59407    25665.55149        0.96251       17.61246        0.00038        0.04052        0.83075       16.90000       61.02589        0.90382        0.83074        8.25769        0.01698        0.01287        0.00003       14.43109       37.48627        0.00171        0.08009       27.01675        0.10947       48.12414       14.43038       16.12698        0.06395        0.02073        0.00071      300.00000      165.35669
   42    1    1     2233.25112     1546.33420      647.23581        7.04098      119.47599        0.01743        0.01773        0.81958       15.70000        0.12813        0.91620        0.81837        7.25593        0.01293        0.01823        0.00123        0.79292      119.35207        0.01734        0.01753       15.86030        0.08359        1.00343        0.77594        7.26536        0.01345        0.00199        0.01698      300.00000        1.64312
   43    1    1     1451.49803     1759.17577      643.70574        1.84855       53.96873        0.00356        0.10054        0.18392        4.80000        0.23225        1.55287        0.18169        9.69714        0.02356        0.00281        0.00225        1.54534       52.89651        0.00340        0.07158       36.69250        0.15161        0.30490        1.54314        8.91760        0.01948        0.00321        0.00220      300.00000      106.07656
   44    1    1     1741.38805     3869.48030     1889.04315        8.13900      145.43759        0.02583        0.01316        0.22074        8.20000        2.35206        1.52237        0.21219       16.51045        0.06892        0.00118        0.00856        3.67292      144.99446        0.02563        0.01309        8.54643        0.01021        0.40402        3.67268       16.51052        0.06714        0.01126        0.00024      300.00000        0.79026
   45    1    1     1889.45237     1560.23022      636.15797        6.15634      142.12243        0.02467        0.04042        0.27214        4.50000        0.07964        1.46192        0.27265        6.04386        0.00906        0.03265       -0.00052        0.80179      143.39899        0.02507        0.03903        6.40612        0.23934        0.80074        0.77518        6.03301        0.00870        0.00582        0.02661      300.00000        4.78116
   46    1    1     2534.32494     1706.57398      481.13164        0.56665        7.21400        0.00006        0.01973        1.36894       24.70000        0.31636        0.40401        1.33055        7.35128        0.01282        0.00041        0.03842        1.21411        6.34297        0.00005        0.02979       19.65371        0.46658        0.35817        1.21432        8.37378        0.01731        0.03632       -0.00021      300.00000      158.38203
   47    1    1     2331.71985    10244.53486     4836.39028        2.73144       54.67775        0.00365        0.04529        0.52656       20.40000       10.34923        1.21415        0.52042        9.68483        0.02365        0.00202        0.00617        4.74667       72.83993        0.00646        0.02814       25.64595        0.17227        7.18820        4.73712        9.27807        0.02087        0.00191        0.00955      300.00000       45.11636
   48    1    1     3016.46272   164922.03392    63660.82601        6.36207       92.06420        0.01035        0.01522        0.91603        8.60000      165.64755        0.82186        0.91270        5.16822        0.00671        0.00552        0.00326       84.24648       90.82522        0.01007        0.01554        6.59519        0.00166       83.13385       84.24686        5.24557        0.00683        0.00926       -0.00038      300.00000        7.39565
   49    1    1     1358.50298    23107.53606    10665.12339        3.56590      118.90646        0.01727        0.11853        1.45594       30.90000       24.16138        0.28886        1.44571       10.08699        0.02577        0.02487        0.01024        1.58463      113.24126        0.01564        0.11620       35.72900        0.98806       23.37773        1.55728        6.20877        0.00990        0.00047        0.02735      300.00000       29.48823
   50    1    1     2131.04019    12365.55172     5746.73567        6.00287      132.31590        0.02138        0.03796        0.91774       23.80000       12.54708        0.81740        0.91716       10.02019        0.02505        0.00114        0.00052       11.75991      130.30052        0.02069        0.03551       25.07515        0.07554        2.45005       11.75876       10.08771        0.02499        0.00105        0.00115      300.00000       12.15227
   51    1    1     1762.05711    27533.99288    12109.76114        4.66026      136.65285        0.02281        0.08221        0.02911       33.20000       28.37387        1.71101        0.02355        9.44979        0.02250        0.00716        0.00561       23.15285      139.90003        0.02386        0.07052       37.18661        0.24211        6.72434       23.15276        9.67538        0.02306        0.01194        0.00009      300.00000       17.69486
   52    1    1     2247.02770     1496.62015      644.63142        4.17024       75.87284        0.00703        0.03340        1.08086       18.50000        0.04910        0.65324        1.08132        6.79004        0.01141        0.00137       -0.00056        1.37753       69.58636        0.00591        0.04075       18.16365        0.03214        0.37488        1.37698        4.53038        0.00512        0.00009        0.00055      300.00000       35.04157
   53    1    1     2607.68936     5347.76203     2327.90336        3.69241       68.43414        0.00572        0.03623        1.66233       16.90000        4.63731        0.07440        1.66017        8.09775        0.01643        0.02748        0.00214        2.00919       90.01087        0.00988        0.02948       26.70849        0.03845        4.34770        2.00108        0.93267        0.00022        0.02499        0.00811      300.00000        4.67885
   54    1    1     1951.29712     1620.02115      533.97453        6.68492      141.74193        0.02454        0.03037        0.54674        8.60000        0.23467        1.18974        0.54482        4.73181        0.00561        0.00000        0.00192        1.48503      142.83554        0.02486        0.02951        9.36546        0.19039        0.29527        1.48428        4.68815        0.00549        0.00112        0.00075      300.00000        4.96150
   55    1    1     1444.05839  1241124.67474   431226.93700        0.41765        7.64531        0.00007        0.04086        0.23785        4.80000     1146.99150        1.50759        0.22697       17.37553        0.07652        0.00139        0.01081        0.97233       41.02311        0.00205        0.10996       18.42947        3.85464     1143.92633        0.96266       13.94703        0.04924        0.01605        0.00967      300.00000      155.17138
   56    1    1     1573.59443  2074847.59919   673082.36564        2.70184       48.80034        0.00291        0.03694        1.48703       33.10000     1844.85605        0.25510        1.47946        9.30381        0.02186        0.00211        0.00753      107.40561       66.87996        0.00546        0.12619       58.84315        3.19022     1735.89178      107.40272       12.87354        0.04158        0.00102        0.00288      300.00000      103.86312
   57    1    1     1794.49373     3265.04008     1504.22084        3.45225       79.61755        0.00774        0.05722        0.86440       26.30000        1.75760        0.88716        0.84740       13.21150        0.04448        0.00468        0.01698        1.51022       98.19328        0.01174        0.07950        7.96563        0.04653        1.91713        1.49334       14.54552        0.05093        0.00722        0.01688      300.00000       32.05476
   58    1    1     2518.69553     1738.78585      667.54380        4.36633       75.79035        0.00702        0.02978        1.39934       13.60000        0.26560        0.36811        1.36646        9.48295        0.02141        0.01553        0.03283        1.05931       71.03896        0.00615        0.02368       16.75191        0.36324        0.59630        1.04521       10.14980        0.02619        0.03192        0.01410      300.00000       26.26999
   59    1    1     2111.25025     1631.62516      619.28719        5.41206      124.13915        0.01882        0.04544        1.29998       34.00000        0.06758        0.43572        1.29885       10.86748        0.02952        0.00272        0.00111        1.20944      125.88147        0.01935        0.04676       32.34702        0.13297        0.45387        1.20974       11.54471        0.03314        0.00424       -0.00029      300.00000       14.68148
   60    1    1     1872.06143    25330.76071    11334.03060        0.13148        1.67877        0.00000        0.01991        0.25180        4.10000       26.84619        1.48335        0.25121        6.40069        0.01008        0.00495        0.00057        9.07557       41.42455        0.00209        0.16928       36.21418       17.21621        2.14385        9.07096        5.97491        0.00898        0.00031        0.00460      300.00000      155.80621
   61    1    1     1378.02231   205793.45206    78542.78086        7.87084      189.66428        0.04393        0.02698        0.30351       33.20000      204.93917        1.43867        0.29589        4.41881        0.00474        0.00365        0.00764        9.95119      189.76608        0.04397        0.02702       33.22100        5.28792      191.44389        9.94191        4.41768        0.00494        0.00172        0.00928      300.00000        0.12070
   62    1    1     1431.44057     2346.86766     1206.35753        8.73688      160.46342        0.03145        0.00975        0.22071        7.50000        0.74961        1.51933        0.21524        0.80754        0.00016        0.00685        0.00536        1.34669      160.69914        0.03152        0.00968        7.56965        0.03901        1.11079        1.33442        0.81061        0.00017        0.00000        0.01227      300.00000        0.29904
   63    1    1     2167.06223     1680.05049      592.64041        2.46520       42.70328        0.00223        0.03442        0.52755        9.00000        0.27376        1.22443        0.51014        5.05044        0.00650        0.02473        0.01731        0.89658       58.95667        0.00424        0.02581       18.26392        0.18207        0.94095        0.89712        1.87197        0.00087        0.04311       -0.00054      300.00000       84.26345
   64    1    1     2686.34637     4590.84669     2187.03847        6.81031      100.21003        0.01226        0.01418        0.78159       19.50000        3.40885        1.00483        0.72973        6.82280        0.01210        0.03718        0.05184        3.59375      100.53921        0.01232        0.01369       19.75329        0.11513        1.44008        3.58869        6.82141        0.01171        0.08433        0.00506      300.00000        0.27900
   65    1    1     1047.16173     1679.48868      698.71141        8.46132      232.33578        0.06593        0.02616        0.13425        1.80000        0.03199        1.60292        0.13164       12.55005        0.03950        0.00650        0.00260        0.51175      232.17934        0.06577        0.02627        1.86246        0.01063        1.24368        0.51225       12.55028        0.03899        0.01015       -0.00050      300.00000        0.06158
   66    1    1     2601.58415     1566.30730      617.51578        0.75825       16.47564        0.00033        0.05733        0.21167       13.20000        0.04298        1.54323        0.19133        5.36835        0.00736        0.00219        0.02041        0.96972       34.68534        0.00146        0.01255        8.70215        0.08474        0.73580        0.94664       15.58035        0.05815        0.00266        0.02307      300.00000      116.75864
   67    1    1     5372.10933     1558.20703      613.30500        2.64571       52.74885        0.00340        0.04515        0.99231       16.40000        0.02316        0.86547        0.86910        4.79397        0.00526        0.00039        0.12314        0.80977       37.93102        0.00176        0.00346       21.90293        0.06355        0.96466        0.73526       13.31593        0.04653        0.04542        0.07452      300.00000       10.80878
   68    1    0      755.56933 26623991.36460  9069947.11283        0.77739       16.94913        0.00035        0.05771        0.93698       48.30000    23029.28115        0.81975        0.91482       21.08530        0.11373        0.00072        0.02214     2733.66076        0.00000        0.00000        0.00000       62.30948        0.03175    20297.57175     2733.66076        0.00000        0.00000        0.00000        0.00000      300.00000        0.00000
   69    1    1     2439.63210     6622.93343     3271.58010        2.04415       50.38688        0.00310        0.07111        0.08171       20.00000        6.08440        1.66936        0.06521        5.47535        0.00722        0.02776       -0.20465        4.59901       43.75287        0.00232        0.03890       33.84174        0.15084        3.12735        4.57143        4.89425        0.00572        0.02051        0.02758      300.00000       77.39684
   70    1    1     2574.44855     2392.88272      572.59586        8.94970       84.74528        0.00877        0.00218        1.27689       20.20000        1.09846        0.45863        1.27593       14.69392        0.05394        0.00186        0.00100        0.94008       84.36024        0.00868        0.00227       20.20222        0.77036        1.12203        0.94062       14.69388        0.05349        0.00381       -0.00054      300.00000        0.17288
   71    1    1     1102.93588     2094.54757      714.62199        1.39140       48.05133        0.00282        0.14284        0.71558       22.90000        0.25066        1.03570        0.69887       18.19945        0.08438        0.02907        0.01664        0.78790        8.22804        0.00008        0.22150       36.11964        1.11945        0.11217        0.74082        7.77927        0.01429        0.00566        0.04708      300.00000      152.27651
   72    1    1     5363.30334     1827.54908      638.53624        3.91708       53.23996        0.00346        0.01910        0.96023       11.30000        0.43287        0.77378        0.96079       10.44333        0.02701        0.02672       -0.00051        1.20009       65.39484        0.00522        0.00993       15.57144        0.48356        0.50814        1.18211       10.42857        0.02616        0.01006        0.01799      300.00000       92.42338
   73    1    1     2941.08747     1853.21415      489.19003        5.97795       91.34956        0.01019        0.01833        1.64118       15.50000        0.42360        0.10512        1.62944        1.66686        0.00070        0.00460        0.01165        1.18636       95.25159        0.01106        0.01884       14.57084        0.47804        0.49783        1.18086        1.79849        0.00079        0.01083        0.00550      300.00000        9.71212
   74    1    1     2246.80201     2424.10794     1074.54989        2.72110       46.87298        0.00268        0.03356        1.38926       20.00000        1.04836        0.35763        1.37694        6.68113        0.01079        0.01559        0.01226        0.11046       59.68068        0.00434        0.03090       22.52453        1.55580        1.14475        0.08561        6.24693        0.01000        0.00162        0.02485      300.00000       80.43902
   75    1    1     1757.49784     4405.59113     1475.76748        4.54019      121.55080        0.01804        0.06949        0.93580       26.90000        3.29385        0.79858        0.93599       15.60512        0.06056        0.00152       -0.00022        2.04563      115.07467        0.01617        0.05813       25.80221        1.45334        1.53325        2.04579       16.78129        0.07006        0.00128       -0.00016      300.00000       11.35073
   76    1    1     2559.30555     3132.30402     1037.19848        4.99857       77.48832        0.00733        0.02202        1.24875       28.90000        1.98051        0.48707        1.24749        5.83011        0.00835        0.00752        0.00126        1.55182       80.98599        0.00796        0.03339       23.98970        1.41189        0.75017        1.54260        5.09244        0.00629        0.00004        0.00922      300.00000       22.70246
   77    1    1     3509.15171     2487.66396      572.33820        2.94315       31.67768        0.00123        0.01292        1.62182       18.90000        1.23944        0.11244        1.62212       10.96815        0.02991        0.06737       -0.00029        1.48397       43.81547        0.00234        0.01378       25.09367        0.59278        0.95990        1.43209        8.00353        0.01666        0.01570        0.05188      300.00000       64.69195
   78    1    1     5980.19038     1850.13259      868.92310        3.95599       52.58718        0.00338        0.01820        0.24870       12.80000        0.32017        1.50847        0.22610        9.23409        0.02182        0.00010        0.02262        0.55276       47.00781        0.00270        0.00507       26.68566        0.06315        1.47805        0.54296        4.82673        0.00590        0.01324        0.00980      300.00000       62.56849
   79    1    1     3716.58979     1794.84733      725.82268        1.39451        8.55909        0.00009        0.00451        0.32753       13.00000        0.29678        1.41810        0.31647       15.07898        0.05503        0.00087        0.01101        0.29295       38.42285        0.00180        0.01657       27.60510        0.36778        1.40371        0.29334        6.41178        0.01016        0.00994       -0.00039      300.00000      127.09566
   80    1    1     1620.59466     3072.59210     1252.89176        0.23919        7.26576        0.00006        0.11263        0.37296       20.90000        1.53553        1.36156        0.37301       12.53175        0.03908        0.01550       -0.00004        1.64224       33.22770        0.00134        0.03810       40.55023        0.38585        1.30516        1.62629       16.35832        0.06447        0.00015        0.01596      300.00000      144.72550
   81    1    1     5868.50038     1703.18667      579.26582        4.44838       56.09437        0.00384        0.01558        1.56013       13.60000        0.22885        0.17417        1.56040       10.32871        0.02634        0.00424       -0.00031        1.26960       51.95423        0.00329        0.00949       13.31166        0.23010        0.46791        1.26962       10.79621        0.02875        0.00402       -0.00002      300.00000      134.84005
   82    1    1     1941.57135     1673.32657      592.22352        1.79546       39.01703        0.00186        0.05582        0.83522       15.40000        0.01231        0.90421        0.83035       22.22593        0.12046        0.00421        0.00490        1.22226       47.20404        0.00271        0.05338        9.52981        0.00671        0.51516        1.21665       22.98903        0.13316        0.00070        0.00561      300.00000      107.24466
   83    1    1     2453.89014     9422.60281     4180.36445        8.31637       99.71724        0.01214        0.00541        0.68914       27.80000        8.99499        1.04622        0.68835        7.77984        0.01488        0.00040        0.00072        2.87612       99.95195        0.01219        0.00537       27.78002        1.35406        6.50015        2.87534        7.78173        0.01512        0.00019        0.00079      300.00000        1.22141
   84    1    1     2293.53146     2061.40262      706.56670        6.85248      121.61573        0.01806        0.02041        1.20525       17.20000        0.52261        0.52880        1.20577       15.95744        0.06317        0.00000       -0.00048        0.85798      122.55969        0.01830        0.01984       17.39624        0.88464        0.51433        0.85858       15.95722        0.06307        0.00013       -0.00059      300.00000        5.55145
   85    1    1     1651.57348    16366.76175     7730.77354        7.93901      156.93961        0.03008        0.01765        1.00090       10.30000       16.56891        0.73312        1.00145       12.40403        0.03817        0.00579       -0.00056        1.68725      156.53831        0.02992        0.01789       10.17760        4.99981       11.61830        1.68525       12.40360        0.03771        0.00376        0.00200      300.00000        0.63074
   86    1    1     1852.05589     1885.63334      781.22816        3.74901       91.05904        0.01013        0.06192        0.36321       22.00000        0.31569        1.38134        0.35322       10.23114        0.02651        0.02993        0.01005        0.40924       93.79000        0.01074        0.05586       24.80650        1.17646        0.50888        0.36972       10.23025        0.02482        0.00274        0.03952      300.00000       25.29355
   87    1    1     3431.90749     1480.72560      590.04213        1.15175       16.45844        0.00033        0.02461        1.63258       10.50000        0.13298        0.10846        1.62611        4.67625        0.00532        0.00002        0.00653        1.08505       22.19987        0.00060        0.00728       23.07128        0.16250        0.64446        1.07932        4.16732        0.00438        0.00003        0.00573      300.00000      115.16915
   88    1    1     1870.03064     1558.34205      578.87105        6.79963      147.32435        0.02651        0.03083        0.76539       11.50000        0.12253        0.98964        0.74492        2.69644        0.00186        0.00259        0.02045        1.26833      147.74732        0.02659        0.03050       11.72465        0.03418        0.56987        1.25333        2.68316        0.00183        0.00804        0.01500      300.00000        3.28098
   89    1    1     2918.30330   942807.68456   352524.59366        5.10224       65.60239        0.00526        0.01493        0.59155       17.00000      880.94308        1.16095        0.57361       10.35096        0.02577        0.00211        0.01802      389.54610       81.69231        0.00815        0.03712       22.38467        1.98400      491.13159      389.53222       12.37284        0.03695        0.00008        0.01388      300.00000       16.47463
   90    1    1     1942.76700     1497.89333      603.60833        6.92523      140.60238        0.02414        0.02620        0.83625        5.50000        0.00316        0.90421        0.83035       11.58321        0.03267        0.00151        0.00589        0.40333      142.05563        0.02456        0.02601        5.16705        0.02275        1.31140        0.40339       11.58349        0.03308        0.00702       -0.00006      300.00000        2.42671
   91    1    1     2095.40031     2154.41244      863.69768        3.85513       81.59465        0.00813        0.04658        1.12137       20.40000        0.63529        0.68008        1.05448       12.69083        0.03768        0.01268        0.06677        2.01265       78.03732        0.00742        0.05227       28.37293        0.14642        0.29649        1.95067        6.88317        0.01237        0.01419        0.06198      300.00000       32.95036
   92    1    1     3299.08963    10825.39913     4973.40949        3.70298       67.45706        0.00556        0.03497        0.64280       11.90000       10.85682        1.10533        0.62923        7.70348        0.01433        0.00886        0.01355        1.22609       32.74446        0.00131        0.01042       28.61779        0.34473       11.04480        1.19225        6.32321        0.01030        0.03098        0.03385      300.00000       41.45951
   93    1    1     1469.02854   396879.08797   155853.43662        0.12344        2.71693        0.00001        0.05916        1.14803       28.50000      388.38083        0.63323        1.10134       15.46156        0.05647        0.00898        0.04670       11.18605       44.98596        0.00247        0.09712       31.87101        0.07129      378.84557       11.13023       17.42694        0.07910        0.00513        0.05583      300.00000      150.57668
   94    1    1     3130.67788     1661.37555      773.46989        6.23992       85.30735        0.00889        0.01394        0.79981        8.50000        0.16246        0.94719        0.78738        7.47581        0.01419        0.00880        0.01241        1.00926       84.86509        0.00877        0.01370        8.85896        0.13847        0.76341        0.99546        7.48281        0.01423        0.00743        0.01380      300.00000        0.72922
   95    1    1     4711.00557     1605.05974      801.47700        1.76350       19.77027        0.00048        0.01487        0.92598        7.60000        0.06641        0.81034        0.92423        4.60714        0.00531        0.00546        0.00183        1.29162       20.58052        0.00052        0.00362        9.91263        0.04405        0.47650        1.28574        6.82135        0.01173        0.00080        0.00588      300.00000       98.30144
   96    1    1     2560.90783     2943.23522     1263.31826        5.25440      105.30215        0.01354        0.03551        0.58783       19.40000        1.52209        1.14631        0.58825       10.27232        0.02621        0.03850       -0.00045        1.83235      105.70951        0.01358        0.03536       20.90417        0.49199        0.94196        1.82587        9.65005        0.02349        0.03128        0.00648      300.00000       31.08015
   97    1    1     1329.72645     2811.71961      528.63386        8.36456      186.02009        0.04226        0.01814        1.23652       27.70000        1.48878        0.51195        1.22262        8.73619        0.01940        0.00739        0.01387        1.59687      185.93428        0.04201        0.01849       27.65166        1.17404        0.47049        1.57867        8.73709        0.01947        0.00308        0.01820      300.00000        0.35532
   98    1    1     3564.35598     4598.41946     2216.08997        7.58085       74.74681        0.00682        0.00505        0.89577       19.90000        3.63804        0.83859        0.89597        1.60783        0.00064        0.00942       -0.00017        2.33909       74.99887        0.00686        0.00495       19.87508        0.08897        2.95266        2.33100        1.63112        0.00067        0.00112        0.00809      300.00000        0.31456
   99    1    1     2356.46984     1551.94930      561.74442        6.02683      116.10895        0.01647        0.02887        1.45579       23.80000        0.19061        0.27839        1.45617        2.37252        0.00140        0.00168       -0.00036        1.06522      115.72608        0.01631        0.02824       24.12447        0.25761        0.60256        1.06573        2.40009        0.00143        0.00182       -0.00051      300.00000        9.04359
  100    1    1     4765.05924     2640.60908     1040.75433        6.20445       71.79993        0.00630        0.01006        1.20802       17.70000        1.40890        0.61489        1.11968        5.16880        0.00620        0.01400        0.08833        1.98028       71.16415        0.00617        0.01175       16.60352        0.09578        1.09410        1.95152        5.37294        0.00742        0.07285        0.02876      300.00000       53.93233
