    1    1    0     1797.41828  2148409.79595  3937481.93645        0.43438        7.49188        0.00007        0.03626        1.27535       24.00000        0.14374        0.51680        1.21777        9.46968        0.02107        0.00307   -33197.32626    -2788.47662        0.00000        0.00000        0.00000       27.45839        0.51614     2790.48257    -2788.47662        0.00000        0.00000        0.00000        0.00000      300.00000        0.00000
    2    1    1    10050.67914    24518.15985    10132.55766        0.48659        5.68716        0.00004        0.01664        1.11837       24.00000       25.31524        0.61750        1.11707        6.23129        0.00971        0.11044    -3334.89456       20.30839       11.45817        0.00016        0.01660       21.18817        0.59643        6.14679       20.30833        8.43411        0.01753        0.10206        0.00005      300.00000       97.70695
    3    1    1     2362.04344    10549.41075     4738.84807        4.03436       68.76872        0.00578        0.02971        0.24681       37.60000       10.42762        1.48970        0.24487       11.11073        0.03026        0.01325        0.00186        5.50751       75.70188        0.00698        0.04576       37.31579        0.73459        5.92001        5.49242        8.95233        0.01932        0.00893        0.01510      300.00000       19.33467
    4    1    1     2912.86466     3546.86613     1517.35604        4.63191       89.62224        0.00981        0.03591        0.29383       13.10000        2.58364        1.44273        0.29183       11.50209        0.03314        0.00016        0.00201        1.56469       81.18038        0.00804        0.03118       19.36903        0.02282        2.74319        1.56398       10.49901        0.02710        0.00218        0.00072      300.00000       52.73228
    5    1    1     2602.91879     1584.92906      621.62211        1.20271       33.08560        0.00134        0.09109        1.28686        7.80000        0.05358        0.47093        1.26363        8.19574        0.01720        0.00003        0.02327        0.65524       35.53613        0.00154        0.00954       31.19262        0.05593        1.15081        0.63919       12.53364        0.03784        0.01013        0.01605      300.00000      101.16057
    6    1    1     1350.30891    23149.28728    11616.65169        3.04032       91.94545        0.01033        0.10138        0.31560       36.20000       25.19415        1.42672        0.30785       13.92851        0.04713        0.01849        0.00772        8.53545       44.75516        0.00244        0.06633       29.95219        0.31084       18.08977        8.50444       21.38407        0.10897        0.00001        0.03101      300.00000      100.02615
    7    1    1     2740.00422     5694.39883     2605.33383        4.74977       58.43841        0.00417        0.01432        1.12025       31.40000        4.88314        0.62161        1.11296        2.76752        0.00186        0.00021        0.00726        3.44319       76.48095        0.00714        0.06606       26.31228        0.65241        2.47317        3.43780        3.25719        0.00267        0.00091        0.00539      300.00000       23.00414
    8    1    1     2027.80254     9315.28503     3928.69798        4.33045       91.65331        0.01026        0.04445        1.18006       26.20000        9.31651        0.61240        1.12216        5.13997        0.00621        0.01712        0.05784        9.90354       88.55473        0.00957        0.04307       27.37656        0.48233        0.66209        9.90358        7.76526        0.01487        0.07154       -0.00004      300.00000       26.21144
    9    1    1     1005.98556     4107.13906     2090.01393        8.79568      225.03809        0.06185        0.01810        1.15292       12.90000        2.77175        0.61614        1.11842        7.13235        0.01311        0.00021        0.03458        1.19698      225.00869        0.06171        0.01821       12.92261        0.29562        3.04615        1.16457        7.13272        0.01310        0.00231        0.03241      300.00000        0.10934
   10    1    1     4929.28976     1760.04232      619.47592        5.71268       63.55525        0.00493        0.01018        1.52744        6.90000        0.43950        0.22131        1.51325        9.32882        0.02100        0.05428        0.01418        1.19082       75.73826        0.00699        0.01329       17.76432        0.19967        0.83976        1.14362        5.54071        0.00796        0.02016        0.04720      300.00000       95.36494
   11    1    1     3267.23711     1973.61965      676.80550        4.08019       50.99052        0.00318        0.01590        1.16549       10.90000        0.51338        0.56986        1.16471       17.23359        0.07417        0.00212        0.00086        1.76788       46.49649        0.00263        0.02100       13.70007        0.27933        0.20496        1.76251       16.72254        0.06814        0.00016        0.00537      300.00000       26.03010
   12    1    1     4110.02862    10198.26798     4714.79814        3.84467       30.79886        0.00116        0.00668        0.74451       24.40000       10.17615        1.00914        0.72543        7.39575        0.01396        0.00005        0.01913        2.35906       21.02298        0.00054        0.00975       23.31792        5.55973        3.95033        2.34624       16.53579        0.06943        0.00278        0.01282      300.00000      144.18716
   13    1    1     1726.02007     1663.37809      659.87459        7.12093      155.89406        0.02968        0.02885        1.50307       11.00000        0.14778        0.24127        1.49330        5.23844        0.00695        0.01193        0.00984        0.75913      155.45545        0.02943        0.02927       10.87470        0.46995        0.67465        0.73760        5.20925        0.00694        0.00016        0.02154      300.00000        0.60029
   14    1    1     2020.47643     4903.24389     2078.23693        2.77082       66.34010        0.00538        0.06464        0.40865       23.00000        3.84984        1.33378        0.40079        6.70340        0.01135        0.00240        0.00790        3.47022       68.35152        0.00569        0.04146       21.26471        0.38821        1.75057        3.46473        8.18898        0.01634        0.00356        0.00549      300.00000       42.81741
   15    1    1     2494.08363     7140.71372     3183.62547        2.67154       48.08516        0.00282        0.03674        1.69900       24.80000        6.65706        0.03497        1.69960        4.47971        0.00497        0.00015       -0.00053        1.96409       48.67128        0.00289        0.01971       29.25905        1.18019        5.25854        1.96409        6.25828        0.00975        0.00054       -0.00000      300.00000       70.58135
   16    1    1     1988.35381     2637.46349     1270.53241        0.63162       16.00948        0.00031        0.07815        0.90470       16.00000        1.02287        0.84193        0.89263       12.07117        0.03698        0.00334        0.01212        0.68272       27.81449        0.00094        0.02476       13.78814        0.07808        2.00469        0.68193       18.24009        0.08178        0.01532        0.00079      300.00000      137.00418
   17    1    1     2100.75874     1685.00102      756.83111        4.79244      114.25364        0.01594        0.05347        1.09391       10.10000        0.09204        0.64927        1.08529        6.72546        0.01098        0.00727        0.00863        0.50450      117.90983        0.01690        0.05973       10.85965        0.32798        0.99442        0.50500        3.60933        0.00322        0.01613       -0.00050      300.00000       25.20979
   18    1    1     2908.08096     1410.63186      687.94635        4.53922       84.12490        0.00864        0.03331        0.63014       10.00000        0.00628        1.10465        0.62991        1.92698        0.00091        0.00162        0.00024        0.97308       87.58004        0.00932        0.02769       10.14669        0.00604        0.76211        0.97296        5.01725        0.00627        0.00104        0.00012      300.00000       26.56156
   19    1    1     3758.63162     2727.78480     1224.80445        4.81569       58.71358        0.00421        0.01394        0.98978       21.30000        1.39806        0.74873        0.98584        8.80961        0.01951        0.04846        0.00397        1.43013       68.07347        0.00566        0.01857       27.99522        0.14998        1.56329        1.42838        3.97307        0.00395        0.05112        0.00175      300.00000       40.86855
   20    1    1     2850.89293     1613.76410      677.17048        7.43766       93.43167        0.01066        0.00861        1.34789       31.50000        0.04818        0.40133        1.33324        9.42015        0.02140        0.02424        0.01464        0.98021       93.40664        0.01065        0.00865       31.50254        0.04916        0.77945        0.95415        9.42018        0.02122        0.01298        0.02606      300.00000        0.68741
   21    1    1     1463.62103     3883.16203     1945.12269        8.78362      153.32659        0.02871        0.00850        0.36572       15.10000        2.38937        1.40912        0.32545       14.87168        0.05719        0.00161        0.04027        0.44178      153.24428        0.02867        0.00848       15.15713        0.26300        3.44028        0.42074       14.87156        0.05653        0.02147        0.02104      300.00000        0.57430
   22    1    1     1627.53594     1833.09979      547.13445        4.61373      150.60522        0.02770        0.10244        0.99548       18.50000        0.21570        0.76861        0.96595       15.03252        0.05390        0.00292        0.02949        1.22828      145.88464        0.02595        0.10658       15.26054        0.27067        0.44541        1.22870       15.43216        0.05911        0.03075       -0.00042      300.00000       31.51265
   23    1    1     2346.33840     2355.81604      761.55573        0.83886       12.50244        0.00019        0.02694        1.65695       34.30000        1.09610        0.09604        1.63853        4.39721        0.00493        0.00316        0.01845        1.43807       20.87572        0.00053        0.02841       19.63335        0.32849        1.06435        1.41829        9.19398        0.02030        0.00417        0.01978      300.00000      145.51880
   24    1    1     2622.97333     2124.52357      500.90169        4.04163       76.14157        0.00708        0.03627        1.44447       25.00000        0.71582        0.29288        1.44168        6.51561        0.01039        0.01368        0.00270        1.43647       53.98767        0.00355        0.01564       19.73872        0.87744        0.12731        1.43636       13.38823        0.04464        0.01554        0.00012      300.00000       44.09733
   25    1    1     2746.16853   281591.36147   111607.43211        5.93359      100.69559        0.01238        0.02279        0.49593        9.70000      279.05670        1.25906        0.47551        2.56788        0.00158        0.00337        0.02051       41.84955      102.18565        0.01275        0.02435        8.24131        0.02104      238.94204       41.82650        2.36664        0.00134        0.00082        0.02305      300.00000       15.31541
   26    1    1     1417.58506     2056.80939      658.98057        7.72542      185.80553        0.04216        0.02848        1.58130       30.90000        0.46693        0.15601        1.57856       11.27204        0.03109        0.00506        0.00273        1.46234      185.90127        0.04209        0.02812       31.04826        0.49685        0.24267        1.46245       11.27310        0.03134        0.00763       -0.00011      300.00000        0.41850
   27    1    1     1753.04047     6805.37144     3037.79342        5.46728      147.34284        0.02651        0.06219        0.67858       35.40000        5.98074        1.05687        0.67770        8.79357        0.01900        0.00030        0.00092        1.09748      150.62056        0.02769        0.06744       33.12461        1.22550        5.38460        1.09672        9.22927        0.02094        0.00053        0.00076      300.00000       12.17314
   28    1    1     2190.01121     1710.64566      725.11811        0.62612       11.11011        0.00015        0.03830        1.15792       24.90000        0.06438        0.57611        1.15845       14.48430        0.05200        0.04586       -0.00052        0.12482       31.00396        0.00117        0.03165       30.24735        1.08400        0.65875        0.08039       11.63671        0.03202        0.00233        0.04443      300.00000      147.74116
   29    1    1     1802.17671     1580.71111      599.70295        8.35781      135.57132        0.02245        0.00969        0.93600        7.90000        0.18064        0.80031        0.93425       11.40842        0.03258        0.04730        0.00175        0.52111      135.86319        0.02254        0.00959        7.97119        0.15778        1.23717        0.52032       11.40824        0.03250        0.04828        0.00079      300.00000        0.79691
   30    1    1     1463.62527     1783.40107      866.63482        5.54928      176.17279        0.03791        0.08519        1.35721        8.20000        0.05829        0.39332        1.34124        1.82563        0.00080        0.00257        0.01594        0.12074      179.43894        0.03913        0.08310        9.30385        0.69475        0.97975        0.11934        1.61940        0.00066        0.01716        0.00140      300.00000        6.75239
   31    1    1     1278.19423     1688.75963      609.20452        6.51854      209.27830        0.05349        0.07240        0.76980       18.50000        0.09207        0.96427        0.77030       14.45274        0.05181        0.00311       -0.00048        1.41116      209.46575        0.05326        0.07114       19.32612        0.03836        0.38102        1.40884       14.44730        0.05111        0.00087        0.00232      300.00000        0.27529
   32    1    1     3362.32238     1734.37634      446.43577        7.25477       80.86142        0.00799        0.00719        1.12243       43.60000        0.32956        0.61251        1.12205        6.32054        0.00983        0.00735        0.00033        0.72040       80.80182        0.00796        0.00720       43.60482        0.58363        0.75988        0.72064        6.32233        0.00994        0.00785       -0.00024      300.00000        1.14629
   33    1    1     2936.69931     2389.05984      909.59123        5.59067       95.21864        0.01107        0.02435        1.44031       20.10000        1.07476        0.34081        1.39376        2.02090        0.00106        0.03133        0.04650        0.89252       94.09167        0.01080        0.02276       21.42316        0.38547        1.61144        0.81521        0.47009        0.00006        0.00065        0.07731      300.00000       18.47308
   34    1    1     5293.67555     1803.77956      519.84867        2.48853       49.51572        0.00299        0.04536        0.59320       17.70000        0.47312        1.14080        0.59376        5.97772        0.00884        0.00487       -0.00047        0.52212       49.53897        0.00300        0.00585       31.34127        0.57975        1.13806        0.52138        8.09690        0.01637        0.00407        0.00074      300.00000       39.01247
   35    1    1     2082.65987     3712.65604     1510.03162        1.46387       36.09165        0.00159        0.07265        1.29965       17.10000        2.64753        0.43795        1.29662       13.99981        0.04919        0.00029        0.00307        3.42128       13.89401        0.00024        0.01654       46.02925        0.38427        0.64791        3.41765       12.34376        0.03828        0.00033        0.00363      300.00000      145.00136
   36    1    1     2910.07672    22605.19468    10403.94345        1.18732       13.79828        0.00023        0.01626        1.29128        9.00000       23.65596        0.44846        1.28610        2.81278        0.00193        0.01419        0.00513        9.58049       20.63288        0.00052        0.02213       12.61467        0.01176       15.78607        9.57810        0.93676        0.00021        0.02712        0.00239      300.00000      137.65967
   37    1    1     2089.28814     7251.85978     2734.68763        4.12450       73.30135        0.00656        0.03201        1.70484       50.00000        6.92929        0.04178        1.69279        7.44621        0.01407        0.00186        0.01202        5.10567       43.82861        0.00234        0.06019       40.76887        0.94546        2.60222        5.09184        7.72305        0.01440        0.00014        0.01383      300.00000       69.40837
   38    1    1     5878.52345     4815.54631     2349.58409        2.15748        8.67493        0.00009        0.00188        0.03370        8.10000        3.99023        1.70081        0.03375        8.89011        0.01948        0.00901        0.00007        2.69194       16.31083        0.00032        0.00301        7.39250        0.36234        2.67422        2.68899        8.30429        0.01730        0.00608        0.00296      300.00000      118.18303
   39    1    1     1341.72020     1875.46118      599.95534        5.07389      181.76732        0.04035        0.11639        0.72641        8.90000        0.19840        1.03036        0.70421       18.39371        0.08655        0.00158        0.02220        0.27410      185.47845        0.04187        0.11490        6.11553        0.22224        1.46186        0.24657       18.63476        0.08293        0.00215        0.02753      300.00000        9.46204
   40    1    1     1723.08926     1754.03738      673.86484        8.53844      138.03496        0.02327        0.00865        0.72869        9.20000        0.34353        1.00793        0.72663        5.06522        0.00643        0.05647        0.00204        1.49783      137.84555        0.02321        0.00877        9.07583        0.07517        0.50595        1.49684        5.06458        0.00630        0.05774        0.00099      300.00000        0.73488
   41    1    1     1241.74228     1998.75534      877.67727        7.16159      217.72189        0.05789        0.05499        0.52721        9.70000        0.10724        1.24990        0.48467       21.14974        0.11579        0.00880        0.04258        1.76807      218.45920        0.05817        0.05540        8.99627        0.03385        0.04038        1.76690       21.14963        0.11182        0.05415        0.00116      300.00000        0.55314
   42    1    1     4208.40978     4686.47878     2016.28028        2.68432       38.03825        0.00177        0.02276        0.55735       27.40000        3.77230        1.17990        0.55466        1.57812        0.00062        0.00134        0.00268        3.78287       32.39825        0.00128        0.00371       33.61188        0.85644        0.89005        3.77882        2.63264        0.00169        0.00001        0.00405      300.00000       58.25501
   43    1    1     3120.42954     1544.53911      532.88012        4.99401       59.45360        0.00432        0.01299        1.27915       18.70000        0.14922        0.45626        1.27831        5.93943        0.00867        0.01937        0.00081        1.42393       46.29501        0.00261        0.01908        7.95145        0.27922        0.18198        1.40447        9.51097        0.02309        0.00007        0.01946      300.00000       48.19908
   44    1    1     1941.86072     1637.82301      672.95453        0.32165        6.23419        0.00005        0.04583        1.39792       22.00000        0.22997        0.35910        1.37547        6.91251        0.01223        0.00412        0.02249        0.96433       31.87134        0.00124        0.04424       17.57101        0.11330        0.89759        0.93844        9.96228        0.02545        0.00306        0.02589      300.00000      150.85922
   45    1    1     1761.12109     5249.44472     2310.31846        1.88112       44.40328        0.00241        0.06564        0.71747        8.50000        4.34777        1.02453        0.71004        7.46412        0.01354        0.00011        0.00753        0.36928       70.28360        0.00600        0.05933       17.30859        1.70829        4.01836        0.36518        5.43512        0.00743        0.00278        0.00410      300.00000       73.00879
   46    1    1     3391.75669     1542.33944      585.42116        5.50911       80.31363        0.00788        0.01808        1.02996       25.50000        0.11546        0.76230        0.97227        8.47539        0.01872        0.00013        0.05767        0.50247       91.06558        0.01009        0.03966       17.13696        0.37051        1.01462        0.44702        7.01347        0.01281        0.00238        0.05545      300.00000       55.19928
   47    1    1     1720.74331     1745.82221      662.62941        8.19226      147.57885        0.02660        0.01303        0.10884       24.00000        0.34217        1.62905        0.10552       13.64794        0.04553        0.00012        0.00334        0.75816      147.76196        0.02661        0.01341       23.81616        0.57023        0.75014        0.75591       13.64791        0.04667        0.00011        0.00225      300.00000        0.03071
   48    1    1     1418.66492     1546.86838      642.86635        8.54155      168.98610        0.03488        0.01293        0.32075       35.70000        0.09491        1.41635        0.31821        7.79619        0.01524        0.00009        0.00252        0.38324      168.99209        0.03480        0.01310       35.70422        0.11260        1.33304        0.38384        7.79871        0.01507        0.00330       -0.00060      300.00000        0.09556
   49    1    1     1483.21671     1507.37518      677.20386        8.75011      154.48392        0.02915        0.00892        0.30143        1.10000        0.00527        1.45068        0.28388        5.40789        0.00746        0.00593        0.01751        0.54432      154.33070        0.02906        0.00897        1.13419        0.01616        1.17972        0.54395        5.40794        0.00729        0.02330        0.00037      300.00000        0.14147
   50    1    1     2411.06594     2173.48748      926.15513        8.81261       91.21181        0.01016        0.00292        0.15358        7.00000        0.98462        1.58359        0.15098        4.40522        0.00475        0.00512        0.00259        1.34554       91.55502        0.01023        0.00288        7.01373        0.16854        1.20573        1.34492        4.40688        0.00478        0.00704        0.00062      300.00000        0.99114
   51    1    1     7569.69931     1542.15666      659.27665        1.00831       12.31480        0.00019        0.01803        0.86683       13.80000        0.17639        0.87964        0.85492        6.47474        0.01064        0.00477        0.01190        0.84082       15.50752        0.00029        0.01095       22.69773        0.04700        1.04580        0.83873        2.89966        0.00206        0.00957        0.00210      300.00000      122.91636
   52    1    1     1237.01097     1904.70187      874.30644        7.47086      216.56754        0.05728        0.04535        0.50653       35.80000        0.08863        1.22841        0.50615        4.89432        0.00597        0.00876        0.00041        0.01781      216.56458        0.05724        0.04484       35.94045        0.17223        1.64084        0.01065        4.89737        0.00583        0.00216        0.00716      300.00000        0.10623
   53    1    1     1549.18955     6367.99450     2897.94434        7.45122      173.24024        0.03665        0.02937        0.12633       22.00000        5.75847        1.60998        0.12459        1.38353        0.00047        0.00019        0.00176        5.37599      173.27134        0.03662        0.03018       21.62949        0.02211        2.09598        5.37416        1.37078        0.00047        0.00013        0.00183      300.00000        0.17599
   54    1    1     2510.30623   106333.36642    40772.72150        3.96205       58.55818        0.00419        0.02249        0.96632       19.40000      109.26670        0.82609        0.90848        7.14641        0.01200        0.01235        0.05784        4.08297       21.25881        0.00055        0.02771       22.23129        0.20797      106.75100        4.05802        3.37837        0.00273        0.03724        0.02495      300.00000       81.52962
   55    1    1     1690.70954     1807.08600      767.98300        0.13508        4.38022        0.00002        0.12841        0.93324       10.40000        0.10033        0.80410        0.93047        4.53375        0.00503        0.01028        0.00284        1.13041        7.32557        0.00007        0.03699       12.21019        0.26464        0.41982        1.12680       21.99157        0.12148        0.00799        0.00361      300.00000      170.21608
   56    1    1     1605.55752    56816.79925    23221.95494        8.55587      148.93208        0.02709        0.00992        1.52430       49.70000       58.52128        0.21447        1.52010        2.35776        0.00136        0.01259        0.00420       13.42184      149.01451        0.02712        0.00998       49.68449        0.25813       46.58927       13.40835        2.35840        0.00141        0.00325        0.01349      300.00000        0.12302
   57    1    1     1135.85558     3502.07312     1683.41663        5.96259      228.66122        0.06386        0.11576        0.18706       12.00000        1.82926        1.58126        0.15330        9.96463        0.02559        0.03776        0.03381        1.47621      228.50452        0.06332        0.11807       11.79646        0.20053        1.91175        1.45137        9.62029        0.02372        0.04694        0.02484      300.00000        0.78421
   58    1    1      804.30352     1972.91557      601.22748        7.27113      334.99805        0.13706        0.12218        0.98596       21.50000        0.15853        0.74803        0.98654       12.09241        0.03626        0.00008       -0.00050        0.14913      334.90151        0.13640        0.12300       21.37572        0.35809        1.38518        0.14957       12.10442        0.03622        0.00009       -0.00043      300.00000        0.12278
   59    1    1     2196.87280     2862.02397     1236.06706        4.56090       85.25584        0.00888        0.03380        0.95957       22.50000        1.49349        0.77938        0.95518        3.01473        0.00229        0.00067        0.00440        1.75662       79.54732        0.00773        0.03630       22.06900        0.54490        0.92568        1.75638        2.66530        0.00177        0.00508        0.00024      300.00000       27.84696
   60    1    1     1061.86225     2780.20169     1054.61923        8.48289      227.98763        0.06348        0.02474        0.47040       17.40000        1.31909        1.26867        0.46590       20.65033        0.10404        0.00667        0.00456        1.06580      228.20023        0.06355        0.02489       17.24953        0.25397        1.73631        1.06311       20.65053        0.10694        0.00562        0.00269      300.00000        0.04922
   61    1    1     2771.83110     1636.75119      686.52575        2.00492       31.51376        0.00121        0.02896        0.80826        9.60000        0.20966        0.92717        0.80740        9.94514        0.02431        0.01509        0.00080        1.25941       22.48853        0.00062        0.01507       11.40201        0.16395        0.54306        1.24839       10.49460        0.02792        0.00464        0.01102      300.00000      108.23446
   62    1    1      920.70294     4235.34218     1823.32982        8.30298      272.21856        0.09050        0.04078        0.36783       30.80000        2.69898        1.41722        0.31735       21.10058        0.10496        0.00003        0.05056        2.52432      272.40020        0.09033        0.04142       30.62544        0.13636        1.77190        2.52474       21.10036        0.11008        0.04587       -0.00041      300.00000        0.16298
   63    1    1     3111.63455     3042.53902     1520.20830        4.60256       61.16439        0.00457        0.01700        0.14678       22.00000        1.66286        1.60150        0.13307        5.70915        0.00828        0.00037        0.01370        2.88231       63.21261        0.00488        0.02001       16.90253        0.07827        0.43296        2.88282        5.71322        0.00810        0.01484       -0.00051      300.00000       13.80428
   64    1    1     2136.31395     1571.98493      609.82687        0.21213        4.06074        0.00002        0.04474        0.49851       12.30000        0.00885        1.23607        0.49849       11.86443        0.03506        0.03122        0.00005        1.05123       24.90760        0.00076        0.02928       24.01013        0.07473        0.64490        1.04095       11.12080        0.03133        0.02224        0.01029      300.00000      145.04040
   65    1    1     2816.48405     1474.18632      568.09037        2.43922       32.10007        0.00126        0.01989        1.27126       26.50000        0.05372        0.46577        1.26879        6.51987        0.01041        0.00039        0.00259        0.87463       24.36144        0.00072        0.01541       25.72525        0.51566        0.38853        0.87012       10.63498        0.02759        0.00016        0.00451      300.00000      172.52009
   66    1    1     3003.00176     4706.54582     1698.23866        1.97692       22.64436        0.00063        0.01540        0.54666       29.20000        3.87803        1.19578        0.53878        6.22981        0.00981        0.00135        0.00788        2.98519       29.35980        0.00105        0.02040       31.48394        1.03491        1.58667        2.98310        6.99268        0.01225        0.00721        0.00209      300.00000      105.21851
   67    1    1     1596.33463     4861.66812     2050.83558        4.28548      123.55731        0.01865        0.08288        0.95897       11.90000        3.98138        0.77743        0.95713       11.35305        0.03160        0.00706        0.00188        3.00882      131.71731        0.02116        0.11594       12.00407        0.44368        2.26384        3.00145        3.83673        0.00372        0.00081        0.00738      300.00000        8.00010
   68    1    1     2600.46890     3354.81566     1340.14458        5.50078      103.11851        0.01299        0.02993        0.63201       22.50000        2.02736        1.10237        0.63220       14.30302        0.05088        0.00757       -0.00019        2.84768      103.65218        0.01310        0.03001       22.41514        0.46773        0.44856        2.84551       14.29868        0.05009        0.00594        0.00217      300.00000       16.38380
   69    1    1     1993.30223     1730.94342      778.31188        8.15631      126.21320        0.01946        0.00979        1.12111       17.20000        0.15490        0.62673        1.10783       12.82500        0.03972        0.00000        0.01325        1.55940      126.16803        0.01941        0.00974       17.26756        0.13296        0.20087        1.55575       12.82523        0.04132        0.00801        0.00365      300.00000        1.04089
   70    1    1     2146.86523    10289.45526     4444.21659        0.96216       22.88412        0.00064        0.06845        0.31722       22.80000       10.51172        1.42519        0.30937        8.20519        0.01701        0.00062        0.00781        5.62216       31.11661        0.00118        0.02069       26.64857        0.05591        6.56661        5.61302       17.09560        0.07088        0.00342        0.00914      300.00000      144.31491
   71    1    1     2218.33780     1876.83272      783.56181        7.24777      120.37705        0.01770        0.01599        1.55915       15.40000        0.18680        0.23982        1.49475       20.63319        0.09971        0.00773        0.06439        0.62623      119.90102        0.01751        0.01573       15.68847        0.42478        0.87986        0.61721       20.63336        0.10326        0.05952        0.00903      300.00000        1.24051
   72    1    1     2769.34819     1836.45169      710.76621        6.03326      101.42152        0.01256        0.02195        1.00167       29.20000        0.32706        0.78852        0.94605        2.41428        0.00152        0.00355        0.05559        1.14794      101.96707        0.01267        0.02417       28.50137        0.32111        0.59492        1.14350        2.24594        0.00123        0.05479        0.00444      300.00000       14.33091
   73    1    1     1881.90744   267254.78039   103766.54631        4.40292      110.03941        0.01479        0.06150        0.27240       30.60000      265.56120        1.46835        0.26622       16.40387        0.06550        0.00499        0.00608       12.73777      100.81162        0.01241        0.06074       27.81686        7.94982      246.57472       12.73599       19.65749        0.09476        0.01858        0.00179      300.00000        6.52724
   74    1    1     2448.40320     5059.72752     2509.74175        8.74773       92.88548        0.01054        0.00323        0.26900       15.20000        4.11454        1.47194        0.26263        6.75028        0.01109        0.00130        0.00646        0.15777       92.95734        0.01055        0.00327       15.15998        1.36277        4.33246        0.15380        6.74974        0.01112        0.00369        0.00398      300.00000        0.35040
   75    1    1     5442.69296     1562.60163      659.90548        4.37018       67.09269        0.00550        0.02329        1.04466       14.50000        0.05591        0.69027        1.04430        4.03341        0.00401        0.02098        0.00033        0.06849       65.09759        0.00517        0.01219       10.62114        0.80927        0.92712        0.05120        8.46160        0.01825        0.00411        0.01729      300.00000      151.21510
   76    1    1     3075.64740    10573.45395     5036.48226        2.53872       52.87208        0.00341        0.04956        0.11206       23.90000       10.61059        1.63123        0.10333        7.22903        0.01322        0.09269        0.00867        6.13994       43.30879        0.00228        0.01809       25.04615        0.25788        6.07352        6.02743        4.73617        0.00596        0.01511        0.11251      300.00000       64.32791
   77    1    1     1452.35328     6352.79268     2908.70202        3.23698      102.46077        0.01282        0.10955        0.18538       15.20000        5.21025        1.55630        0.17826       18.38291        0.08531        0.00013        0.00713        4.36483      100.49292        0.01229        0.09632       17.62107        0.17708        2.37889        4.36445       22.11147        0.12036        0.00996        0.00039      300.00000       36.44912
   78    1    1     2613.97417     1629.01614      669.13331        7.18662      104.18926        0.01326        0.01241        0.39939       22.70000        0.06207        1.33973        0.39483       14.59051        0.05193        0.01107        0.00463        0.54979      103.95365        0.01317        0.01198       22.88680        0.06388        1.18645        0.54675       14.59012        0.05207        0.01252        0.00305      300.00000        0.83081
   79    1    1     2684.49970     1540.37898      721.44397        6.84323       99.05232        0.01198        0.01361        0.79953        7.80000        0.03605        0.94575        0.78881        3.06204        0.00238        0.00225        0.01071        1.07930       99.98544        0.01217        0.01353        7.71998        0.02675        0.66583        1.07798        3.03831        0.00227        0.01172        0.00131      300.00000        1.57321
   80    1    1     2102.74472     3153.99741     1407.97918        7.50851      126.28381        0.01948        0.01507        1.30078        8.70000        1.94964        0.43337        1.30120        3.33304        0.00275        0.02630       -0.00036        2.45222      125.61123        0.01925        0.01545        8.40383        0.38291        0.85088        2.45016        3.34160        0.00274        0.02393        0.00206      300.00000        1.28315
   81    1    1     4579.88667     5031.33438     2299.85994        4.31381       65.55471        0.00525        0.02296        0.23067       13.10000        4.19576        1.50374        0.23082        7.58761        0.01420        0.00067       -0.00006        4.79982       56.73451        0.00393        0.01792       28.68007        0.16823        0.97550        4.79961        5.47162        0.00746        0.00041        0.00021      300.00000       99.29121
   82    1    1     7491.31178     1692.24319      788.26056        1.53969       17.12610        0.00036        0.01475        1.61666       21.30000        0.04071        0.12221        1.61236       11.03198        0.03060        0.04726        0.00430        0.62848       15.56817        0.00030        0.01816       16.03343        0.26092        0.91815        0.57458       13.94158        0.04574        0.00080        0.05390      300.00000       12.15330
   83    1    1     3710.72661    15785.16265     5871.62830        7.55546       68.55625        0.00574        0.00432        0.26973       32.20000       16.95598        1.46516        0.26940        4.45565        0.00489        0.00051        0.00036        3.70330       68.56732        0.00574        0.00431       32.19486        0.54155       14.44555        3.70344        4.45819        0.00495        0.00092       -0.00013      300.00000        5.46303
   84    1    1     1660.17691     1718.63834      776.75474        6.71792      160.55548        0.03148        0.03828        0.99691       13.10000        0.12195        0.73740        0.99717        9.68303        0.02331        0.00385       -0.00028        0.10773      161.20057        0.03170        0.03866       12.64523        0.89966        0.85209        0.10415        9.68333        0.02291        0.00043        0.00358      300.00000        0.86869
   85    1    1     2318.15910     6357.64514     2638.77311        4.55723      106.45886        0.01384        0.05281        0.18231       23.10000        5.68036        1.59094        0.14362        8.01174        0.01658        0.00000        0.03872        6.39584      106.27079        0.01378        0.04795       24.09917        0.61678        0.44497        6.35615        8.59315        0.01751        0.00003        0.03969      300.00000       33.15881
   86    1    1     5759.22933     1673.25048      827.29214        3.24331       37.29639        0.00170        0.01445        0.99743       19.80000        0.02388        0.73740        0.99717        5.76153        0.00817        0.00031        0.00024        0.05961       15.38923        0.00029        0.01723       15.41776        0.16480        1.52454        0.06018        7.91521        0.01553        0.00135       -0.00057      300.00000       93.87654
   87    1    1     1503.16348     5030.78540     2145.67312        7.42963      179.75208        0.03946        0.03203        0.96314       23.20000        4.14078        0.79443        0.94013        3.64073        0.00318        0.07017        0.02299        5.06136      179.94915        0.03932        0.03235       23.12698        0.22530        0.68178        4.96804        3.64656        0.00308        0.00000        0.09332      300.00000        0.64338
   88    1    1     2557.66245     3717.46106     1810.05732        7.83606      102.55188        0.01284        0.00807        0.38766       24.50000        2.38061        1.35092        0.38365       11.89324        0.03454        0.02620        0.00400        3.74202      102.05289        0.01269        0.00828       24.48151        0.23101        0.15135        3.73278       11.89339        0.03430        0.02120        0.00924      300.00000        0.58342
   89    1    1     2898.29211     4029.28576     1920.11789        7.39892       93.53135        0.01068        0.00883        0.66202       18.60000        2.81923        1.11362        0.62095       10.34976        0.02771        0.00726        0.04107        0.28651       94.84840        0.01098        0.00869       18.54876        2.35480        1.91360        0.28532       10.35017        0.02678        0.04801        0.00118      300.00000        2.02722
   90    1    1     1049.61838   177054.56686    70301.15269        8.80497      214.35368        0.05612        0.01627        0.97295       22.20000      177.95331        0.76206        0.97250       15.25058        0.05723        0.01717        0.00041      147.76556      214.36937        0.05611        0.01624       22.19115        0.20708       31.71600      147.76481       15.25059        0.05718        0.01692        0.00075      300.00000        0.01347
   91    1    1     1555.38475     2069.49888     1009.42690        5.75305      176.09487        0.03787        0.07655        0.32490       11.00000        0.38023        1.42051        0.31405        4.28215        0.00444        0.00091        0.01081        1.14139      173.24596        0.03655        0.07517       13.05865        0.11534        0.86960        1.13248        4.30398        0.00449        0.00287        0.00890      300.00000       12.45874
   92    1    1     3622.73080     1619.20307      753.22510        2.87190       27.25234        0.00091        0.01009        1.64029       13.60000        0.00824        0.12935        1.60522       12.39176        0.03650        0.00252        0.03513        1.59063       18.65869        0.00042        0.00908       16.29161        0.01518        0.14919        1.58270       11.91976        0.03590        0.02752        0.00793      300.00000      113.09356
   93    1    1     3980.22565    24826.64565    11352.70292        4.29880       30.17647        0.00111        0.00491        1.46410       31.00000       26.47537        0.26998        1.46458        8.81534        0.01922        0.00281       -0.00046       19.68018       39.14308        0.00187        0.01837       27.31783        0.16533        8.35980       19.67730        6.67109        0.01116        0.00083        0.00288      300.00000       57.19204
   94    1    1     5624.65392    10151.03655     4815.21143        4.71380       71.37290        0.00622        0.02178        1.03681        7.00000       10.01410        0.70608        1.02849       16.40392        0.06802        0.00024        0.00839       11.15322       50.63627        0.00313        0.00749       13.08020        0.01028        0.61511       11.14976       15.90319        0.06182        0.00218        0.00346      300.00000       90.24531
   95    1    1     1663.15041     1849.27754      776.45259        7.29575      161.18748        0.03173        0.02788        1.17863       15.50000        0.39818        0.56310        1.17147        8.13496        0.01609        0.00013        0.00727        0.70173      160.89219        0.03160        0.02855       15.10890        0.36108        1.07601        0.69505        8.13231        0.01668        0.00008        0.00668      300.00000        0.55264
   96    1    1     4044.80189     1440.55930      634.27002        6.45540       67.16406        0.00551        0.00771        1.14876       14.70000        0.03195        0.60396        1.13061       11.60505        0.03239        0.00078        0.01818        0.51648       68.90204        0.00578        0.00898       13.61144        0.10207        1.15177        0.51112       11.60532        0.03392        0.01205        0.00536      300.00000        4.81679
   97    1    1     1954.07261     1761.67578      739.66924        4.28558       87.79118        0.00941        0.04184        1.48444       39.00000        0.15848        0.25706        1.47750        6.96234        0.01223        0.00420        0.00701        0.75572      101.74536        0.01261        0.07206       33.10378        0.22433        0.89623        0.75038        1.26570        0.00040        0.00634        0.00534      300.00000       21.74823
   98    1    1      580.74339     2591.95801      811.25883        8.87924      379.82028        0.17619        0.04729        1.18046       10.30000        1.04587        0.55373        1.18084       13.71933        0.04678        0.00556       -0.00028        1.07428      379.73511        0.17601        0.04740       10.35050        0.29248        1.41320        1.07481       13.71962        0.04669        0.00583       -0.00053      300.00000        0.07348
   99    1    1     1973.50272     3299.93364     1300.81845        4.46081      118.42513        0.01713        0.06895        0.43256       17.50000        1.90415        1.31516        0.41941       14.83934        0.05594        0.00009        0.01316        1.81367      124.89559        0.01904        0.07441       13.75871        0.43627        1.38516        1.81120       14.65104        0.05381        0.01162        0.00246      300.00000       33.26850
  100    1    1     1103.57365     1675.42935      571.05673        8.30171      226.82558        0.06284        0.02834        0.63636       16.20000        0.10964        1.09806        0.63651        5.73751        0.00819        0.06904       -0.00014        1.60116      226.58423        0.06270        0.02839       16.25224        0.09363        0.21696        1.53370        5.73528        0.00861        0.00101        0.06746      300.00000        0.22144
