    1    1    1     1949.19426     4125.32835     1772.25841        3.84113      103.35352        0.01305        0.07538        0.42774       15.10000        2.94038        1.40565        0.32892        9.46691        0.02372        0.00028   -33197.28501        1.07697      110.94696        0.01501        0.06561       13.79143        0.71552        2.95410        0.99917       12.12317        0.03862        0.02036        0.07780      300.00000       19.46412
    2    1    1     1364.79246     4650.52864     2044.11466        5.90382      190.29986        0.04423        0.08267        0.75932       21.90000        3.49236        0.98041        0.75415        3.34182        0.00281        0.02281        0.00525        2.85247      189.92863        0.04382        0.08434       21.60472        0.19288        2.20862        2.82457        3.07573        0.00226        0.00021        0.02789      300.00000        2.08504
    3    1    1     4391.59178     1910.48476      838.73183        1.70182       21.80835        0.00058        0.01948        0.53927       11.40000        0.45293        1.20646        0.52810        9.18180        0.02040        0.00120        0.01113        1.50239       29.80744        0.00108        0.01634       15.93941        0.07514        0.62791        1.48889        8.46850        0.01732        0.00015        0.01350      300.00000       58.84201
    4    1    1     1821.23985     1893.61728      673.19805        6.08283      148.10522        0.02679        0.04561        0.99023       14.30000        0.19680        0.74391        0.99065       19.15083        0.09061        0.02513       -0.00034        0.51619      147.22880        0.02636        0.04435       15.36946        0.46129        0.98312        0.48862       19.15076        0.08759        0.00019        0.02757      300.00000        5.69369
    5    1    1     1993.22800     5703.58208     2661.21678        1.02315       16.05909        0.00031        0.02977        0.47689       18.10000        4.66077        1.25721        0.47736       20.90852        0.10811        0.00482       -0.00048        4.82686       31.89032        0.00124        0.05743       44.75268        0.26328        1.35525        4.82675       10.15305        0.02568        0.00813        0.00012      300.00000      161.03678
    6    1    1     2180.16612     2295.18221      897.33428        3.75873       56.47544        0.00390        0.02368        0.57185       21.80000        0.82897        1.16332        0.57124       14.52579        0.05190        0.02359        0.00055        1.70143       10.32254        0.00013        0.05779       26.53883        0.18590        0.71553        1.68156        2.22735        0.00127        0.00516        0.01988      300.00000      102.25984
    7    1    1     2151.78602    56197.80580    23493.07611        2.77359       47.12914        0.00271        0.03255        0.86489       42.60000       56.93818        0.87789        0.85668        5.20918        0.00659        0.04651        0.00815       14.56575       39.64960        0.00192        0.02208       45.76109        0.62027       43.46117       14.55841       14.14907        0.04865        0.04950        0.00734      300.00000      111.00333
    8    1    1     2956.18385     1485.23906      520.58014        8.52004       81.74129        0.00816        0.00308        1.28039        9.90000        0.11790        0.45492        1.27965        3.94533        0.00383        0.00577        0.00073        0.39258       82.27758        0.00826        0.00321        9.67716        0.52466        0.94078        0.38681        3.94460        0.00379        0.00076        0.00577      300.00000        0.46089
    9    1    1     3165.37642     3800.08079     1937.81329        4.43638       72.38810        0.00640        0.02612        0.45855        3.70000        2.38070        1.31450        0.42006        1.94959        0.00098        0.00165        0.03848        2.44009       75.25706        0.00690        0.02985        8.88522        0.07864        1.59564        2.43025        5.56810        0.00751        0.03027        0.00984      300.00000       45.05297
   10    1    1     5744.21269     1522.36953      666.38248        5.24447       61.79929        0.00466        0.01229        0.26571       20.10000        0.01951        1.49302        0.24155       12.67123        0.03844        0.01138        0.02419        1.43336       58.97832        0.00425        0.00688       21.35538        0.03903        0.29531        1.42408       13.00818        0.04103        0.02517        0.00928      300.00000       99.68807
   11    1    1     1745.31137     1788.11364      887.79219        3.77537      111.52363        0.01519        0.09138        1.51863        6.20000        0.00405        0.21621        1.51836        2.89252        0.00209        0.00693        0.00030        1.55369      115.77873        0.01627        0.08715        2.97513        0.00142        0.18953        1.54642        5.12835        0.00639        0.00001        0.00727      300.00000       13.72778
   12    1    1     3233.65306     1416.44347      653.71995        1.37930       16.62165        0.00034        0.01740        1.38050       10.80000        0.04097        0.36704        1.36752        4.24883        0.00436        0.03431        0.01298        0.65702       18.66428        0.00042        0.01892       11.63712        0.04168        1.11579        0.62180        2.12017        0.00107        0.01001        0.03522      300.00000      121.11509
   13    1    1     1394.50666     2476.37890     1203.63500        6.80715      193.24333        0.04561        0.05282        0.56469       12.60000        0.90574        1.16934        0.56522        2.89337        0.00208        0.00297       -0.00047        0.72960      193.83131        0.04566        0.05256       12.79577        1.16158        0.74936        0.72961        2.89195        0.00206        0.00243       -0.00001      300.00000        0.37955
   14    1    1     3155.21546     1626.61810      782.07048        7.50019       84.96129        0.00882        0.00686        0.33187       26.00000        0.03883        1.40539        0.32918        6.81831        0.01166        0.00043        0.00266        1.45177       85.02458        0.00881        0.00685       25.98579        0.03887        0.28570        1.44879        6.81325        0.01165        0.00020        0.00298      300.00000        0.19640
   15    1    1     2577.07737   928249.52135   328325.91234        2.71713       36.86210        0.00166        0.02082        0.60100       11.70000      873.19864        1.13464        0.59993        6.59402        0.01068        0.00259        0.00112      189.71186       21.71720        0.00058        0.01579       13.00730        0.00477      685.21591      189.71228        6.74497        0.01124        0.01010       -0.00041      300.00000      114.97838
   16    1    1     3093.84033     1606.70597      744.68627        0.94609        6.71572        0.00006        0.00610        0.14367       27.00000        0.09211        1.59292        0.14164        6.98081        0.01194        0.00834        0.00199        0.35494       38.67800        0.00182        0.05639       13.59254        0.28148        1.15004        0.35544        1.54689        0.00059        0.00987       -0.00050      300.00000      140.72052
   17    1    1     1880.17059     2424.16705      997.79541        7.36038      141.32396        0.02439        0.02063        0.85089       21.80000        0.94170        0.89443        0.84014       11.30541        0.03239        0.00025        0.01062        1.98032      141.27883        0.02435        0.02050       21.89783        0.48790        0.21057        1.97801       11.30514        0.03130        0.00973        0.00231      300.00000        1.44774
   18    1    1     1509.39588     1514.95213      663.15406        6.44429      180.78401        0.03992        0.05620        1.72615       20.00000        0.06766        0.02606        1.70850        2.20546        0.00117        0.00084        0.01764        1.23481      180.45375        0.03961        0.05481       20.83935        0.09924        0.47681        1.22789        2.19313        0.00121        0.01152        0.00692      300.00000        3.41858
   19    1    1     2088.58370     3652.90888     1814.17623        2.50928       30.26001        0.00112        0.01664        0.60171       28.50000        2.29355        1.15563        0.57894       10.56835        0.02677        0.00145        0.02274        3.50771       44.57393        0.00242        0.06030       22.58732        0.10954        0.40729        3.48981        4.39995        0.00494        0.00466        0.01791      300.00000      116.30896
   20    1    1     2570.22095     2385.67322      838.95461        2.62871       40.42250        0.00200        0.02688        1.12293       15.70000        1.17931        0.62827        1.10630        1.78983        0.00077        0.00190        0.01663        1.12514       27.21410        0.00090        0.02153       27.78197        0.37869        1.43503        1.10500        0.97433        0.00024        0.00050        0.02014      300.00000       95.29597
   21    1    1     5017.47345     2436.67459      965.09348        8.09173       47.17536        0.00272        0.00143        0.84299       24.20000        1.13922        0.89151        0.84305        1.23436        0.00038        0.00015       -0.00015        1.10043       47.90022        0.00280        0.00135       24.20855        0.67838        1.09498        1.10045        1.24881        0.00038        0.00008       -0.00001      300.00000        5.72222
   22    1    1     2188.49664     1479.86572      611.15086        7.97255      119.18618        0.01735        0.00995        0.23651       19.10000        0.01869        1.50554        0.22903        4.83471        0.00568        0.00077        0.00749        0.28930      119.49607        0.01743        0.01010       18.95371        0.34760        1.12293        0.28244        4.83418        0.00590        0.00122        0.00686      300.00000        0.38999
   23    1    1     2561.77150    65843.65178    27855.81278        8.71196       89.60308        0.00981        0.00311        0.66175       23.10000       67.99823        1.07468        0.65988        8.53378        0.01785        0.01812        0.00195        9.36616       89.66339        0.00982        0.00310       23.08442        0.04105       60.34555        9.34623        8.53616        0.01750        0.00046        0.01993      300.00000        0.34700
   24    1    1     4126.91086     1651.17552      815.15744        1.57569       19.84745        0.00048        0.01890        0.67928       11.10000        0.00883        1.10008        0.63449        6.02342        0.00858        0.00187        0.04478        1.58147       30.07265        0.00110        0.00452       17.03993        0.01703        0.19296        1.54170        7.64313        0.01385        0.00708        0.03977      300.00000       77.51310
   25    1    1     2607.73567     2759.12772     1225.22230        0.64469       14.67157        0.00026        0.06299        1.09953       10.50000        1.35435        0.69282        1.04174        4.35072        0.00445        0.00931        0.05779        1.29022       18.13093        0.00040        0.01109       33.73181        0.09550        1.75775        1.29027        2.72437        0.00185        0.06690       -0.00005      300.00000      151.17812
   26    1    1     4412.09445     4321.37311     2179.03743        0.18679        2.33316        0.00001        0.01905        0.79806       21.10000        2.93282        0.93631        0.79825       15.15454        0.05711        0.01505       -0.00025        0.39441       31.59005        0.00122        0.00401       22.22040        2.65803        1.66108        0.38002       12.44616        0.03939        0.00029        0.01439      300.00000       98.68598
   27    1    1     4264.75032     1464.66519      558.07627        1.46006       10.36636        0.00013        0.00603        1.45228       11.90000        0.07487        0.28263        1.45193        8.99241        0.02017        0.00275        0.00049        0.41648       27.20891        0.00090        0.01702       19.79940        0.19156        1.20581        0.41638        4.24436        0.00449        0.00259        0.00011      300.00000      131.90624
   28    1    1     2855.08436     2381.41184     1030.08180        3.38548       42.52790        0.00221        0.01706        0.61017       17.50000        1.07671        1.12398        0.61058        7.05712        0.01232        0.00366       -0.00042        1.94823       39.82966        0.00193        0.02540       15.88176        0.17690        0.66946        1.94609        9.64484        0.02279        0.00139        0.00214      300.00000       81.50534
   29    1    1     2173.78127     4753.05725     2302.55502        6.88882      123.80187        0.01872        0.02073        0.06429       15.70000        3.79460        1.72616        0.00841        8.86361        0.01847        0.02201        0.05591        2.65293      124.59385        0.01892        0.02037       15.79710        0.02025        2.93052        2.57851        8.86266        0.01832        0.00368        0.07442      300.00000        0.18267
   30    1    1      996.92611     3413.55936     1382.44062        7.79542      263.68907        0.08492        0.05482        0.79715        9.40000        2.21146        0.93970        0.79486        0.88372        0.00020        0.01585        0.00227        2.64708      263.80792        0.08451        0.05527        9.39469        0.10303        1.20877        2.63424        0.85897        0.00018        0.00527        0.01285      300.00000        0.47549
   31    1    1     1953.23057     1538.81072      543.50947        7.21342      137.10521        0.02296        0.02116        1.32557       10.20000        0.10483        0.40897        1.32560        9.53393        0.02263        0.00380        0.00001        0.94110      137.71296        0.02311        0.02163        9.54405        0.05341        0.84373        0.94161        9.53356        0.02251        0.00443       -0.00050      300.00000        0.66060
   32    1    1     1373.72519     2730.47704      901.31525        7.19010      195.37902        0.04662        0.04356        1.09151       16.20000        1.53199        0.64356        1.09100        7.31529        0.01335        0.00402        0.00049        2.06044      194.92512        0.04628        0.04343       16.50460        0.43045        0.77587        2.06076        7.31257        0.01329        0.00486       -0.00032      300.00000        0.80204
   33    1    1     1838.97047     4130.16916     2056.57687        0.54631        9.96916        0.00012        0.04055        0.12941       13.50000        2.70488        1.61885        0.11571       12.80563        0.03959        0.00688        0.01369        3.74264        7.57439        0.00007        0.06271       15.98982        0.07644        0.61097        3.73516       11.83531        0.03537        0.01208        0.00748      300.00000      159.89633
   34    1    1     2470.37442     2587.68514      961.11355        4.24142      103.20093        0.01301        0.05930        0.60093       16.80000        1.14688        1.15409        0.58048        6.39477        0.00982        0.01140        0.02039        2.33344       80.61945        0.00790        0.03225       19.24722        0.42883        0.13568        2.31519       13.47940        0.04369        0.01362        0.01825      300.00000       30.87328
   35    1    1     1710.01775     1530.59030      569.16251        0.39038        9.57968        0.00011        0.07343        0.54129        5.40000        0.03482        1.24651        0.48806        2.32212        0.00127        0.01749        0.05320        1.22040       22.08551        0.00060        0.06042       14.33450        0.01894        0.58755        1.16992        4.12491        0.00442        0.02259        0.05049      300.00000      151.56819
   36    1    1     1901.13221   139249.92063    55116.96386        3.89374       80.07179        0.00783        0.04382        0.44073       22.30000      140.64944        1.30935        0.42521        3.46090        0.00305        0.00134        0.01545        5.34463       67.69860        0.00559        0.06598       39.07445        0.22069      136.79951        5.34195        3.44799        0.00298        0.01613        0.00268      300.00000       49.09224
   37    1    1     1245.18169     3013.68463      731.45790        2.07070       61.81940        0.00467        0.10419        0.88179       31.20000        1.62793        0.89478        0.83979        3.96505        0.00372        0.00013        0.04208        1.12274       61.39259        0.00459        0.10368       29.52174        2.00336        0.24836        1.10689        5.37312        0.00696        0.02751        0.01586      300.00000      109.24705
   38    1    0      533.74774 70813474.79459 24132218.29767        3.73932       33.38541        0.00136        0.00837        0.41775       42.60000    62255.37236        1.32100        0.41356       10.88837        0.02981        0.02208        0.00413    19650.21693        0.00000        0.00000        0.00000       76.78874        0.00911    42606.95359    19650.21693        0.00000        0.00000        0.00000        0.00000      300.00000        0.00000
   39    1    1     1747.03825   262939.50164   104162.21947        2.49599       29.87521        0.00109        0.01641        0.69869       37.90000      260.38565        1.03768        0.69689        8.86032        0.01925        0.01834        0.00167       12.48007       39.59399        0.00191        0.28370       65.12983        0.26563      249.13268       12.44071        3.97016        0.00374        0.00955        0.03936      300.00000      138.76569
   40    1    1     1890.72756     3153.26796      628.60988        4.60676      136.41074        0.02273        0.08436        1.35479       53.40000        1.59811        0.38135        1.35322       14.02476        0.04825        0.02831        0.00166        1.73267      130.54816        0.02071        0.06301       51.62741        1.33741        0.28573        1.70025       18.11397        0.07812        0.00024        0.03241      300.00000       27.45833
   41    1    1     1986.11779     1539.91172      607.01301        3.64939       78.75731        0.00758        0.04931        0.72988       10.60000        0.00929        1.00535        0.72921       11.65301        0.03390        0.00023        0.00071        0.39464       66.68375        0.00540        0.06110       10.91899        0.74191        0.60527        0.39492       10.15274        0.02563        0.00158       -0.00028      300.00000       38.04979
   42    1    1     1454.58928     5866.69069     2883.83833        8.91130      149.71598        0.02738        0.00710        1.54956       27.60000        4.81840        0.19501        1.53956       10.13425        0.02488        0.01214        0.00994        4.59154      149.65345        0.02734        0.00709       27.60778        0.09705        1.86525        4.59068       10.13482        0.02525        0.02094        0.00086      300.00000        0.09760
   43    1    1     3070.27781    23964.43229     9372.33972        3.13581       57.20300        0.00400        0.03665        0.76788       40.70000       25.60249        0.96627        0.76829        7.97093        0.01578        0.00179       -0.00032        7.71618       67.87337        0.00562        0.01616       46.47419        2.31164       17.32975        7.71668        7.60658        0.01432        0.00120       -0.00050      300.00000        7.48889
   44    1    1     1254.96730  1986614.38767   660169.31872        8.16863      202.21697        0.04994        0.02490        0.15099       28.10000     1770.09517        1.58619        0.14838        7.24451        0.01284        0.00801        0.00268      921.99485      202.18849        0.04990        0.02491       28.09004        0.03465      849.80093      921.99411        7.24951        0.01292        0.00996        0.00073      300.00000        0.10001
   45    1    1     2178.26712    40486.87039    16971.97810        0.31195        6.97758        0.00006        0.06105        0.35375       19.40000       41.94381        1.38050        0.35407       10.44299        0.02711        0.01558       -0.00024       11.44950       13.78457        0.00023        0.02166       16.85940        9.26896       22.92710       11.44693       20.40749        0.10195        0.01241        0.00257      300.00000      156.03665
   46    1    1     3528.48799     1688.42323      821.39203        7.08958       79.43160        0.00771        0.00763        1.70545       15.80000        0.11221        0.05432        1.68024       10.63578        0.02706        0.00855        0.02518        0.55141       80.54343        0.00792        0.00751       15.77104        1.27950        0.04481        0.52242       10.63514        0.02699        0.00478        0.02899      300.00000        4.76158
   47    1    1     1379.03737     3232.90303     1152.17913        2.38253       88.35189        0.00953        0.15842        1.36367       18.30000        1.82149        0.37541        1.35916        7.61484        0.01415        0.00216        0.00454        2.61484       58.82980        0.00421        0.07262       32.55600        0.46954        0.52504        2.61513       14.36155        0.05094        0.00765       -0.00029      300.00000       81.10340
   48    1    1     1284.58530     1726.90639      533.08756        7.87246      202.74070        0.05020        0.03080        1.51555       18.10000        0.28596        0.22022        1.51434        2.60668        0.00167        0.01116        0.00117        1.01474      202.43841        0.05000        0.03059       18.36519        0.39576        0.62135        1.00390        2.59640        0.00163        0.00149        0.01084      300.00000        0.56883
   49    1    1     2601.07953     1642.55413      587.44521        0.30583        5.02022        0.00003        0.03288        1.60094       11.70000        0.07909        0.13307        1.60150       18.22441        0.08232        0.00244       -0.00055        0.55501       23.30544        0.00066        0.01362       23.01190        0.61275        0.66798        0.55322       17.93152        0.07883        0.00192        0.00179      300.00000      143.98858
   50    1    1     4740.43997   261188.52386   104189.48909        6.42222       63.45400        0.00492        0.00701        0.23285       10.20000      259.43506        1.50757        0.22699        7.22789        0.01317        0.00261        0.00577       40.53684       63.59077        0.00494        0.00657       10.54996        0.03126      220.60194       40.53709        7.23200        0.01291        0.00889       -0.00025      300.00000       17.00963
   51    1    1     4938.81487     3087.37080     1016.78652        5.54918       67.70230        0.00560        0.01258        1.61382       24.50000        1.88041        0.16533        1.56923       13.40020        0.04653        0.00012        0.04453        0.45957       59.69315        0.00434        0.00907       23.58586        2.45879        0.67325        0.45999       16.92735        0.07117        0.04820       -0.00042      300.00000       79.46723
   52    1    1     4814.65040     2180.26897      915.81503        8.18027       51.87789        0.00329        0.00163        1.43058       10.40000        0.99171        0.30958        1.42498       11.26811        0.03092        0.02021        0.00566        1.85781       50.95540        0.00317        0.00154       10.50840        0.31062        0.56125        1.85452       11.26769        0.03104        0.02251        0.00328      300.00000        1.59314
   53    1    1     1798.78632     1980.32820      755.58769        7.42471      148.61097        0.02697        0.02196        0.42553       21.00000        0.43115        1.31423        0.42033       17.51991        0.07481        0.00469        0.00522        0.11767      148.30647        0.02679        0.02199       21.10000        0.76085        1.28802        0.11706       17.51977        0.07662        0.00740        0.00061      300.00000        0.52697
   54    1    1     1488.52338     1596.84767      672.24726        0.78468       20.69879        0.00052        0.08446        0.29484        2.50000        0.08907        1.44394        0.29063       11.58628        0.03276        0.00742        0.00421        0.14166       50.92570        0.00315        0.04887       27.28196        0.07695        1.63411        0.14191       12.08700        0.03633        0.01195       -0.00025      300.00000      130.05738
   55    1    1     2144.24796     1648.60079      760.32356        7.33477      123.45266        0.01861        0.01599        0.46718       14.60000        0.04187        1.26694        0.46762        6.87723        0.01174        0.05350       -0.00044        1.66312      123.40302        0.01856        0.01594       14.66269        0.01228        0.14438        1.61987        6.88218        0.01227        0.00928        0.04325      300.00000        1.90337
   56    1    1     1986.65368     2075.17932      485.63952        1.26711       18.25620        0.00041        0.02495        1.40987       43.90000        0.63722        0.33823        1.39633        4.19289        0.00447        0.02681        0.01352        1.04905       31.48468        0.00121        0.05670       36.06490        0.56383        0.73346        1.04281        4.10469        0.00410        0.03361        0.00624      300.00000      138.92161
   57    1    1     3350.61085     5877.43760     3076.31412        2.14871       36.60676        0.00164        0.03381        0.14308       16.20000        5.54440        1.60266        0.13191        3.75725        0.00342        0.00574        0.01114        5.36942       23.71800        0.00069        0.00585        9.47278        0.06360        1.83329        5.36599       13.99495        0.04918        0.01273        0.00344      300.00000      102.52600
   58    1    1     6499.75107     1778.00238      677.47069        6.26837       34.59683        0.00146        0.00226        1.46417        5.40000        0.40556        0.28699        1.44758       19.77165        0.09959        0.00068        0.01662        0.66921       17.34587        0.00037        0.00433       11.53644        0.30284        1.17288        0.66974       19.12782        0.09062        0.02048       -0.00053      300.00000       46.92788
   59    1    1     1864.58942     9297.47499     4203.64259        3.19561       78.10165        0.00745        0.06550        0.16892       16.40000        9.11010        1.56530        0.16926        5.14726        0.00658        0.00559       -0.00038        7.95691       57.02298        0.00396        0.04788       15.30784        0.09405        2.79915        7.95542       10.28138        0.02644        0.00103        0.00150      300.00000       60.77476
   60    1    1     1756.94688    12115.89859     5558.46358        0.62962       11.93980        0.00017        0.04375        0.47364       12.90000       11.87223        1.29075        0.44381       14.06719        0.05087        0.00130        0.02985       12.68634       18.24710        0.00041        0.05930       13.58508        0.01228        0.90537       12.67677       13.65670        0.04721        0.02180        0.00958      300.00000      154.66518
   61    1    1     2461.72467   236974.18516    94999.56466        7.64347      106.91290        0.01396        0.00994        0.15311       15.80000      236.48121        1.62228        0.11229       10.78149        0.03007        0.00581        0.04090       79.57577      106.88412        0.01395        0.00992       15.55477        0.01724      158.66802       79.53042       10.80156        0.02758        0.00394        0.04534      300.00000        1.05570
   62    1    1     2276.85039     7878.31751     3292.79253        0.13967        1.82520        0.00000        0.02085        0.46550       33.70000        7.26151        1.30418        0.43039       12.39176        0.03650        0.00252        0.03512        8.16062       41.35910        0.00208        0.03587       50.14658        0.66237        0.22514        8.12260        4.28092        0.00473        0.00026        0.03801      300.00000      139.51000
   63    1    1     3407.97591     1569.44687      595.15842        1.37688       29.11978        0.00104        0.05359        0.15900       12.00000        0.02091        1.58999        0.14457       12.09996        0.03532        0.00226        0.01439        1.34540       25.66165        0.00080        0.00476       31.12095        0.09523        0.36827        1.33064       13.42052        0.04582        0.00184        0.01475      300.00000       99.62234
   64    1    1     2099.48033     1810.43464      801.95952        8.52462      114.49196        0.01601        0.00602        1.50759       26.70000        0.04300        0.23346        1.50110       20.51670        0.10242        0.01078        0.00642        0.38653      114.49242        0.01599        0.00612       26.69875        0.06656        1.32604        0.38496       20.51695        0.10533        0.01271        0.00158      300.00000        0.21173
   65    1    1     2811.06761   932971.83727   334402.83284        5.28390      101.49599        0.01258        0.03248        1.51844       19.50000      878.01906        0.22592        1.50864        6.21137        0.00935        0.06161        0.00983      567.71150      102.55491        0.01284        0.03633       19.55800        2.95347      309.08616      567.71190        5.84740        0.00845        0.07093       -0.00041      300.00000       51.32576
   66    1    1     1411.44602     4047.67593     1590.43680        0.48379       12.33556        0.00019        0.07922        1.08668       25.50000        2.79945        0.66991        1.06465       13.30707        0.04246        0.01361        0.02201        1.01380       11.96728        0.00017        0.09619       21.51028        2.45225        1.08403        0.99399       10.76041        0.02957        0.01550        0.01981      300.00000      175.00599
   67    1    1     6097.90114    14980.12417     6609.08146        1.25146       18.50504        0.00042        0.02629        1.71176       23.40000       15.40932        0.02320        1.71137       10.83866        0.02891        0.02750        0.00041        3.99600       19.35926        0.00046        0.06765       18.49221        0.01970       13.13610        3.91686        5.32487        0.00745        0.00007        0.07914      300.00000       84.52908
   68    1    1     1488.61980  2112860.16425   695503.68316        0.58355       10.35866        0.00013        0.03835        0.15574       25.70000     1880.27835        1.59192        0.14264        1.50854        0.00058        0.00001        0.01312      551.21593       25.60212        0.00080        0.07641       48.99330       11.08025     1319.64435      551.21629       13.30939        0.04401        0.00390       -0.00036      300.00000      165.46786
   69    1    1     3756.12173    10549.67866     4696.29165        6.38119       77.93752        0.00742        0.01080        0.62648       16.00000       10.20289        1.13807        0.59649       12.37821        0.03654        0.00030        0.03001        2.18745       75.77224        0.00701        0.01122       15.52106        0.12371        9.64222        2.17092       12.38955        0.03696        0.01394        0.01653      300.00000       15.36698
   70    1    1     1869.86484     1656.84797      736.53071        3.51574       86.77251        0.00920        0.06520        1.72295       16.00000        0.01375        0.01770        1.71686        5.56471        0.00781        0.00548        0.00604        1.57609       90.94979        0.01008        0.07182       17.34839        0.09026        0.06746        1.57368        8.26073        0.01710        0.00928        0.00241      300.00000       12.00917
   71    1    1     2083.00706     2505.39508      907.16554        4.01587       89.38818        0.00976        0.05075        0.45417       17.50000        1.05407        1.28002        0.45454       11.49304        0.03264        0.00125       -0.00037        1.19755       84.92107        0.00877        0.06114       17.31528        1.32653        0.27338        1.19776        7.60531        0.01439        0.00091       -0.00020      300.00000        5.76953
   72    1    1     2640.48864     2803.76482     1256.36493        5.43831      100.72315        0.01239        0.02950        0.67065        5.00000        1.58571        1.06428        0.67028        3.67801        0.00333        0.00048        0.00037        1.55505      100.41731        0.01231        0.02723        8.40272        0.03523        1.73306        1.55428        3.72035        0.00346        0.00000        0.00076      300.00000       15.47269
   73    1    1     3784.04629     2575.31000      859.89523        3.26616       56.40923        0.00389        0.03254        1.12104       26.00000        1.32027        0.61359        1.12097        7.29350        0.01325        0.00303        0.00013        0.41098       62.78411        0.00481        0.01199       35.50284        1.14987        1.52073        0.41082        4.87561        0.00592        0.00333        0.00016      300.00000       41.39941
   74    1    1     1432.19817    21277.84332     9083.60554        2.65679       64.49671        0.00508        0.06690        0.98807        7.50000       22.10256        0.75284        0.98172        6.85345        0.01185        0.00237        0.00644        6.80463       73.53558        0.00660        0.08896        9.98306        0.26996       16.74559        6.80510        4.85492        0.00583        0.00811       -0.00046      300.00000       88.27032
   75    1    1     2539.78554     2369.39287      790.43239        8.64994       89.92551        0.00988        0.00332        0.81392       26.50000        1.00985        0.93123        0.80333        9.49046        0.02181        0.00047        0.01053        0.57054       89.73375        0.00983        0.00337       26.49193        1.78855        0.38509        0.57076        9.49041        0.02239        0.01073       -0.00022      300.00000        1.96826
   76    1    1     2513.18528     1760.55259      475.84839        3.38769       72.50669        0.00642        0.04953        1.24854       18.50000        0.31644        0.53709        1.19747        2.44111        0.00140        0.00009        0.05113        1.53170       78.47674        0.00752        0.02743       21.67302        0.22791        0.31239        1.51831        7.91714        0.01514        0.03743        0.01339      300.00000        3.74796
   77    1    1     1717.18485    20698.35699     8715.86192        2.62885       53.93062        0.00355        0.04785        1.45641       24.00000       21.06249        0.32273        1.41183       15.71103        0.05837        0.04826        0.04455        5.24275       66.98021        0.00547        0.08823       38.91745        0.09025       17.54637        5.16217        8.52763        0.01692        0.00965        0.08058      300.00000       88.24338
   78    1    1     4302.56346     1990.82595      719.07856        0.93976       14.08529        0.00024        0.02719        0.80603       26.70000        0.54219        0.93123        0.80333        6.48552        0.01029        0.01603        0.00280        0.92417       53.79578        0.00353        0.00639       34.32458        0.77431        0.61863        0.90565        5.01791        0.00605        0.00014        0.01852      300.00000       37.50340
   79    1    1     2635.92261     1808.11426      803.57029        8.33781       94.28743        0.01086        0.00476        0.95627       21.20000        0.07544        0.79566        0.93890       23.31816        0.13084        0.00181        0.01729        1.40569       94.29706        0.01085        0.00478       21.23254        0.07203        0.33656        1.40149       23.31801        0.13673        0.00900        0.00420      300.00000        0.08241
   80    1    1     1375.89253   204338.71010    81806.29180        2.50347       68.12088        0.00567        0.08476        0.38797       36.80000      206.08691        1.34604        0.38852       15.56295        0.05999        0.00755       -0.00059       55.67135       87.38657        0.00933        0.15589       33.65499        0.10512      151.99912       55.66591       10.78452        0.02930        0.00876        0.00544      300.00000       65.99052
   81    1    1     3378.21191     1529.82090      580.88827        7.65987       74.76085        0.00683        0.00481        1.47554        7.70000        0.06405        0.28385        1.45071       12.66347        0.04110        0.01392        0.02472        1.27979       75.09064        0.00688        0.00481        7.60032        0.06435        0.49278        1.24141       12.66340        0.04142        0.00007        0.03838      300.00000        5.02152
   82    1    1     1594.37919     1488.13515      637.28955        7.52723      168.30238        0.03459        0.02646        1.29917        7.50000        0.03348        0.43651        1.29806       10.60085        0.02809        0.00000        0.00119        1.22805      168.95781        0.03478        0.02683        6.68958        0.10146        0.43908        1.22693       10.60061        0.02760        0.00052        0.00112      300.00000        0.61309
   83    1    1     2204.96505     1785.05382      879.57736        2.39278       58.94105        0.00424        0.06986        0.51661       18.00000        0.13414        1.21766        0.51691        2.97288        0.00220        0.00066       -0.00035        0.21902       63.00663        0.00484        0.02901       18.99287        0.73423        0.91011        0.21941       13.85222        0.04767        0.00049       -0.00040      300.00000       59.98281
   84    1    1     1822.04367     3590.91570     1317.51132        6.74701      148.86205        0.02706        0.03239        0.66534       37.60000        2.28771        1.07215        0.66242       17.11059        0.07345        0.01364        0.00287        2.43712      148.61320        0.02693        0.03248       37.58027        0.38314        1.21859        2.42053       17.11656        0.07055        0.00295        0.01658      300.00000        1.34529
   85    1    1     2756.20290    30210.51021    13139.32921        4.02260       58.84479        0.00423        0.02191        0.35795       24.90000       31.80816        1.37959        0.35497       11.23358        0.03166        0.00598        0.00300        2.72584       72.22332        0.00637        0.02727       33.65303        0.08179       30.73565        2.72566        8.09889        0.01616        0.01645        0.00019      300.00000       28.80595
   86    1    1     2394.91709     1716.19173      796.62480        7.86984      110.76380        0.01498        0.00921        1.43385       10.60000        0.01153        0.32451        1.41006       16.25963        0.06331        0.00727        0.02380        1.11399      111.30652        0.01510        0.00916       10.51753        0.01242        0.62689        1.10670       16.25947        0.06426        0.02285        0.00728      300.00000        1.49857
   87    1    1     1591.44734     2406.93332     1047.94700        7.71035      168.23360        0.03457        0.02358        0.55944       12.00000        0.91700        1.17708        0.55748       10.55853        0.02792        0.03538        0.00194        0.33668      168.43448        0.03459        0.02340       12.15484        0.47979        1.87126        0.30071       10.55819        0.02876        0.00049        0.03597      300.00000        1.21137
   88    1    1     2956.18394     5798.27767     2731.96200        8.57670       79.26864        0.00767        0.00276        0.59100       29.30000        4.96882        1.17526        0.55930       10.55170        0.02652        0.00160        0.03166        2.22850       79.56935        0.00773        0.00272       29.28925        0.30642        4.19679        2.20017       10.55171        0.02860        0.00290        0.02833      300.00000        0.78456
   89    1    1     1388.84744     3406.27321     1353.67036        5.83870      184.88681        0.04175        0.08072        1.61448       21.10000        2.25205        0.14702        1.58754        8.40635        0.01814        0.00417        0.02702        2.83645      186.20809        0.04225        0.08166       19.68124        0.63859        0.53796        2.80717        8.73148        0.01959        0.00184        0.02928      300.00000        1.34885
   90    1    1     2672.22294     1484.26000      610.06645        2.68971       33.13790        0.00134        0.01720        0.59301       13.70000        0.01412        1.14156        0.59300       15.13624        0.05704        0.02588        0.00001        1.65887       27.34555        0.00091        0.03701        5.70415        0.03467        0.06808        1.63712       13.77542        0.04551        0.00511        0.02176      300.00000       97.09752
   91    1    1     4289.03085     1666.94523      809.97424        4.73112       65.67544        0.00527        0.01827        0.11836        4.70000        0.07824        1.62086        0.11371        8.62748        0.01873        0.00314        0.00464        0.12567       56.29733        0.00387        0.00868       16.20748        0.26973        1.42523        0.12619        9.15996        0.02080        0.00890       -0.00052      300.00000       53.27370
   92    1    1     1988.52904     1847.04729      588.56940        2.40112       46.46291        0.00264        0.04309        0.49145       27.50000        0.35884        1.24410        0.49047       15.93639        0.06346        0.00985        0.00105        1.39782       50.84160        0.00314        0.04765       38.54071        0.29665        0.45048        1.39526        6.55458        0.01077        0.00692        0.00255      300.00000       85.16410
   93    1    1     2110.80296     6241.92033     2757.69650        3.52977       67.92081        0.00563        0.03959        1.22004       12.90000        5.64519        0.51491        1.21965        3.45316        0.00293        0.00494        0.00039        0.16432       68.56105        0.00572        0.04757       10.41332        0.95167        6.26057        0.15743        3.62091        0.00319        0.00021        0.00689      300.00000       44.63481
   94    1    1     1188.94608     2681.64268      686.31894        6.92756      227.17827        0.06303        0.06831        1.67910       33.30000        1.30185        0.05650        1.67807        7.02622        0.01213        0.00023        0.00102        0.53454      227.36494        0.06271        0.06823       33.41686        1.02600        1.47728        0.53353        7.03128        0.01214        0.00025        0.00101      300.00000        0.06730
   95    1    1     5775.76105     2131.97898      411.22259        5.47465       29.93438        0.00109        0.00256        1.50237       18.90000        0.54693        0.28792        1.44665       23.70539        0.14636        0.00194        0.05564        1.07183       17.55343        0.00038        0.01685       29.57823        0.97418        0.33681        0.99965       18.81791        0.08266        0.00647        0.07218      300.00000       76.56507
   96    1    1     2337.94363     4022.44919     1947.45499        7.50395      114.83831        0.01611        0.01250        0.16281       38.70000        2.79354        1.58031        0.15425        6.72198        0.01097        0.00085        0.00855        4.02549      114.93370        0.01612        0.01258       38.67971        0.26156        0.24243        4.02403        6.71898        0.01108        0.00783        0.00145      300.00000        0.47690
   97    1    1     2165.57675     1689.27254      612.45090        3.57902       93.41407        0.01066        0.07254        1.21040       16.40000        0.05270        0.57813        1.15643        9.73926        0.02232        0.05109        0.05393        0.42211       76.51554        0.00714        0.03386       32.40681        0.26595        1.18127        0.38253        9.79158        0.02273        0.06479        0.03958      300.00000        9.12869
   98    1    1     1775.63622     1527.17010      639.58820        1.08620       22.74428        0.00063        0.05292        0.38742        2.50000        0.00067        1.35941        0.37515       11.40995        0.03147        0.00670        0.01232        0.69561       26.26278        0.00084        0.06296       18.40193        0.01736        1.03929        0.69557        4.33178        0.00463        0.01855        0.00004      300.00000      133.93717
   99    1    1     2250.44248     1802.29832      581.42569        3.10131       52.76371        0.00340        0.03195        0.86341       16.40000        0.43872        0.87212        0.86245        7.64982        0.01462        0.00355        0.00102        1.42500       60.20764        0.00442        0.03689       26.32677        0.55901        0.19901        1.42238        1.61509        0.00065        0.00278        0.00262      300.00000       57.38737
  100    1    1     4819.37871     1514.15994      545.33593        6.52343       60.24603        0.00443        0.00598        1.06697       19.60000        0.11088        0.66729        1.06727        6.13319        0.00935        0.00405       -0.00020        0.43917       59.91743        0.00438        0.00569       19.73799        0.36090        1.04567        0.43916        6.13495        0.00928        0.00389        0.00002      300.00000       12.27572
