    1    1    1    19106.72167     1685.06408      701.56958        5.11516       66.50412        0.00540        0.01524        1.11085        7.00000        0.21529        0.63219        1.10237        1.63534        0.00065        0.00901   -33197.37539        1.45468       63.50500        0.00492        0.00944       13.68753        0.12392        0.39309        1.43717        2.95248        0.00210        0.00048        0.01751      300.00000       49.76671
    2    1    1     1797.99245     2690.85754      946.47999        5.39011      144.40965        0.02547        0.06220        1.30098       33.10000        1.31618        0.47866        1.25591        7.73135        0.01413        0.01192        0.04504        1.70920      147.24258        0.02638        0.06805       31.36339        0.42621        0.92483        1.69400        7.46074        0.01416        0.04069        0.01520      300.00000       15.09593
    3    1    1     2546.04816     3819.11986     1759.20742        1.02264       20.62874        0.00052        0.04918        0.27069       31.50000        2.43247        1.49442        0.24015       11.35242        0.03072        0.11966        0.03054        3.86868       26.27536        0.00084        0.01302       37.98035        0.11841        0.28635        3.79570       12.71039        0.03770        0.07268        0.07298      300.00000      124.53605
    4    1    0      363.34260154966623.94975 53791848.12186        5.99563      129.29882        0.02042        0.03638        0.42875       19.60000   137640.02682        1.30684        0.42781        8.79357        0.01900        0.00030        0.00095      564.72548        0.00000        0.00000        0.00000      135.50639        0.07583   137076.20098      564.72548        0.00000        0.00000        0.00000        0.00000      300.00000        0.00000
    5    1    1     1861.45892    13438.97172     5269.70790        1.34451       32.54895        0.00129        0.07028        0.75510       35.10000       13.81802        0.97918        0.75539        9.87453        0.02424        0.00477       -0.00037        1.92260       48.85920        0.00291        0.03637       44.98192        3.19294       10.46228        1.92034       10.31264        0.02665        0.00915        0.00226      300.00000      103.30615
    6    1    1     2530.14312     1494.16521      706.12579        1.27720       18.93382        0.00044        0.02640        1.50224       13.50000        0.10026        0.24824        1.48633        1.61310        0.00063        0.00576        0.01594        0.90040       16.40437        0.00033        0.02366        9.34709        0.00410        0.93038        0.90079        3.80540        0.00358        0.02151       -0.00039      300.00000      132.56924
    7    1    1     1856.85079     1750.03593      806.74974        5.93334      144.22632        0.02541        0.04676        1.00363       21.20000        0.02639        0.73573        0.99884        9.84426        0.02363        0.00081        0.00485        1.58034      144.59766        0.02538        0.04799       21.64956        0.02285        0.15929        1.57983        9.37036        0.02160        0.00490        0.00052      300.00000        7.20688
    8    1    1     2724.58935     1586.74204      592.28562        8.43239       89.09386        0.00969        0.00394        0.94006       15.10000        0.07275        0.83193        0.90263       13.79635        0.04518        0.03480        0.03742        0.75615       89.44378        0.00977        0.00419       14.89557        0.13144        0.95601        0.71956       13.79639        0.04521        0.03560        0.03659      300.00000        0.76364
    9    1    1     2587.78730     1908.68748      707.41595        3.96004       70.37597        0.00605        0.03252        0.65130        9.90000        0.44663        1.18369        0.55088        7.29665        0.01229        0.00154        0.10041        0.29036       70.11967        0.00600        0.02182        9.62417        0.79294        1.19942        0.18794       10.07083        0.02340        0.00010        0.10242      300.00000       28.56009
   10    1    1     2321.96404     2228.01575      871.22500        4.12165       84.09090        0.00864        0.04220        1.33306       12.10000        0.98598        0.40129        1.33327       10.49916        0.02741        0.00273       -0.00024        0.91226       86.65569        0.00916        0.03705       20.00099        0.60086        1.22100        0.91239        8.54869        0.01818        0.00281       -0.00013      300.00000       11.04192
   11    1    1     1960.11776    10950.89587     4994.45944        6.28429      135.67502        0.02248        0.03445        0.13842       19.00000       10.46067        1.59699        0.13757       18.04176        0.07999        0.01340        0.00094        0.81785      134.61015        0.02213        0.03526       18.87274        1.83759        9.55099        0.80625       18.03263        0.07866        0.00392        0.01160      300.00000        1.61189
   12    1    1     2447.08790     3577.99809     1520.24410        0.47565        9.29662        0.00011        0.04655        0.95840       17.20000        2.57758        0.77585        0.95871        2.94552        0.00216        0.00867       -0.00029        1.98343       26.05682        0.00083        0.01240       22.14762        0.50715        1.83884        1.97647        9.89929        0.02383        0.00285        0.00696      300.00000      150.22692
   13    1    1     1596.42601     1655.28462      729.57789        7.81402      165.78073        0.03357        0.02141        1.13611       16.10000        0.04400        0.61375        1.12081       10.39994        0.02607        0.00124        0.01537        0.16872      165.90887        0.03357        0.02176       15.85009        0.35004        1.25920        0.16890       10.40161        0.02691        0.01594       -0.00018      300.00000        0.56787
   14    1    1     3598.05060     1808.35502      471.27555        2.11724       38.05273        0.00177        0.03768        1.58552       20.70000        0.24793        0.20079        1.53377       16.46712        0.06388        0.00204        0.05179        0.50364       16.01806        0.00031        0.00448       37.55761        0.69197        0.82920        0.50384       15.12646        0.05646        0.05356       -0.00019      300.00000      153.52610
   15    1    1     1577.59986     1734.49139      738.27080        8.42389      154.81221        0.02927        0.01198        1.59149       31.90000        0.12415        0.15198        1.58258       14.65153        0.05207        0.00360        0.00894        0.23338      154.73708        0.02916        0.01205       31.89259        1.25578        0.37350        0.22940       14.65081        0.05395        0.00672        0.00398      300.00000        0.29896
   16    1    1     2167.19141     1636.43401      687.66896        5.46618      115.18810        0.01620        0.03803        1.04862       23.80000        0.07499        0.75227        0.98229        3.83588        0.00385        0.00022        0.06640        0.56484      115.45385        0.01626        0.03845       23.64460        0.07474        1.17248        0.56199        3.75726        0.00345        0.06397        0.00284      300.00000        2.41653
   17    1    1     2170.22986     3452.75461     1627.52587        6.31079      126.57993        0.01957        0.02957        0.96376       18.90000        2.04197        0.78994        0.94463       11.58539        0.03426        0.01992        0.01913        1.29247      127.42597        0.01976        0.02883       19.12807        0.41157        2.08785        1.27763       11.58250        0.03413        0.02436        0.01484      300.00000        6.43260
   18    1    1     2689.91495     1684.35313      680.29232        7.21077      100.88795        0.01243        0.01148        0.18821       13.00000        0.24294        1.56457        0.17000       11.85061        0.03377        0.00130        0.01821        0.70657      100.64472        0.01235        0.01126       13.24331        0.20364        1.06707        0.70712       11.85038        0.03481        0.01900       -0.00055      300.00000        0.79259
   19    1    1     2697.33941     1581.29410      701.47794        2.69061       51.06967        0.00319        0.04081        0.51049        3.90000        0.02583        1.22353        0.51104        0.63071        0.00010        0.04270       -0.00055        0.86310       70.52598        0.00606        0.02010       23.10526        0.13711        0.80844        0.83278        2.03189        0.00106        0.01077        0.03032      300.00000       25.96207
   20    1    1     7646.43991     1753.47866      606.14982        1.03570       19.57548        0.00047        0.04316        1.00958       13.00000        0.34083        0.73085        1.00372        2.58411        0.00168        0.03237        0.00589        1.00919       16.36672        0.00033        0.01739       26.18337        0.21183        0.89736        0.98927        2.73366        0.00179        0.02105        0.01992      300.00000      123.37928
   21    1    1     2114.57318     1608.56896      551.31747        4.70704      122.94096        0.01846        0.06486        1.42480        6.50000        0.09154        0.31410        1.42046        5.18192        0.00655        0.06971        0.00437        1.60773      121.90262        0.01809        0.06420        8.55001        0.08411        0.13590        1.60805        4.76676        0.00561        0.07439       -0.00031      300.00000       43.11080
   22    1    1     1922.58758     2224.25776      680.20195        2.17542       50.13051        0.00307        0.06179        0.91862       15.40000        0.78836        0.82712        0.90745       11.75481        0.03344        0.00269        0.01123        1.52944       56.34779        0.00387        0.03705       28.72350        0.38013        0.63737        1.53001       11.76974        0.03429        0.01292       -0.00056      300.00000       80.68568
   23    1    1     4127.48996    45802.93739    19059.61481        6.09885       69.85206        0.00596        0.01006        0.69512       15.20000       47.35113        1.04442        0.69014        2.25303        0.00124        0.01284        0.00488       22.54997       68.33465        0.00570        0.00881       15.75510        0.01349       26.52577       22.54759        2.41735        0.00146        0.01559        0.00238      300.00000       13.22723
   24    1    1     1267.31497     3388.01881     1270.86732        2.08593       57.69526        0.00407        0.08937        0.12841       30.10000        1.86502        1.61550        0.11906       15.00449        0.05459        0.02716        0.00922        0.97190       65.46150        0.00520        0.18900       44.46955        1.95283        0.63058        0.93714       11.58647        0.03461        0.00000        0.03476      300.00000       99.13557
   25    1    1     1787.98463    42734.03508    17047.89075        3.36833       72.29452        0.00638        0.04988        0.14755       44.00000       43.69137        1.58664        0.14792        6.74042        0.01122        0.00854       -0.00031       16.34456       73.63240        0.00661        0.05046       43.80929        2.09781       26.99079       16.33595        6.63778        0.01114        0.00022        0.00861      300.00000       67.77155
   26    1    1     1851.20587     1609.42088      715.88720        1.82726       42.37323        0.00219        0.06348        0.40959        6.20000        0.01348        1.32683        0.40773        5.64016        0.00797        0.00587        0.00186        1.11856       60.30854        0.00442        0.04922       21.84686        0.05240        0.59876        1.11529        1.47761        0.00053        0.00551        0.00328      300.00000       80.93045
   27    1    1     2537.55103     1914.86861      464.44634        2.00258       47.26830        0.00273        0.06532        1.41272       14.80000        0.40389        0.32211        1.41245       14.66401        0.05295        0.00015        0.00023        1.08960       15.74356        0.00030        0.01161       41.61742        0.65674        0.47556        1.08945       10.26564        0.02596        0.00008        0.00015      300.00000      112.91951
   28    1    1     1930.12746     1735.32385      822.27416        0.47248       10.67136        0.00014        0.06216        0.54899       15.00000        0.04025        1.19434        0.54022        9.53814        0.02301        0.00000        0.00877        0.76939       17.22806        0.00036        0.03481       10.68333        0.20118        0.79748        0.76971       15.10605        0.05673        0.00892       -0.00032      300.00000      157.46747
   29    1    1     1636.94275     1502.83538      676.75245        7.33172      162.97433        0.03244        0.02791        0.22599        7.70000        0.00411        1.50865        0.22592        6.61596        0.01090        0.05240        0.00002        1.65879      162.81546        0.03231        0.02809        7.50464        0.00374        0.08085        1.65394        6.62962        0.01106        0.04756        0.00485      300.00000        1.14296
   30    1    1     1553.60453     1643.17801      730.00163        8.19793      164.16350        0.03291        0.01606        0.71532        9.00000        0.02190        1.01871        0.71586       10.04685        0.02498        0.01329       -0.00044        0.16237      163.79792        0.03269        0.01623        9.01937        0.31962        1.28507        0.15179       10.04728        0.02444        0.00274        0.01057      300.00000        0.36711
   31    1    1     5927.21689     1693.10023      837.71290        7.28125       46.61445        0.00265        0.00235        0.33710       10.70000        0.01463        1.44363        0.29093       12.36662        0.03966        0.00002        0.04617        0.06979       46.68306        0.00266        0.00242       10.69576        0.15713        1.55017        0.04187       12.36696        0.03652        0.02136        0.02792      300.00000        2.19967
   32    1    1     1315.63551     4641.68343     1737.25350        7.01493      206.47727        0.05207        0.05374        1.17450       39.00000        3.64844        0.57629        1.15827        9.80697        0.02317        0.00146        0.01614        2.96031      206.05572        0.05167        0.05265       39.39106        1.31352        1.12330        2.94769        9.80743        0.02324        0.00498        0.01263      300.00000        0.57139
   33    1    1     1354.61008     4165.77294      934.63247        8.61438      175.70908        0.03771        0.01311        1.23710       45.80000        3.01832        0.52186        1.21270        6.97393        0.01246        0.04033        0.02445        1.78081      175.76030        0.03762        0.01315       45.80849        2.20041        0.82306        1.72946        6.97585        0.01147        0.01436        0.05135      300.00000        0.53098
   34    1    1     5512.08597    22610.15320     9299.34992        0.88470       13.73204        0.00023        0.02919        0.30917       24.10000       23.67837        1.43884        0.29572       10.47853        0.02790        0.00601        0.01341       10.71027       14.02950        0.00024        0.01140       24.78438        0.04557       14.66579       10.70929       12.01608        0.03608        0.02038        0.00098      300.00000       95.61411
   35    1    1     1824.55891     3398.78614     1544.52005        1.43350       32.15224        0.00126        0.06018        0.70267        4.10000        2.17353        1.04178        0.69279        0.40807        0.00004        0.00237        0.00978        0.85233       45.68266        0.00255        0.02797       19.04224        0.03971        3.04390        0.84280        7.46382        0.01410        0.00126        0.00953      300.00000      116.05175
   36    1    1     2656.14044     1469.66580      752.23323        7.26498      100.37641        0.01231        0.01101        0.89467        4.30000        0.11016        0.84110        0.89347        3.18742        0.00249        0.01782        0.00112        0.52323       99.19614        0.01199        0.01088        5.14990        0.06307        1.25980        0.52226        3.21518        0.00254        0.01805        0.00097      300.00000        2.10060
   37    1    1     1476.67594     3578.24964     1549.46275        8.73519      155.81575        0.02965        0.00921        0.87370       17.50000        2.47204        0.86081        0.87376        6.75938        0.01137        0.00523       -0.00005        1.16232      155.69765        0.02961        0.00919       17.55330        0.80581        2.24393        1.15698        6.75806        0.01113        0.00005        0.00534      300.00000        0.25762
   38    1    1     1239.26725     2865.66757      991.22894        2.28664       78.32309        0.00749        0.13580        0.15021       19.30000        1.46142        1.58630        0.14827        6.84709        0.01149        0.01526        0.00189        1.53589       75.77976        0.00696        0.17037       21.18186        0.46050        1.15176        1.53294       10.87940        0.02970        0.01280        0.00295      300.00000       80.74124
   39    1    1     2950.65654     6897.45086     3433.47299        6.23634       92.44346        0.01044        0.01640        1.71024       23.10000        6.12488        0.02397        1.71059        9.92854        0.02448        0.00055       -0.00042        5.79591       92.61483        0.01046        0.01864       22.04508        0.04286        2.01789        5.79644        9.93644        0.02446        0.00073       -0.00053      300.00000        7.03391
   40    1    1     1199.62323    62014.21096    25416.08507        8.80956      186.29834        0.04239        0.01223        0.94865       36.20000       63.84122        0.80608        0.92849        4.77267        0.00582        0.08632        0.02014       13.61360      186.40293        0.04241        0.01217       36.20989        0.48079       51.57634       13.51874        4.77049        0.00526        0.01214        0.09486      300.00000        0.29295
   41    1    1     1294.39567     2740.33478      837.54184        3.70088      130.76432        0.02088        0.13159        1.41844       32.90000        1.28378        0.31657        1.41799       11.56400        0.03336        0.00635        0.00047        1.29034      120.28779        0.01766        0.11256       41.80881        0.48272        1.28174        1.28381        9.98221        0.02424        0.00172        0.00653      300.00000       34.01185
   42    1    1     3409.25728   185655.87052    77144.74145        6.99898       84.03336        0.00862        0.00898        0.06237       12.00000      186.64474        1.67184        0.06272        5.16486        0.00663        0.00000       -0.00036       84.39209       83.80664        0.00857        0.00865       11.48488        0.01318      103.97389       84.39249        5.17015        0.00664        0.00003       -0.00039      300.00000        6.47264
   43    1    1     1766.17491     1498.79649      706.58083        2.69979       54.01908        0.00356        0.04533        1.09236        1.00000        0.02310        0.67429        1.06028        7.93910        0.01623        0.04504        0.03215        0.64101       39.05416        0.00185        0.05347       12.73865        0.01752        1.18095        0.56575        3.12590        0.00228        0.00283        0.07526      300.00000      105.73254
   44    1    1     2455.97818     4402.65869     1983.58828        6.80885      112.23366        0.01538        0.01780        0.52848       19.40000        3.32139        1.20763        0.52694       10.61746        0.02821        0.00208        0.00161        2.09340      112.69549        0.01547        0.01707       19.72388        0.64491        2.32237        2.08923       10.62127        0.02754        0.00021        0.00418      300.00000        3.35329
   45    1    1     2907.47937    32029.83064    13537.61240        5.73612      104.63225        0.01337        0.02727        1.10974       12.90000       32.61489        0.68479        1.04977        7.94172        0.01480        0.01015        0.06007       18.86361      100.41540        0.01230        0.02669       12.79544        0.01660       15.46666       18.86414        8.69557        0.01874        0.07038       -0.00053      300.00000       33.48237
   46    1    1     1042.79513     5288.55277     2455.55251        8.72232      221.57243        0.05996        0.01885        0.47682       15.90000        4.28754        1.26245        0.47212        6.42581        0.01039        0.00432        0.00478        4.71767      221.37210        0.05974        0.01907       15.86963        0.17705        1.12686        4.71815        6.42373        0.01024        0.00972       -0.00048      300.00000        0.11237
   47    1    1     1780.78414    27301.86834    12879.64070        8.56028      134.34235        0.02204        0.00804        0.50308       26.40000       28.62769        1.23231        0.50226       10.28291        0.02641        0.00441        0.00087       22.31253      134.33911        0.02203        0.00802       26.41076        0.90442        7.14982       22.30809       10.28300        0.02580        0.00138        0.00444      300.00000        0.31215
   48    1    1     1925.11650     1983.06345      511.96246        6.42567      140.92241        0.02425        0.03449        1.59211       27.20000        0.51330        0.18364        1.55092       10.48527        0.02844        0.02521        0.04109        1.56266      140.45833        0.02398        0.03500       27.32933        0.53688        0.16923        1.54213       10.36941        0.02581        0.04788        0.02053      300.00000        2.75131
   49    1    1     1299.84251     1721.99746      633.38229        6.86265      208.23966        0.05296        0.05949        0.35995        8.40000        0.18578        1.37439        0.36017        1.80782        0.00081        0.00006       -0.00019        0.62584      207.16693        0.05237        0.05930        9.20798        0.21828        1.07649        0.62632        1.83967        0.00084        0.00033       -0.00048      300.00000        0.43340
   50    1    1     2303.43754     2200.36953      839.76806        7.67498      113.37987        0.01570        0.01095        0.79515       30.00000        0.74279        0.94055        0.79402       11.09432        0.03076        0.00614        0.00112        1.04489      113.22388        0.01562        0.01106       29.98939        0.46178        0.97792        1.03762       11.09408        0.02992        0.00086        0.00726      300.00000        1.83271
   51    1    1     1593.43326     1528.98270      685.72689        0.88565       21.82367        0.00058        0.07358        1.08220       14.60000        0.01001        0.71585        1.01871        7.88911        0.01458        0.00180        0.06351        1.49003       23.40956        0.00067        0.05035       22.63518        0.02535        0.25039        1.48761        9.82426        0.02419        0.05763        0.00242      300.00000      148.97125
   52    1    1     1606.27351     1863.52269      878.89183        6.59287      172.23130        0.03623        0.04712        0.27366        6.80000        0.08113        1.46506        0.26951       11.16238        0.03041        0.00222        0.00426        0.21666      170.83169        0.03554        0.04672        8.19674        0.09956        1.50596        0.21127       11.16205        0.03138        0.00000        0.00539      300.00000        4.64873
   53    1    1     3234.16587     1745.22249      741.38025        7.42167       82.75842        0.00836        0.00682        0.92988       11.30000        0.36226        0.80817        0.92640       12.45160        0.03789        0.01221        0.00341        0.94659       82.40102        0.00827        0.00734       10.96078        0.06595        1.08893        0.94157       12.45128        0.03903        0.00949        0.00502      300.00000        0.91740
   54    1    1     2281.93793     1921.36736      607.86800        3.08338       47.62614        0.00277        0.02637        0.62807       13.80000        0.51151        1.12188        0.61268        7.68761        0.01504        0.01718        0.01530        1.34926       33.17601        0.00134        0.05084       24.51315        0.51914        0.37773        1.33827        2.93424        0.00218        0.02233        0.01099      300.00000       89.08884
   55    1    1    10002.94424     3143.85327     1593.27811        5.65788       66.11822        0.00534        0.01134        0.28845       24.40000        1.66699        1.44634        0.28822        7.63335        0.01452        0.04241        0.00023        1.87556       52.12943        0.00332        0.01066       18.85585        0.23330        1.30619        1.84260       12.12147        0.03784        0.00856        0.03296      300.00000       54.34292
   56    1    1     1732.08455     2392.92975      599.71573        6.35853      152.77438        0.02851        0.04200        0.94541       22.10000        1.08617        0.78934        0.94522        8.03494        0.01609        0.00973        0.00016        1.68650      152.36176        0.02834        0.04239       22.03311        0.61137        0.52761        1.68160        8.01123        0.01615        0.00489        0.00490      300.00000        0.42884
   57    1    1     1632.49716     1947.79861      794.61133        6.90060      168.54378        0.03469        0.03816        1.32718       16.20000        0.62766        0.44482        1.28975        4.24327        0.00465        0.00337        0.03749        0.75911      167.45255        0.03413        0.03780       16.80131        0.34298        1.27767        0.74255        4.24472        0.00459        0.02426        0.01655      300.00000        2.33996
   58    1    1     2062.16678     1607.71103      603.18059        4.67809       99.73280        0.01215        0.04336        0.90143        5.20000        0.02774        0.84013        0.89444       13.72308        0.04578        0.00000        0.00699        0.50090      105.83936        0.01364        0.04928        4.00095        0.42860        0.83673        0.49635       12.68473        0.04048        0.00096        0.00455      300.00000        7.07156
   59    1    1     2531.43085   190544.59820    77485.37697        5.39961      119.80605        0.01753        0.04260        1.02687        8.80000      191.30595        0.74414        0.99043        3.20424        0.00265        0.00202        0.03641      101.64661      117.70742        0.01690        0.04477        5.66805        0.00311       91.40159      101.63621        3.15876        0.00242        0.02649        0.01040      300.00000       52.92385
   60    1    1     6008.53299    10746.82412     5032.63549        7.18922       54.15060        0.00358        0.00335        1.31537       17.70000       10.65452        0.42784        1.30672        4.38903        0.00487        0.00350        0.00864       11.25651       52.12554        0.00332        0.00354       17.75277        0.40611        0.73895       11.24414        4.38491        0.00465        0.00001        0.01237      300.00000       25.50213
   61    1    1     2283.84395     1505.04666      626.82287        2.93163       51.19023        0.00320        0.03404        1.46172       19.70000        0.02048        0.27663        1.45793        8.74069        0.01866        0.00787        0.00379        0.63091       43.74268        0.00233        0.06285        9.00820        0.00908        1.10755        0.62479        5.21934        0.00663        0.00324        0.00612      300.00000       90.97917
   62    1    1     2526.86112    42697.95627    17601.77490        4.33728       97.36966        0.01158        0.04997        1.07594       34.60000       44.32806        0.65881        1.07576        3.47566        0.00298        0.01241        0.00017        5.65184      102.31619        0.01276        0.02828       34.40505        6.31136       34.11505        5.65156        6.00744        0.00900        0.01145        0.00028      300.00000       20.27311
   63    1    1     1980.14255     6970.29793     3184.73876        6.16579      135.20175        0.02233        0.03640        0.89527       24.90000        6.74528        0.84353        0.89104       10.28142        0.02580        0.00599        0.00424        5.94676      135.95890        0.02251        0.03573       25.07769        0.10320        2.43283        5.94438       10.28442        0.02651        0.00705        0.00239      300.00000        3.59932
   64    1    1      699.58231  5627211.58053  1936913.24933        2.56434       89.29363        0.00974        0.13835        1.26807       39.10000     4854.27381        0.47095        1.26362       10.01572        0.02523        0.00619        0.00451     1726.06557      449.58873        0.24463       17.01787      494.25900       90.05611     3022.41358     1725.19390       14.32346        0.04069        0.35495        0.87166      300.00000      125.16237
   65    1    1     1802.35126    13835.02932     7467.70947        7.85264      145.08931        0.02571        0.01598        1.19286       23.50000       13.40071        0.54136        1.19321        3.38381        0.00285        0.01209       -0.00036        4.83899      145.07677        0.02568        0.01653       23.26400        0.17755       10.12917        4.82801        3.39540        0.00279        0.00088        0.01098      300.00000        0.41446
   66    1    1     3739.90993     1797.35185      540.26926        3.41732       45.27895        0.00250        0.01894        0.91380       17.00000        0.35830        0.82510        0.90946        7.13785        0.01281        0.00137        0.00434        0.71650       22.71062        0.00063        0.01518       14.56665        0.38946        0.98047        0.71687       10.05854        0.02512        0.00547       -0.00037      300.00000       65.70711
   67    1    1     2127.73264    33185.49279    14483.60939        6.85873      126.31544        0.01949        0.02194        0.74326       32.40000       34.54763        1.00855        0.72601        7.60013        0.01472        0.00211        0.01725       13.50827      127.42437        0.01980        0.02221       32.25084        0.35381       22.42476       13.50316        7.60332        0.01456        0.01433        0.00511      300.00000        0.56443
   68    1    1     2846.50138     3106.66484     1413.55244        6.74829      100.10510        0.01224        0.01464        0.48522       16.60000        1.91383        1.25608        0.47849        1.07897        0.00029        0.00523        0.00663        1.24681      100.42737        0.01230        0.01570       15.95543        0.05804        2.34267        1.24659        1.11760        0.00031        0.01169        0.00023      300.00000        8.29872
   69    1    1     1905.19362     1574.72066      567.45363        8.11590      133.99523        0.02193        0.01136        0.78787       18.70000        0.08572        0.95874        0.77582        8.52338        0.01757        0.00477        0.01204        0.31749      134.17140        0.02198        0.01103       18.83928        0.32482        1.18858        0.30715        8.52443        0.01841        0.00566        0.01033      300.00000        0.13034
   70    1    1     4003.15590     2553.97665      620.29838        5.07101       54.75162        0.00366        0.01058        1.48034       26.40000        1.36884        0.28798        1.44658        4.43152        0.00467        0.00159        0.03373        1.50254       59.12928        0.00427        0.01703       21.62356        1.50782        0.11714        1.47168        3.95685        0.00403        0.00484        0.03086      300.00000       18.70149
   71    1    1     3241.00053     4452.40072     1897.44237        5.31980       96.95588        0.01148        0.02909        0.87990       24.30000        3.34125        0.85552        0.87905        9.55502        0.02280        0.01511        0.00083        0.93398       94.25089        0.01083        0.02927       24.75137        1.30199        2.85490        0.91982        9.44931        0.02155        0.00264        0.01415      300.00000       67.52478
   72    1    1     4100.01599     1526.04064      677.07445        3.88008       76.47275        0.00714        0.04030        0.31490        1.40000        0.00065        1.42793        0.30663       12.37717        0.03872        0.06797        0.00826        1.09731       66.94874        0.00547        0.02618       22.47584        0.04523        0.61694        1.08953       11.10680        0.02996        0.07652        0.00779      300.00000       62.47676
   73    1    1     1453.42085     2343.55077      738.70841        8.04710      176.29626        0.03796        0.02066        1.06032       17.00000        0.93746        0.70819        1.02638        9.08781        0.02128        0.00089        0.03391        1.11639      176.72179        0.03812        0.02043       17.08191        0.84838        0.74368        1.08011        9.08830        0.01962        0.00013        0.03629      300.00000        0.25685
   74    1    1     2151.23705     3877.12761     1649.61860        0.96699       16.93347        0.00035        0.03710        0.77381       12.60000        2.78087        0.97100        0.76357       14.34672        0.05214        0.00439        0.01023        2.71204       41.05552        0.00206        0.02583       15.12366        1.01170        0.79897        2.71112       14.98065        0.05606        0.01300        0.00092      300.00000      122.06583
   75    1    1     4203.41325     1542.21609      610.75429        1.40607        7.99202        0.00008        0.00387        0.98949       13.70000        0.18526        0.74532        0.98925       11.85071        0.03500        0.00006        0.00020        0.81701       31.27086        0.00119        0.01636       22.42225        0.08791        1.03445        0.81700        2.48736        0.00154        0.00061        0.00001      300.00000      150.55214
   76    1    1     2939.97547     1542.14375      610.99382        2.06576       42.60770        0.00222        0.04974        1.24799       22.60000        0.03878        0.49187        1.24270        7.91032        0.01576        0.00099        0.00540        0.39588       42.04086        0.00216        0.00747       27.35641        0.08677        1.30897        0.38773       13.76215        0.04598        0.00012        0.00814      300.00000       80.34254
   77    1    1     1161.04765     7083.64689     3025.71100        8.96947      184.53595        0.04159        0.01011        1.46624       27.20000        6.50456        0.32444        1.41012        6.46624        0.01089        0.00339        0.05609        6.62381      184.48961        0.04148        0.01014       27.24238        0.38567        1.25304        6.60050        6.46675        0.01071        0.03637        0.02331      300.00000        0.05946
   78    1    1     3717.31637     1758.05313      698.43653        0.33437        6.37838        0.00005        0.04439        0.40298       24.20000        0.27565        1.33725        0.39731        1.79092        0.00078        0.00209        0.00567        1.16067       59.26099        0.00429        0.00783       36.26982        0.09839        0.78011        1.16114        3.79889        0.00357        0.00833       -0.00047      300.00000       46.07870
   79    1    1     2898.20527     1546.67472      624.79096        4.08507       54.31115        0.00360        0.01799        1.27657       10.60000        0.00554        0.49642        1.23814        9.57150        0.02174        0.05040        0.03846        0.59948       48.61945        0.00288        0.01712       12.22011        0.04146        1.11627        0.58388        9.60192        0.02222        0.07283        0.01560      300.00000       57.35683
   80    1    1     1702.93387     2341.20063      971.83799        1.46989       34.25657        0.00143        0.06490        0.22379        9.40000        0.78467        1.55759        0.17697       14.87157        0.05223        0.00000        0.04687        1.26060       40.30848        0.00198        0.06856       13.68881        0.30320        0.97451        1.22222       16.79222        0.06690        0.00888        0.03839      300.00000      117.34594
   81    1    1     2548.83957    19330.95251     8422.82298        6.72526      105.33841        0.01355        0.01641        0.92494       37.40000       19.89031        0.82946        0.90510       19.94668        0.09555        0.00461        0.01983       14.94373      104.19138        0.01325        0.01626       37.46417        0.24984        6.44933       14.92605       19.94775        0.10145        0.00094        0.01768      300.00000        1.04638
   82    1    1     2058.64420     2194.70054      885.27135        7.84437      128.04925        0.02003        0.01252        0.76199       15.30000        0.61410        0.97297        0.76159       17.95109        0.08036        0.03996        0.00043        1.71697      128.24068        0.02007        0.01271       15.16620        0.28668        0.36363        1.69813       17.95108        0.08224        0.01963        0.01884      300.00000        0.59763
   83    1    1      904.52731   109396.23884    46309.30019        8.86876      244.62876        0.07309        0.01983        0.65344       12.20000      112.15157        1.08235        0.65222       10.07969        0.02494        0.01873        0.00123       13.50701      244.48447        0.07297        0.01986       12.32028        0.13623      100.26205       13.48794       10.08151        0.02442        0.00140        0.01906      300.00000        0.07290
   84    1    1     1881.98792     1709.92251      624.41796        2.95591       54.20320        0.00359        0.03748        1.56211       18.40000        0.13689        0.20288        1.53168       11.17649        0.03213        0.00135        0.03042        0.60626       35.97222        0.00157        0.07701       32.57107        0.81363        0.42372        0.60679        9.37697        0.02176        0.03246       -0.00053      300.00000       89.76296
   85    1    1     1330.46003    68591.10587    29085.36791        6.42422      200.31561        0.04901        0.06974        0.43235       36.90000       69.54835        1.30545        0.42911        9.94875        0.02420        0.00059        0.00320        3.23107      200.10386        0.04878        0.06864       37.15399        0.06382       67.99310        3.22726        9.95727        0.02422        0.00006        0.00381      300.00000        0.37352
   86    1    1     1434.58535     4967.70487     2379.19225        3.95539      123.57704        0.01865        0.10056        0.61500       10.20000        3.46412        1.16812        0.56644        6.13354        0.00888        0.00810        0.04855        1.28000      127.21019        0.01973        0.07041       14.28095        0.07216        3.86354        1.26872       11.83121        0.03387        0.04375        0.01128      300.00000       33.63752
   87    1    1     2729.12779     1569.20281      638.74170        0.71104       11.38837        0.00016        0.03117        0.25442       13.20000        0.01051        1.47967        0.25489       12.21334        0.03693        0.00508       -0.00056        0.34848       38.36646        0.00179        0.01385       26.22111        0.27816        1.12300        0.34795       13.92023        0.04835        0.00430        0.00054      300.00000      130.19255
   88    1    1     1227.30740    22819.04812     9270.85594        8.11375      206.70106        0.05218        0.02708        1.21535       21.20000       23.56977        0.52895        1.20562        5.39022        0.00736        0.01273        0.00968       13.14174      206.86824        0.05221        0.02711       21.17383        0.22262       11.93973       13.14194        5.38738        0.00722        0.02276       -0.00019      300.00000        0.71643
   89    1    1     1724.47047     1517.08424      589.52276        7.06561      155.73251        0.02962        0.02971        1.35137        4.00000        0.03044        0.39392        1.34064        6.17242        0.00922        0.00325        0.01077        1.07616      155.50739        0.02941        0.02991        3.76960        0.02358        0.67157        1.06976        6.19897        0.00935        0.00756        0.00641      300.00000        0.95519
   90    1    1      889.47561    17456.45383     8380.28136        8.82646      250.96242        0.07692        0.02181        1.17883       24.20000       18.26231        0.55558        1.17899        5.29107        0.00696        0.00026       -0.00015       16.96955      250.83029        0.07683        0.02173       24.27754        0.08267        2.94491       16.96953        5.29009        0.00697        0.00003        0.00002      300.00000        0.10585
   91    1    1     2211.48909     3639.92257     1355.18340        2.71724       72.30219        0.00638        0.08009        0.85107       26.30000        2.22126        0.90604        0.82852       13.32835        0.04258        0.00003        0.02251        1.38207       89.07535        0.00966        0.03228       24.99633        1.75234        0.80991        1.37812       20.40833        0.10171        0.01949        0.00395      300.00000       17.94423
   92    1    1     1830.29547     1712.33604      638.85562        2.34114       58.01778        0.00411        0.07090        1.34636       28.70000        0.08403        0.39071        1.34385       13.50847        0.04468        0.00058        0.00253        0.96457       76.08883        0.00705        0.04754       38.05689        0.10226        0.78779        0.96412       10.92368        0.02977        0.00240        0.00045      300.00000       62.07111
   93    1    1     1267.58047    28494.00880    13538.30780        5.26486      196.11760        0.04697        0.12249        0.36455       22.10000       29.75866        1.37936        0.35520       12.92655        0.04051        0.03706        0.00936        1.89605      198.28595        0.04799        0.11991       22.91861        0.07916       29.56356        1.85182       12.88013        0.04298        0.00000        0.04423      300.00000        6.78382
   94    1    1     1816.55180     1565.09458      663.51304        1.54015       36.32124        0.00161        0.06631        0.65868        9.60000        0.00590        1.07678        0.65779        2.20547        0.00120        0.01752        0.00092        0.76221       29.86745        0.00108        0.05003       16.86474        0.05778        0.94463        0.74570        6.92106        0.01220        0.00006        0.01652      300.00000      107.75077
   95    1    1     1446.78748     1644.84641      626.01104        7.70111      184.04352        0.04137        0.02838        0.64997       31.10000        0.04825        1.08914        0.64542       12.52426        0.03827        0.03766        0.00444        1.54618      184.04998        0.04133        0.02877       31.00295        0.05586        0.19283        1.53382       12.52491        0.03792        0.03016        0.01236      300.00000        0.36341
   96    1    1     6028.40777     2389.17329      734.86284        5.39810       63.01708        0.00485        0.01179        0.54973       16.70000        1.15085        1.18441        0.55015       10.90007        0.02938        0.00783       -0.00044        1.38989       62.81973        0.00482        0.01187       17.29123        0.92424        0.57591        1.38600       10.75771        0.02826        0.00386        0.00389      300.00000      131.48515
   97    1    1     2152.53075     1632.26386      572.82714        0.91630       20.50955        0.00051        0.06067        1.47426       10.20000        0.10190        0.29564        1.43893       12.52060        0.04043        0.00010        0.03534        1.28831       12.28467        0.00018        0.02865       15.52835        0.16268        0.40460        1.26663       17.21455        0.07107        0.01803        0.02168      300.00000      143.98186
   98    1    1     1812.69474     3941.24439     1765.03109        6.70201      148.42134        0.02690        0.03299        0.34177       14.30000        3.07884        1.39229        0.34227        8.85085        0.01942        0.00942       -0.00050        3.86624      148.38860        0.02689        0.03332       14.17779        0.30981        0.63664        3.86674        8.82324        0.01930        0.00944       -0.00050      300.00000        0.22163
   99    1    1     1986.77182     6995.68606     3405.04217        5.04906      128.82315        0.02027        0.05924        0.94544       16.40000        6.10772        0.82765        0.90691        5.99493        0.00928        0.09198        0.03858        3.49261      131.95618        0.02123        0.05920       14.85319        3.89846        0.57913        3.36548        6.27776        0.00902        0.00191        0.12713      300.00000       20.89994
  100    1    1     2464.80093     1811.29087      761.45890        8.21291      103.87634        0.01318        0.00636        0.46421       12.40000        0.45630        1.31200        0.42257        6.19191        0.00908        0.00870        0.04159        0.21672      103.92756        0.01318        0.00628       12.48294        0.33925        1.63465        0.21706        6.19075        0.00952        0.05023       -0.00034      300.00000        1.19907
