    1    1    1     1942.46128     2069.04749     1051.16683        6.69668      139.16573        0.02365        0.02909        0.09771        5.10000        0.41812        1.64598        0.08858        7.14079        0.01290        0.01775   -33197.37472        0.25318      139.54444        0.02368        0.02920        4.85157        0.35744        1.54152        0.25361        7.13922        0.01266        0.02754       -0.00042      300.00000        1.30895
    2    1    1     3567.00183     9486.08984     4424.05228        2.17403       20.28193        0.00050        0.01013        1.31271       50.80000        8.44568        0.45148        1.28309        8.81753        0.01999        0.02601        0.02967        4.84474       45.87431        0.00257        0.01319       49.92141        1.55240        3.77049        4.84520        7.46541        0.01383        0.06927       -0.00046      300.00000       75.11927
    3    1    1     1261.44205     5046.24763     2304.76390        8.65790      185.11216        0.04185        0.01398        1.14340       33.60000        3.93497        0.59131        1.14326        7.35494        0.01332        0.02852        0.00020        4.27001      185.13269        0.04185        0.01387       33.61010        0.23641        1.16476        4.26841        7.35530        0.01327        0.02718        0.00160      300.00000        0.07534
    4    1    1     4003.86416     1824.50432      821.62041        2.78121       41.60474        0.00211        0.02522        0.34847       18.30000        0.37582        1.41946        0.31510        3.53596        0.00298        0.00343        0.03338        0.31783       27.48568        0.00092        0.00564       12.84853        0.43472        1.34142        0.31692       12.81140        0.04099        0.03597        0.00091      300.00000       74.96296
    5    1    1     1585.19354     2231.01946      782.99335        4.39237      113.84074        0.01583        0.06621        0.82433       33.10000        0.67311        0.91078        0.82378       19.05797        0.09063        0.01331        0.00061        0.97995      125.60191        0.01917        0.07214       40.49177        0.15273        1.31530        0.96885       14.57458        0.05385        0.00106        0.01110      300.00000       25.72144
    6    1    1     1091.01812    29860.21524    13074.78795        6.99620      249.32257        0.07592        0.07919        0.37589       12.40000       30.06445        1.40456        0.33001       17.14857        0.06949        0.00120        0.04596       29.41308      248.85791        0.07542        0.07967       12.73275        0.02215        2.37740       29.39945       17.14839        0.07099        0.03196        0.01363      300.00000        1.01037
    7    1    1     3262.67775     3107.90260     1354.52876        7.48175       80.02635        0.00782        0.00615        1.06968       28.40000        1.72395        0.70325        1.03131       11.46390        0.03118        0.00839        0.03833        3.22842       79.53934        0.00771        0.00620       28.41258        0.26477        0.01168        3.18211       11.46344        0.03104        0.00060        0.04632      300.00000        3.47193
    8    1    1     1683.99585     6761.62756     3258.29488        2.40575       64.39618        0.00506        0.08244        1.27226       20.30000        5.89996        0.46444        1.27013        5.20661        0.00679        0.00305        0.00211        3.26261       78.31102        0.00747        0.06223        9.77065        0.01667        4.36144        3.26269        8.59462        0.01839        0.00520       -0.00007      300.00000       59.54973
    9    1    1     2317.14843     1451.16113      603.73397        3.78476       63.36723        0.00490        0.02933        1.63704       13.40000        0.06277        0.10230        1.63226        9.39389        0.02221        0.00226        0.00475        1.06137       50.25214        0.00308        0.02826        7.37869        0.09561        0.63464        1.06168       11.15185        0.03071        0.00714       -0.00030      300.00000       67.71030
   10    1    1     1982.36527     2540.78384      815.36884        0.59850       18.66106        0.00043        0.11831        1.32471       20.80000        1.11747        0.40938        1.32518        3.76693        0.00352        0.05043       -0.00048        0.84454       39.36973        0.00189        0.01603       43.80103        1.34695        0.77356        0.80075       11.03851        0.03156        0.00971        0.04379      300.00000      124.80150
   11    1    1     1421.93479     1833.26439      479.11613        6.20008      184.77822        0.04170        0.06678        0.56339       20.60000        0.34795        1.17195        0.56261        7.14322        0.01254        0.00006        0.00081        1.50191      186.45410        0.04228        0.06883       19.35247        0.39332        0.18543        1.50120        7.10488        0.01260        0.00000        0.00071      300.00000        0.94040
   12    1    1     3693.00991     1777.86293      531.97439        8.10867       66.88029        0.00546        0.00285        0.50546       20.80000        0.47237        1.23159        0.50297        2.10051        0.00111        0.02396        0.00245        1.19282       66.81356        0.00545        0.00290       20.80436        0.27764        0.76106        1.16825        2.08252        0.00104        0.00190        0.02456      300.00000        3.39398
   13    1    1     1486.35447     2832.82902      640.55829        8.25126      168.26999        0.03458        0.01621        1.25181       34.40000        1.41716        0.53455        1.20002        6.72514        0.01176        0.00276        0.05182        0.80006      168.39128        0.03456        0.01620       34.40071        2.13258        0.21911        0.80004        6.72412        0.01115        0.05517        0.00002      300.00000        0.43992
   14    1    1     2449.21983     8115.94754     3772.46724        6.48396      111.82340        0.01527        0.02105        0.95903       13.40000        7.92718        0.77585        0.95872       14.95654        0.05507        0.00439        0.00038        0.94500      110.45362        0.01485        0.02317       12.08437        0.54036        8.17999        0.93967       14.94482        0.05443        0.00002        0.00533      300.00000        4.29757
   15    1    1     3571.39481     1702.17861      755.62018        2.16776       17.55936        0.00038        0.00764        1.65396       18.10000        0.18784        0.08021        1.65435       10.71222        0.02851        0.00019       -0.00029        0.49594        5.07105        0.00003        0.01991       17.65459        0.60890        0.80984        0.49628        9.81106        0.02392        0.00019       -0.00035      300.00000      142.97782
   16    1    1     2192.90702     2901.79123     1363.99594        7.00166      121.70849        0.01809        0.01881        0.60282       12.80000        1.41847        1.14825        0.58631       14.87616        0.05329        0.00773        0.01647        0.97956      121.51685        0.01801        0.01848       13.15898        0.08734        2.10745        0.95872       14.87576        0.05656        0.00008        0.02084      300.00000        1.53670
   17    1    1     1519.45429     1909.60496      758.29240        1.17219       40.10547        0.00196        0.14101        1.32034       29.70000        0.12389        0.42685        1.30772       12.25141        0.03627        0.00000        0.01262        0.56288       40.04775        0.00195        0.05180       23.49111        0.13833        1.15350        0.54645       24.23929        0.14149        0.00036        0.01643      300.00000      120.98247
   18    1    1     3662.61652     6251.74367     2853.41453        4.30460       58.66044        0.00420        0.01848        0.75059       21.10000        5.79458        0.98949        0.74508        8.75877        0.01932        0.00008        0.00548        3.74371       60.54692        0.00447        0.01281       25.16069        2.15489        1.64124        3.74242        7.72004        0.01463        0.00499        0.00130      300.00000        6.23651
   19    1    1     3759.83336     3862.99992     1884.51927        2.93165       44.49643        0.00242        0.02572        0.30010       12.30000        3.05996        1.43641        0.29816       10.32878        0.02672        0.00159        0.00194        4.19647       39.22175        0.00188        0.01400       12.18720        0.07908        0.52696        4.19221       11.77813        0.03386        0.00064        0.00425      300.00000       19.43211
   20    1    1     2357.70933     2038.23294      852.37487        5.50918      114.27989        0.01595        0.03660        0.44997        9.90000        0.69473        1.32166        0.41291        7.23305        0.01350        0.00036        0.03701        1.84792      112.09805        0.01531        0.03185       15.05367        0.03217        0.56702        1.83660        6.93829        0.01165        0.02685        0.01132      300.00000       13.15219
   21    1    1     1947.15460     3085.66581     1276.80739        1.10218       20.75858        0.00053        0.04280        0.36844       20.40000        1.93791        1.36953        0.36504        9.84428        0.02433        0.00155        0.00337        3.50045       18.49989        0.00042        0.04783       29.46680        0.09075        0.09879        3.49524        5.27497        0.00678        0.00007        0.00521      300.00000      155.42315
   22    1    1     1714.84588     3130.03133      607.71797        0.01867        0.53298        0.00000        0.09958        1.27762       38.90000        1.47987        0.45739        1.27717       24.44782        0.14706        0.01909        0.00053        0.96723       55.78418        0.00378        0.04017       41.28032        1.96742        0.29781        0.96559       27.36504        0.18368        0.02054        0.00163      300.00000      122.48379
   23    1    1     5643.56297     2392.24849      593.53531        4.08085       37.00341        0.00167        0.00837        0.70862       27.10000        1.20840        1.03170        0.70286        5.41574        0.00714        0.01230        0.00576        1.31984       50.74144        0.00314        0.00573       21.05746        1.30451        0.32120        1.30333        9.36523        0.02234        0.00146        0.01652      300.00000       48.71358
   24    1    1     1415.96268     3194.06174     1198.81056        7.29449      190.75762        0.04444        0.03908        0.38224       33.50000        1.82508        1.37480        0.35976        8.04153        0.01550        0.00045        0.02245        2.76586      190.43504        0.04421        0.03976       33.37325        0.30153        0.51370        2.74397        8.04046        0.01550        0.00103        0.02189      300.00000        0.16688
   25    1    1     1789.97046     2554.53432      925.05951        0.86421       15.95621        0.00031        0.04132        0.28975       14.50000        1.23811        1.44838        0.28619       11.07328        0.02996        0.00029        0.00355        1.98420       27.91076        0.00095        0.08521       23.11493        0.35905        0.58485        1.98351       11.03565        0.03040        0.00348        0.00070      300.00000      140.79314
   26    1    1     1446.15095     1842.64789      539.15054        6.08201      183.65897        0.04120        0.07017        1.69453       15.80000        0.35314        0.06051        1.67406        8.62154        0.01899        0.00000        0.02051        1.47992      185.02169        0.04157        0.06793       16.74354        0.24672        0.37915        1.46341        8.68868        0.01923        0.00402        0.01650      300.00000        3.17551
   27    1    1     1858.01878     2026.98810      761.90632        4.40481       99.94854        0.01220        0.05068        0.59916       13.00000        0.60347        1.14735        0.58721        6.47474        0.01064        0.00477        0.01193        1.83640       96.58705        0.01138        0.04905       13.80652        0.33620        0.16640        1.83598        6.99963        0.01206        0.01678        0.00042      300.00000       27.79537
   28    1    1     4353.51330     1593.13380      794.76775        2.96053       35.84563        0.00157        0.01634        1.48156        6.90000        0.00723        0.25668        1.47789        1.79096        0.00081        0.00409        0.00373        0.49811       42.52802        0.00220        0.01605        4.24874        0.13432        1.11123        0.49078        4.96960        0.00600        0.00033        0.00733      300.00000        9.04697
   29    1    1     1900.75348     1537.06281      603.43339        2.72013       46.53272        0.00264        0.03310        1.22501       14.50000        0.09775        0.51952        1.21505        4.22383        0.00452        0.00100        0.01002        0.55130       49.42346        0.00298        0.04304        4.58268        0.12957        1.14151        0.55166        4.42869        0.00487        0.01026       -0.00036      300.00000      100.61135
   30    1    1     2694.91726     2003.61012      847.29941        5.25690      108.26089        0.01431        0.03748        0.88952       17.50000        0.57784        0.86874        0.86583        9.99336        0.02391        0.08916        0.02378        2.08552      108.41555        0.01427        0.03560       16.65794        0.12714        0.10245        2.07965       10.75331        0.02816        0.10786        0.00587      300.00000       45.65474
   31    1    1     1747.54959     1731.64097      798.84212        6.39516      152.64287        0.02846        0.04112        1.62241       25.70000        0.04104        0.11160        1.62297        3.47207        0.00298        0.00248       -0.00045        0.84598      153.32154        0.02857        0.04234       25.02853        0.05376        0.87357        0.84648        3.68556        0.00337        0.00250       -0.00051      300.00000        1.28247
   32    1    1     2134.62995    23953.60300    11518.93942        0.61492       11.19528        0.00015        0.04033        0.69777       25.10000       24.51474        1.04518        0.68938        3.58523        0.00325        0.00597        0.00839        2.59789       19.01646        0.00044        0.02504       30.15988        5.43933       18.23114        2.59182        5.34224        0.00695        0.00662        0.00608      300.00000      151.06253
   33    1    1     2305.23406     2249.76865      854.40806        7.25167      116.42071        0.01655        0.01493        0.44480       14.50000        0.94552        1.30157        0.43299        9.42250        0.02147        0.01015        0.01172        2.02754      117.17587        0.01675        0.01404       14.98882        0.22666        0.44409        2.01006        9.42582        0.02265        0.00325        0.01748      300.00000        0.22958
   34    1    1     3389.42910    13743.93430     6358.25957        2.48865       23.85668        0.00070        0.01053        0.99233       36.20000       13.71200        0.80417        0.93040       21.12676        0.10465        0.01266        0.06189        5.81379       34.17141        0.00143        0.01418       32.23805        0.48591        9.19952        5.76634       20.12652        0.09563        0.02655        0.04745      300.00000       91.15061
   35    1    1     2165.31879     2926.25499     1451.71303        8.11156      116.98051        0.01671        0.00869        0.03215       21.30000        1.32043        1.71893        0.01563        7.88814        0.01498        0.02013        0.01645        2.71134      116.71433        0.01663        0.00829       21.50990        0.02794        0.33666        2.69088        7.88661        0.01589        0.01529        0.02045      300.00000        0.58619
   36    1    1     2634.20621     1755.18450      561.94537        1.15735       22.51857        0.00062        0.04562        1.34980       10.10000        0.35696        0.40456        1.33001        9.22454        0.02044        0.00797        0.01977        0.84642       37.81472        0.00174        0.01572       25.25244        0.23548        1.05547        0.82375       10.63531        0.02711        0.00403        0.02266      300.00000       97.10729
   37    1    1     1927.94947     1834.84958      891.79527        7.55942      139.82967        0.02388        0.01791        0.39563       17.90000        0.30776        1.34182        0.39274        2.35791        0.00139        0.00030        0.00292        0.48582      139.49233        0.02376        0.01772       18.08747        1.04107        0.51546        0.48614        2.35603        0.00138        0.00349       -0.00032      300.00000        1.11384
   38    1    1     1523.36483     2808.06888     1193.81862        7.24399      176.91234        0.03823        0.03462        0.58758       25.70000        1.43159        1.14825        0.58631        9.40410        0.02171        0.00551        0.00125        0.59518      177.34737        0.03825        0.03558       25.29232        0.21057        2.36306        0.59146        9.41194        0.02226        0.00259        0.00372      300.00000        0.12321
   39    1    1     1497.64144     1986.58806      705.52357        8.16712      168.75077        0.03478        0.01736        0.32770       27.50000        0.56070        1.41048        0.32409        1.06827        0.00029        0.08497        0.00363        0.13209      168.73481        0.03468        0.01716       27.62292        0.84265        1.32217        0.13078        1.07328        0.00028        0.08725        0.00130      300.00000        0.43996
   40    1    1     2466.17762     1690.78695      739.30454        1.32211       13.36051        0.00022        0.01225        1.57177       18.20000        0.02262        0.17372        1.56085       12.52519        0.03976        0.02248        0.01082        0.39861       25.94829        0.00082        0.07700       26.58486        1.21873        0.10138        0.39907        7.76805        0.01497        0.03131       -0.00047      300.00000      136.63821
   41    1    1     1954.81175    27059.11646    10759.79935        7.25209      139.17401        0.02366        0.02132        1.04940       33.50000       28.77429        0.69068        1.04388       15.90531        0.06163        0.02819        0.00553       15.00703      139.10651        0.02359        0.02127       33.54669        0.15643       15.37508       14.97741       15.90663        0.06504        0.00071        0.02962      300.00000        1.29651
   42    1    1     1275.90152     8354.42668     3409.26174        7.68776      207.20141        0.05243        0.03628        1.56046       18.00000        8.05376        0.17544        1.55912       12.79519        0.04019        0.02026        0.00131        8.72149      207.54762        0.05234        0.03630       18.07650        0.33657        0.73113        8.72077       12.79542        0.04025        0.02075        0.00072      300.00000        0.44821
   43    1    1     1229.56300     1664.21927      548.24703        7.29170      219.91127        0.05906        0.05202        0.88643       11.50000        0.13420        0.84820        0.88637        2.00917        0.00099        0.00000        0.00004        1.40593      220.38678        0.05923        0.05231       11.11751        0.19946        0.26286        1.40601        2.00879        0.00100        0.00013       -0.00008      300.00000        0.69439
   44    1    1     1064.39968     1735.42054      644.70777        8.22839      237.61262        0.06896        0.03289        0.54300        9.10000        0.27478        1.19260        0.54197        3.73546        0.00343        0.00507        0.00107        1.01595      237.68774        0.06888        0.03308        8.94715        0.04096        0.95815        1.01010        3.73703        0.00340        0.00031        0.00585      300.00000        0.20648
   45    1    1     2218.84689     1615.38014      742.17724        5.90022      123.81015        0.01872        0.03506        0.32099       22.90000        0.02804        1.41829        0.31628        6.42581        0.01039        0.00432        0.00476        1.00660      122.28709        0.01825        0.03599       22.41600        0.08686        0.66965        1.00494        6.60813        0.01093        0.00752        0.00165      300.00000       12.12642
   46    1    1     2191.44447     1513.92427      576.48737        1.21165       29.35373        0.00105        0.07063        0.73489       12.20000        0.03079        1.01327        0.72130        8.26150        0.01734        0.00033        0.01360        0.59511       22.35175        0.00061        0.02052       28.27855        0.07975        1.13066        0.59206       11.27125        0.03107        0.01059        0.00305      300.00000      140.93510
   47    1    1     2345.84273    19639.72245     8465.94197        6.35022      113.63655        0.01577        0.02334        0.08408       13.70000       19.73919        1.65445        0.08011       10.54690        0.02796        0.01346        0.00400       10.84067      112.95598        0.01556        0.02278       14.49128        0.18721       10.45791       10.82940       10.54842        0.02692        0.00721        0.01126      300.00000        0.88194
   48    1    1     1267.46259     3324.09802      950.31820        7.38675      212.26249        0.05503        0.04582        1.40810       33.30000        2.03512        0.32776        1.40681       15.11708        0.05714        0.00150        0.00133        0.99381      212.31932        0.05477        0.04696       33.01678        1.92755        0.85149        0.98970       15.11664        0.05579        0.00009        0.00411      300.00000        0.15925
   49    1    1     1651.29990     3030.50046      715.37511        7.90943      160.55677        0.03148        0.01884        1.44296       30.40000        1.71249        0.29102        1.44354        5.62694        0.00784        0.00012       -0.00045        1.96202      160.37525        0.03137        0.01903       30.36490        1.25565        0.22880        1.96250        5.62929        0.00784        0.00006       -0.00048      300.00000        1.46688
   50    1    1     5137.79960     2004.99447      907.80971        6.25454       46.05151        0.00259        0.00403        0.44775       10.10000        0.49292        1.29027        0.44430       14.06086        0.04832        0.02366        0.00341        0.65724       59.22292        0.00428        0.01506       25.92180        0.74325        0.87842        0.63554        4.98289        0.00635        0.00495        0.02170      300.00000       27.36814
   51    1    1     3006.86776     3823.34398     1336.65143        3.92597       63.11805        0.00487        0.02670        0.97986       39.30000        2.56240        0.77787        0.95670       15.67658        0.06291        0.00655        0.02318        1.94140       45.95960        0.00258        0.01468       47.19215        1.16535        1.27324        1.91368        8.95615        0.02059        0.00331        0.02772      300.00000       40.64569
   52    1    1     1076.67841     1862.66373      530.09205        7.65232      246.30436        0.07409        0.05244        1.03942        9.80000        0.35641        0.69468        1.03988       10.89536        0.02946        0.00068       -0.00051        1.62753      246.06289        0.07357        0.05282        9.91945        0.31302        0.15021        1.62786       10.89401        0.02948        0.00054       -0.00033      300.00000        0.53683
   53    1    1     1572.27392    11628.38860     5712.33976        0.60068        8.46225        0.00009        0.02415        1.74257       16.90000       11.18846        0.04308        1.69149        2.44111        0.00140        0.00009        0.05113       10.63317        3.65705        0.00002        0.35496       26.33603        0.29842        1.65748       10.56158        8.50984        0.01691        0.03889        0.07159      300.00000      172.96482
   54    1    0      441.70301 93787071.80470 32847356.26543        1.43662       28.85386        0.00102        0.04825        0.34449       23.60000    82613.49557        1.38955        0.34495       24.47592        0.14811        0.00252       -0.00044    17679.71053        0.00000        0.00000        0.00000       27.48497        0.00164    64935.74201    17679.71053        0.00000        0.00000        0.00000        0.00000      300.00000        0.00000
   55    1    1     2392.83432     8510.74877     4052.92776        3.36989       62.65098        0.00479        0.03742        0.26017        8.60000        8.49534        1.47565        0.25892        4.68855        0.00550        0.00211        0.00175        9.70236       63.98899        0.00499        0.02762        8.89371        0.04333        0.49203        9.69899        6.18033        0.00959        0.00106        0.00337      300.00000       42.51703
   56    1    1     1731.85327   240688.96353    92460.73770        2.11046       29.23546        0.00104        0.02239        1.06206       28.10000      236.87317        0.68166        1.05291       15.32692        0.05697        0.00059        0.00914      199.65360       53.15239        0.00345        0.10074       35.17773        1.39936       37.43334      199.64934       20.92936        0.10691        0.00049        0.00426      300.00000      124.79527
   57    1    1     3777.82038     1696.23982      870.68769        6.97875       73.05434        0.00652        0.00687        1.45715       23.50000        0.02711        0.32415        1.41042        2.79439        0.00203        0.02303        0.04670        1.50132       73.32739        0.00655        0.00687       23.52471        0.03162        0.25472        1.47535        2.75806        0.00195        0.04379        0.02597      300.00000        2.88121
   58    1    1     4989.46182     6206.01763     2581.44918        5.14328       70.21471        0.00602        0.01674        1.49618       44.50000        5.54445        0.25382        1.48074       18.46223        0.08216        0.00019        0.01540        3.30278       59.18583        0.00427        0.01419       39.36362        0.41929        3.55203        3.29017       20.52537        0.10696        0.00007        0.01261      300.00000      117.62409
   59    1    1     6882.54475     1704.78621      837.51654        5.55023       73.53404        0.00660        0.01483        0.78492       10.40000        0.00903        0.97358        0.76098       10.81027        0.02798        0.00303        0.02395        1.61261       61.35899        0.00459        0.01023       16.24560        0.01807        0.13664        1.59517       10.72983        0.02935        0.00848        0.01744      300.00000       85.10939
   60    1    1     2505.36156     2990.50862     1130.91166        4.96967       99.61093        0.01212        0.03695        1.40420       15.30000        1.81277        0.33523        1.39933        8.44890        0.01797        0.00002        0.00488        1.23285      110.37673        0.01486        0.05275       13.63521        1.56680        0.75058        1.22734        2.36987        0.00141        0.00001        0.00551      300.00000       43.84642
   61    1    1     3474.10033    56904.40960    24895.88221        2.52575       19.17601        0.00045        0.00659        0.03381       10.10000       58.80962        1.70128        0.03328        3.52829        0.00306        0.01119        0.00061        9.04407       18.54692        0.00042        0.01404        5.67526        0.00198       51.50039        9.03507        1.19249        0.00036        0.00479        0.00899      300.00000      122.81466
   62    1    1     1744.89718     1804.98960      843.02219        1.25374       26.07045        0.00083        0.05198        1.62373       39.00000        0.10012        0.13917        1.59539        9.97481        0.02556        0.00085        0.02843        1.32270       29.52125        0.00106        0.05318       28.76473        0.09856        0.40259        1.29411       15.78542        0.06401        0.00013        0.02858      300.00000      147.22901
   63    1    1     1859.41275     2837.63176      935.93292        8.78383      123.63307        0.01867        0.00553        0.93806       21.10000        1.55769        0.79639        0.93818        8.95454        0.01977        0.00133       -0.00009        2.02799      123.36061        0.01856        0.00565       21.07099        0.44284        0.82135        2.02799        8.95433        0.01977        0.00127       -0.00000      300.00000        0.66183
   64    1    1     1824.54244     1494.71507      607.26105        2.28358       48.31856        0.00285        0.05183        0.69474        0.10000        0.00001        1.07306        0.66150       10.08714        0.02621        0.00139        0.03325        0.75090       63.13612        0.00485        0.07780       11.50788        0.18371        0.79344        0.75097        3.48387        0.00299        0.03642       -0.00008      300.00000       70.22671
   65    1    1     2050.99402     1914.70176      619.93095        4.83547      125.00807        0.01909        0.06254        0.36001        9.10000        0.40550        1.40947        0.32510        5.16881        0.00689        0.06669        0.03500        1.15045      117.87611        0.01692        0.04998       12.98096        0.29348        0.71791        1.13320        8.27335        0.01745        0.08400        0.01725      300.00000       22.29786
   66    1    1     2218.79997   376324.65967   145241.60937        1.62419       20.14473        0.00050        0.01829        1.09615       44.60000      368.94397        0.73141        1.00316       17.74098        0.08314        0.01078        0.09296       12.95225       20.16978        0.00050        0.04070       42.11520        3.56845      354.04911       12.85150       22.00675        0.11179        0.16153        0.10075      300.00000      140.83044
   67    1    1     4521.30796     3713.47915     1886.62232        1.87557       24.45330        0.00073        0.02003        1.31695       17.70000        2.32769        0.41716        1.31740        3.31549        0.00272        0.01008       -0.00058        1.42770       25.94094        0.00082        0.00284       22.35368        0.06519        2.58359        1.42481        5.93418        0.00884        0.00642        0.00289      300.00000       79.01128
   68    1    1     1839.07448    17828.90385     8249.32288        8.03751      140.08671        0.02397        0.01313        0.87044       25.30000       17.66856        0.90935        0.82521       16.99327        0.07485        0.03417        0.04518        6.32661      140.44993        0.02404        0.01365       25.06868        0.05626       13.05842        6.28789       16.99242        0.06849        0.04704        0.03871      300.00000        0.21147
   69    1    1     3357.35204    24659.19258    10803.61694        1.67416       28.41924        0.00099        0.03421        0.26766       14.20000       25.45234        1.51066        0.22390        4.08616        0.00432        0.01364        0.04377       14.90870       37.22360        0.00169        0.00671       31.71154        0.17499       12.16500       14.86703        3.56113        0.00300        0.02381        0.04167      300.00000       83.95481
   70    1    1     2430.70837     1845.67034      746.08158        5.74579      113.68209        0.01578        0.03203        1.42115       34.50000        0.24020        0.31526        1.41930       12.98767        0.04135        0.00887        0.00184        0.85222      114.14687        0.01585        0.03172       34.65363        0.30006        0.82305        0.85218       12.93480        0.04167        0.01006        0.00004      300.00000       15.76043
   71    1    1     1724.54367     2044.04920      639.14109        8.73420      132.85084        0.02156        0.00670        0.91598       11.10000        0.69966        0.81972        0.91484       11.25677        0.03112        0.01895        0.00115        1.32720      132.74731        0.02148        0.00676       11.10073        0.36916        0.75086        1.31420       11.25671        0.03061        0.00762        0.01300      300.00000        0.26798
   72    1    1     1709.69786     1505.87876      676.63061        8.92321      124.67714        0.01898        0.00486        0.92877        7.00000        0.00702        0.80540        0.92916        6.67314        0.01101        0.01795       -0.00042        0.09190      124.86666        0.01904        0.00484        6.97692        0.10839        1.55786        0.07532        6.67243        0.01134        0.00063        0.01658      300.00000        1.01928
   73    1    1     3787.44142     3602.43455     1401.33488        6.85858       71.17648        0.00619        0.00697        0.73495       15.60000        2.61536        0.99935        0.73522       14.02205        0.04890        0.00325       -0.00022        2.23876       70.39560        0.00605        0.00759       15.28813        1.80717        0.30714        2.23512       14.02262        0.04804        0.00023        0.00364      300.00000        1.26419
   74    1    1     1670.85885     4131.85863     1882.48478        7.08467      161.42260        0.03182        0.03158        0.11989       13.60000        3.00425        1.61498        0.11959        4.12837        0.00425        0.00093        0.00027        0.36370      160.65584        0.03143        0.03156       13.96125        1.44929        2.92589        0.36411        4.09720        0.00417        0.00165       -0.00041      300.00000        0.50412
   75    1    1     1389.55002    10703.15310     4967.56214        8.59184      169.57698        0.03512        0.01246        0.35752       37.90000       10.30180        1.38299        0.35158       11.19790        0.03053        0.00018        0.00594        1.86187      169.60750        0.03513        0.01226       37.95328        1.15971        9.01782        1.85902       11.19698        0.03067        0.00312        0.00285      300.00000        0.27187
   76    1    1     1167.55152     2088.50902     1025.95079        8.63188      202.01232        0.04984        0.01705        0.11928        7.00000        0.41318        1.61596        0.11860        4.80734        0.00568        0.00363        0.00073        1.83577      202.22159        0.04987        0.01715        6.82227        0.01704        0.29519        1.83540        4.80889        0.00577        0.00386        0.00037      300.00000        0.24194
   77    1    1     2498.96273     1993.58929      795.64334        4.31465      100.70093        0.01239        0.05414        0.89227        8.10000        0.53945        0.84426        0.89030        7.49129        0.01405        0.00019        0.00194        0.88702       92.47224        0.01043        0.03539       14.19573        0.58393        0.81005        0.88440       11.05142        0.02989        0.00005        0.00263      300.00000       32.30293
   78    1    1     1567.29998     4069.90196     1487.01407        8.34600      156.96093        0.03009        0.01311        0.46034       35.90000        2.83554        1.27499        0.45958       16.31249        0.06644        0.00073        0.00075        1.68464      156.93860        0.03008        0.01312       35.90207        1.13914        1.74746        1.68353       16.31282        0.06535        0.00146        0.00112      300.00000        0.64707
   79    1    1     1843.25559    25846.53350    11516.89782        3.62071      134.87462        0.02222        0.14726        0.50611       12.40000       26.28932        1.22819        0.50637        3.06210        0.00232        0.00950       -0.00030        9.78964      102.80300        0.01291        0.04782       46.34172        0.32671       18.02756        9.78118        0.73747        0.00013        0.00016        0.00846      300.00000       15.65520
   80    1    0      645.67180 36089633.83020 12720564.47615        7.02857      138.69650        0.02349        0.02406        1.07983       17.00000    31331.53623        0.67687        1.05784       14.12815        0.04786        0.01978        0.02194       76.95444        0.00000        0.00000        0.00000      149.58691        0.05013    31256.39427       76.95444        0.00000        0.00000        0.00000        0.00000      300.00000        0.00000
   81    1    1     3669.87746     3395.71195     1720.11911        7.50056       74.76960        0.00683        0.00531        0.76247       23.80000        1.97943        0.97515        0.75941        3.34175        0.00280        0.02494        0.00303        1.21219       74.71267        0.00681        0.00530       23.80721        0.17592        2.34034        1.19778        3.34017        0.00284        0.01355        0.01441      300.00000        2.50725
   82    1    1     1425.97907     2936.90956      566.01533        8.85193      156.11178        0.02976        0.00822        1.25753       27.40000        1.75347        0.48883        1.24573        3.55613        0.00321        0.00789        0.01178        1.65108      155.89395        0.02964        0.00822       27.43911        1.10870        0.72940        1.65006        3.55535        0.00316        0.01873        0.00102      300.00000        0.09110
   83    1    1     1705.69413     4417.71218     2027.16758        2.91612       58.45005        0.00417        0.04489        0.69937       20.40000        3.14285        1.06452        0.67005       11.92029        0.03390        0.06004        0.02929        2.28779       70.78854        0.00609        0.05713       23.22290        0.50185        2.13421        2.24610        8.32112        0.01640        0.04628        0.04169      300.00000       88.90918
   84    1    1     2155.63590     3850.33377     1130.88280        6.98106      124.48203        0.01893        0.01991        1.42054       39.90000        2.63607        0.34849        1.38607        5.11208        0.00674        0.03160        0.03443        1.26779      124.39151        0.01889        0.01981       39.94742        2.67316        0.43266        1.26500        5.10280        0.00653        0.06344        0.00279      300.00000        0.81183
   85    1    1     4035.64030     1700.26457      800.87314        5.02682       58.55873        0.00419        0.01239        1.44470        8.10000        0.02515        0.28984        1.44472       17.42451        0.07486        0.00386       -0.00002        1.44717       48.73808        0.00290        0.01261       16.45786        0.02492        0.29634        1.44716       16.60860        0.06800        0.00304        0.00002      300.00000       18.00539
   86    1    1     3014.16744     2150.64868      923.57252        3.64212       52.96452        0.00343        0.02240        0.90625        6.10000        0.68422        0.83801        0.89656       11.68905        0.03312        0.01642        0.00966        2.02177       53.35174        0.00347        0.02046       18.34534        0.08664        0.32655        2.00288       12.39712        0.03922        0.00575        0.01889      300.00000       29.05135
   87    1    1     1587.10503     4550.56467     2079.57272        6.17791      165.81510        0.03358        0.05440        0.07458       15.20000        3.47943        1.68591        0.04866        5.12465        0.00628        0.00501        0.02590        4.04528      165.72519        0.03343        0.05375       15.15125        0.09308        1.10315        4.01778        5.42589        0.00703        0.00345        0.02749      300.00000        0.39084
   88    1    1     2701.13096    35327.70241    14065.19272        1.24521       22.51304        0.00062        0.03930        0.28915        9.70000       37.62947        1.44682        0.28775        4.46138        0.00498        0.00266        0.00143       11.06288        5.11228        0.00003        0.01110       22.64284        1.76024       26.55593       11.05925        9.47256        0.02192        0.00089        0.00363      300.00000      154.48706
   89    1    1     1513.40610     7008.59767     3093.75899        1.00511       28.51566        0.00099        0.09731        1.27666       22.70000        6.19742        0.45750        1.27706        7.18644        0.01283        0.00631       -0.00048        2.98330       29.97860        0.00109        0.06079       22.51892        0.54856        4.37019        2.97419       18.57766        0.08370        0.00138        0.00912      300.00000      135.40870
   90    1    1     3767.14459     3043.36200     1002.19806        1.50132       32.20657        0.00127        0.05494        0.87895       26.50000        1.78885        0.85775        0.87682       13.60679        0.04638        0.00041        0.00213        2.02194       43.64415        0.00232        0.04200       36.61160        0.49441        1.04662        2.02099        8.77728        0.01924        0.00200        0.00096      300.00000       58.95015
   91    1    1     5869.20122    35941.52446    15097.02751        6.92994       53.11715        0.00345        0.00373        0.37225       31.20000       37.56062        1.37320        0.36137       12.30448        0.03665        0.01415        0.01091       30.15205       53.47810        0.00349        0.00437       31.13674        0.25988        8.90044       30.13412       12.31069        0.03645        0.00738        0.01793      300.00000       21.63218
   92    1    1     1232.23302     1746.65296      680.09907        8.72847      185.72930        0.04213        0.01317        0.26841        4.70000        0.24182        1.46607        0.26849       17.22076        0.07315        0.00061       -0.00007        1.60667      185.93947        0.04221        0.01315        4.62891        0.01678        0.35342        1.60616       17.22078        0.07296        0.00016        0.00051      300.00000        0.15421
   93    1    1     1712.35788     1912.65844      492.94451        1.77515       45.97910        0.00258        0.07936        1.18509       19.80000        0.48730        0.55546        1.17911        1.59549        0.00062        0.00014        0.00600        1.07469       54.75338        0.00363        0.05908       26.39750        0.47478        0.69723        1.06893        1.88017        0.00086        0.00029        0.00576      300.00000       86.98556
   94    1    1     1454.17587     1735.89698      569.81795        0.71057       20.79281        0.00053        0.10405        1.21093       17.10000        0.13022        0.54703        1.18754       11.79020        0.03330        0.08278        0.02344        0.80608       32.50323        0.00128        0.08392       30.92777        0.27767        0.86217        0.74119       11.88916        0.03696        0.04075        0.06489      300.00000      145.47465
   95    1    1     3155.62646     3902.79538     1501.33898        0.83380        6.40048        0.00005        0.00715        0.73779       26.00000        2.87446        0.99837        0.73620       14.02476        0.04825        0.02831        0.00162        2.64658       18.57466        0.00042        0.03741       24.89741        0.54051        1.39236        2.64425       13.97252        0.04781        0.02928        0.00232      300.00000      152.02886
   96    1    1     2358.66594     1577.14986      596.70915        8.05343      107.95299        0.01423        0.00771        0.65671       23.80000        0.04945        1.07753        0.65704       16.33126        0.06587        0.00021       -0.00033        1.47631      107.90063        0.01421        0.00747       23.90302        0.04606        0.26143        1.47677       16.33131        0.06620        0.00003       -0.00046      300.00000        0.75616
   97    1    1     2048.32552     1676.53730      505.25076        2.11009       49.78630        0.00303        0.06496        1.35681       12.50000        0.23150        0.38562        1.34894        3.21962        0.00252        0.01750        0.00791        0.71503       62.28805        0.00473        0.02504       26.71167        0.37588        0.92208        0.69704        6.88333        0.01208        0.00710        0.01799      300.00000       76.42203
   98    1    1      764.16167     1898.89457      608.02894        8.80131      294.97099        0.10627        0.03092        0.82017       25.40000        0.08550        0.91673        0.81783       18.92865        0.08979        0.05990        0.00226        1.38390      294.90043        0.10583        0.03129       25.42727        0.09254        0.41069        1.31690       18.92859        0.08382        0.00120        0.06700      300.00000        0.20251
   99    1    1     2054.03127     1796.16969      615.84979        2.95327       52.74908        0.00340        0.03557        0.78219       21.50000        0.28962        0.95868        0.77589       19.21052        0.08981        0.01766        0.00633        1.35083       44.08354        0.00236        0.03524       29.08878        0.15867        0.55443        1.33514       17.15854        0.07495        0.00044        0.01569      300.00000       94.77609
  100    1    1     1209.80754     1793.33965      609.71951        8.81466      187.32440        0.04286        0.01230        1.58499       15.50000        0.27112        0.15997        1.57459        7.69412        0.01434        0.00874        0.01046        0.93258      187.17031        0.04274        0.01235       15.53410        0.52992        0.56099        0.91482        7.69324        0.01509        0.00065        0.01776      300.00000        0.53747
