    1    1    1     2841.41077     1727.25852      683.32506        2.90142       85.31823        0.00889        0.09672        0.50096       18.20000        0.01700        1.24376        0.49080       11.73053        0.03333        0.01509   -33197.37368        1.45622       40.50755        0.00200        0.00781       40.86064        0.10205        0.26866        1.44178       16.50793        0.06574        0.01327        0.01445      300.00000       61.30177
    2    1    1     1696.70121     2243.43431      851.90883        2.30811       63.76154        0.00497        0.08824        1.52798       30.10000        0.73888        0.20659        1.52797       10.68943        0.02845        0.00518       -0.00000        1.27560       71.73711        0.00627        0.06295       29.02102        0.04999        1.16759        1.27044       12.29563        0.03685        0.00104        0.00516      300.00000       60.45127
    3    1    1     1052.21961     1779.14063      589.29848        8.82536      212.78960        0.05530        0.01570        0.59114       13.50000        0.11718        1.17227        0.56230       19.50420        0.09078        0.04995        0.02887        1.19277      212.83949        0.05518        0.01587       13.45400        0.06594        0.59511        1.19062       19.50421        0.09320        0.07424        0.00215      300.00000        0.12745
    4    1    1     1888.42077   102046.22901    43863.54980        1.62754       42.61577        0.00222        0.08152        0.17609       15.90000      104.04408        1.55802        0.17654        8.91803        0.01966        0.04664       -0.00039       31.94385       24.50803        0.00073        0.03034       27.35297        0.34161       73.58149       31.91156        8.49639        0.01858        0.01165        0.03228      300.00000      130.20382
    5    1    1     1535.67503     8373.10043     3885.87249        1.15460       28.78889        0.00101        0.07492        1.21088       32.10000        8.05338        0.54294        1.19163        2.71117        0.00188        0.00004        0.01920        2.99526       62.05497        0.00469        0.06346       39.29686        1.05184        5.75704        2.97180        4.61262        0.00510        0.00766        0.02346      300.00000      114.15940
    6    1    1     5622.98647    11398.64092     5344.82578        6.57829       58.19489        0.00414        0.00542        1.51399       13.70000       11.54226        0.23412        1.50044        4.44531        0.00502        0.00571        0.01364        4.32353       58.99958        0.00425        0.00473       13.97571        1.63562        7.33692        4.30466        4.49269        0.00515        0.00046        0.01887      300.00000       36.81446
    7    1    1     1640.10941    18251.19839     7792.57658        1.88330       50.18503        0.00308        0.08365        0.43781       33.40000       18.25005        1.33005        0.40451       12.67088        0.04136        0.01295        0.03324       10.76215       57.82885        0.00408        0.05207       34.48691        0.23431        9.06395       10.65899       13.46062        0.04179        0.00058        0.10315      300.00000       92.79924
    8    1    1     5685.77267     2991.29777     1013.48185        2.51619       59.58241        0.00434        0.06415        0.97963       24.70000        1.73232        0.79230        0.94226        1.83990        0.00080        0.00166        0.03737        2.15801       51.32692        0.00321        0.00486       32.82479        0.35883        0.97354        2.15668       12.37645        0.03760        0.03916        0.00133      300.00000       54.02457
    9    1    1     1553.68995    27291.57980    11957.89036        7.13282      173.53374        0.03678        0.03551        0.96598       29.00000       28.37976        0.76942        0.96515        8.61047        0.01822        0.00012        0.00087       14.33511      173.26759        0.03660        0.03598       28.87610        3.01327       12.76530       14.33545        8.61132        0.01832        0.00119       -0.00035      300.00000        0.25169
   10    1    1     2264.17256     3829.43530     1681.53069        7.79376      118.46812        0.01714        0.01108        0.47975       27.60000        2.64516        1.25433        0.48024        5.35201        0.00710        0.00146       -0.00052        1.80895      118.99949        0.01727        0.01118       27.54424        0.63276        1.93732        1.80950        5.34657        0.00709        0.00146       -0.00055      300.00000        1.95692
   11    1    1    14333.99391     5843.88936     2444.24602        0.68324       17.48494        0.00037        0.07961        0.21803       21.00000        4.99419        1.57859        0.15597        7.77017        0.01577        0.02264        0.06200        3.77734        3.32456        0.00001        0.04608       23.27598        0.42967        2.51169        3.77620       16.42216        0.06741        0.07698        0.00114      300.00000       96.28814
   12    1    1     5212.40543     1712.27779      642.73696        5.32389       62.85137        0.00482        0.01220        0.67035        7.60000        0.30027        1.07725        0.65732        5.91793        0.00890        0.00101        0.01301        0.35623       60.76014        0.00451        0.00768       14.96316        0.47868        1.21159        0.35457        3.76566        0.00355        0.01256        0.00166      300.00000       64.80759
   13    1    1     1455.63854     1682.56602      704.52596        6.09640      180.84811        0.03994        0.06753        1.61972       11.60000        0.05031        0.11449        1.62008        7.77423        0.01501        0.00772       -0.00040        0.28793      180.38940        0.03954        0.06661       11.74298        0.16046        1.34354        0.28108        8.05842        0.01639        0.00026        0.00685      300.00000        0.85942
   14    1    1     1581.26719     1668.06519      722.77071        7.77788      166.79304        0.03398        0.02219        0.26917       11.20000        0.12234        1.47818        0.25638       11.55067        0.03224        0.00007        0.01276        1.73007      167.15565        0.03412        0.02169       11.57591        0.02046        0.11451        1.72239       11.55041        0.03370        0.00362        0.00769      300.00000        0.35557
   15    1    1     1939.09048     2213.67154      821.12414        7.58717      138.11078        0.02330        0.01717        0.38047       11.90000        0.73348        1.35902        0.37555       16.27671        0.06459        0.00136        0.00494        1.12959      137.50003        0.02303        0.01758       11.71543        0.40780        0.93225        1.12776       16.27613        0.06496        0.00418        0.00182      300.00000        0.24598
   16    1    1     3057.22195     2418.32749      624.64443        0.79420        7.93110        0.00008        0.01210        0.95120       17.40000        1.16769        0.78587        0.94869        8.26886        0.01714        0.02613        0.00251        0.75145        6.64608        0.00005        0.02600       18.08738        1.07220        1.10659        0.72738        1.22380        0.00038        0.00354        0.02407      300.00000      148.71306
   17    1    1     2235.89154     1553.39613      563.63757        0.35511        5.91291        0.00004        0.03382        1.35656       19.30000        0.06745        0.37805        1.35652        7.48235        0.01380        0.02889        0.00006        0.36681        2.88994        0.00001        0.03179       13.27035        0.14346        1.30766        0.33804       10.92559        0.02849        0.00038        0.02877      300.00000      169.35262
   18    1    1     2755.65690     8770.03644     3608.52392        4.34782       71.77418        0.00629        0.02699        1.59207       38.10000        8.46489        0.16624        1.56833        4.21817        0.00456        0.01073        0.02372        5.97881       70.54545        0.00607        0.03170       41.82719        1.48270        2.74898        5.96102        4.95017        0.00589        0.01761        0.01779      300.00000       17.17849
   19    1    1     1239.04488     1682.79013      586.67172        5.81405      209.72424        0.05372        0.10520        1.47962       23.70000        0.03153        0.25974        1.47482        8.31714        0.01741        0.00003        0.00475        1.08839      210.50276        0.05360        0.10735       23.13247        0.03427        0.64741        1.08304        8.15873        0.01622        0.00001        0.00536      300.00000        3.10943
   20    1    1     2039.71703     1837.03702      825.43038        8.15414      124.64425        0.01897        0.00956        0.72308       12.70000        0.37948        1.01500        0.71957        4.63634        0.00525        0.00563        0.00352        1.19246      124.85752        0.01898        0.00926       13.01169        0.19258        0.72894        1.19294        4.63386        0.00531        0.00945       -0.00048      300.00000        0.25633
   21    1    1     1980.13098     1448.38063      631.87048        7.99398      129.66843        0.02054        0.01160        0.79257        6.80000        0.00259        0.94289        0.79167        6.64677        0.01103        0.00877        0.00081        0.32427      129.80633        0.02056        0.01132        7.26450        0.00423        1.41773        0.31553        6.64785        0.01118        0.00069        0.00874      300.00000        0.63032
   22    1    1      813.14655     4152.05367     1944.74831        8.89626      270.23629        0.08919        0.02350        0.24412       33.70000        2.37299        1.49164        0.24293       16.97815        0.07079        0.00260        0.00108        1.64265      270.26076        0.08896        0.02365       33.73959        0.11044        2.35522        1.64204       16.97809        0.07090        0.00302        0.00061      300.00000        0.05542
   23    1    1     5541.47126   139617.14581    55737.50487        7.46917       49.13119        0.00295        0.00234        1.46374       13.80000      141.37410        0.27025        1.46431       11.75288        0.03422        0.01003       -0.00053       23.40777       49.32824        0.00297        0.00218       14.24097        0.35540      119.34964       23.40368       11.76533        0.03480        0.00488        0.00409      300.00000        3.08996
   24    1    1     1851.46887     5894.89828     2759.55144        4.76380      141.05177        0.02430        0.08277        0.35382       26.90000        4.94740        1.38682        0.34775       10.27677        0.02571        0.00119        0.00609        2.54657      141.11688        0.02423        0.07223       26.56640        0.42144        3.71590        2.54407       12.25146        0.03763        0.00401        0.00249      300.00000       35.32781
   25    1    1     2408.16147     1997.65404      597.59495        8.28310      102.16494        0.01275        0.00583        1.47955       34.50000        0.53833        0.26907        1.46550        3.25471        0.00269        0.00803        0.01405        0.52745      102.10426        0.01271        0.00588       34.49086        1.39203        0.37279        0.50804        3.25689        0.00271        0.00270        0.01940      300.00000        1.55994
   26    1    1     5337.13083     2746.06986     1119.19670        4.78128       60.67927        0.00450        0.01517        0.52665       21.60000        1.50762        1.23652        0.49805        6.96275        0.01157        0.00090        0.02869        0.37323       49.05637        0.00294        0.00534       25.78501        0.95212        1.93526        0.35816        8.95289        0.02039        0.01366        0.01507      300.00000       58.37225
   27    1    1     4285.78515     1739.22855      799.58093        3.46250       34.20929        0.00143        0.01049        0.88908       31.00000        0.05445        0.84592        0.88864       13.75175        0.04654        0.00029        0.00049        0.44161       31.76648        0.00123        0.00529       41.55667        0.14109        1.24581        0.44151        7.21010        0.01295        0.00022        0.00010      300.00000       82.30544
   28    1    1     1856.47035     6665.19354     2719.11584        5.97217      144.21616        0.02540        0.04582        1.25686       31.40000        6.08104        0.47716        1.25741       10.35064        0.02651        0.03299       -0.00051        1.78144      144.66491        0.02553        0.04521       31.75218        0.35310        5.68728        1.77610       10.27152        0.02571        0.02751        0.00534      300.00000        5.79373
   29    1    1     1741.19005     1903.84364      837.64317        1.37737       24.82119        0.00075        0.03891        1.21008       10.60000        0.15380        0.52597        1.20860       22.17516        0.12063        0.00002        0.00150        0.11654        4.18937        0.00002        0.08995        9.11747        0.24364        1.55204        0.11709       13.78807        0.04709        0.00088       -0.00055      300.00000      148.93766
   30    1    1     1826.14287     3234.44826      930.00597        3.86254       86.84508        0.00921        0.05253        1.06488       35.30000        1.98213        0.66991        1.06465        6.06584        0.00906        0.00008        0.00016        1.34431       96.10356        0.01126        0.09643       30.31006        1.01003        1.32185        1.34420        3.98765        0.00392        0.00000        0.00011      300.00000       17.31757
   31    1    1     2769.65196     2083.71398      486.24141        0.86835       22.48839        0.00062        0.08130        1.10678       29.10000        0.62836        0.63094        1.10363        6.93255        0.01206        0.00069        0.00312        1.25267       11.89362        0.00017        0.00604       31.40608        0.87138        0.24729        1.25167       18.04492        0.08000        0.00321        0.00100      300.00000      148.22609
   32    1    1     1190.62132     2780.37578      806.83649        8.10740      214.07006        0.05597        0.02918        1.04111       22.70000        1.46814        0.70237        1.03220        6.75911        0.01108        0.03631        0.00892        1.66522      214.20430        0.05598        0.02940       22.60337        0.91971        0.63451        1.64825        6.76106        0.01100        0.02833        0.01697      300.00000        0.40187
   33    1    1     1247.79095     1849.52606      600.61490        8.86637      176.60540        0.03809        0.01036        1.36449       21.40000        0.21641        0.37997        1.35459       16.56131        0.06945        0.05893        0.00984        0.43139      176.48951        0.03801        0.01025       21.52986        0.76529        0.81381        0.37217       16.56156        0.06439        0.01457        0.05922      300.00000        0.16027
   34    1    1     1523.98036     2051.55021      852.85142        8.41724      159.97316        0.03126        0.01286        0.62783       17.40000        0.75698        1.10626        0.62830        1.16178        0.00034        0.00002       -0.00049        0.21744      159.77394        0.03114        0.01296       17.39556        0.19101        2.08258        0.21794        1.17696        0.00034        0.00007       -0.00051      300.00000        0.53483
   35    1    1     1565.79699     1388.08518      689.76635        8.90824      137.74825        0.02317        0.00603        1.69093        1.50000        0.00431        0.04667        1.68789        9.67252        0.02288        0.01118        0.00301        0.50677      137.69766        0.02315        0.00606        1.30208        0.00061        1.23572        0.50252        9.67304        0.02353        0.00935        0.00425      300.00000        0.78104
   36    1    1     3594.62671     2692.21299     1188.39772        5.33035       79.29881        0.00768        0.01935        0.64685       17.80000        1.23343        1.09559        0.63897       11.96281        0.03476        0.01756        0.00794        1.87092       77.05301        0.00724        0.03035       18.13877        0.41020        0.68363        1.87042       10.74429        0.02880        0.02409        0.00050      300.00000       67.43503
   37    1    1     1758.84311     2310.23996      632.73137        5.41790      151.03008        0.02786        0.06705        1.75131       23.00000        0.69320        0.00315        1.73141       10.18450        0.02491        0.00609        0.01990        0.58244      147.23079        0.02621        0.07019       22.47841        1.80115        0.04903        0.57612       10.19142        0.02527        0.01928        0.00632      300.00000       15.22108
   38    1    1     1018.40507  5750065.30825  1959875.19945        8.44665      239.39396        0.06999        0.02811        1.77212       11.90000     4958.65088        0.01696        1.71761       11.02832        0.03166        0.02966        0.05444      282.07518      239.38332        0.06998        0.02814       11.90629        0.03223     4678.25872      281.99938       11.03135        0.02836        0.01165        0.07580      300.00000        0.02070
   39    1    1     2046.29054    20466.78451     9048.11609        2.34334       34.83076        0.00148        0.02550        0.30863       31.00000       21.23015        1.43456        0.30001       17.37945        0.07638        0.00218        0.00862       10.47157       40.09226        0.00196        0.07049       38.85225        2.49000        9.91794       10.47132       22.53060        0.12654        0.00038        0.00025      300.00000      108.89645
   40    1    1     2697.39077     1535.53479      664.69087        6.99815      101.35678        0.01255        0.01307        0.95968       17.20000        0.02684        0.81708        0.91748        5.51916        0.00788        0.00120        0.04213        0.56276      100.98255        0.01243        0.01362       16.98042        0.12605        1.07162        0.56335        5.54263        0.00761        0.04421       -0.00059      300.00000        1.60352
   41    1    1     2408.46168   235103.89034    95046.84246        5.14223      112.43551        0.01544        0.04295        0.35231       50.30000      233.38200        1.43675        0.29782        6.86663        0.01227        0.00008        0.05449       12.71578      114.75461        0.01607        0.04280       51.39116        1.23454      221.16891       12.71561        5.52132        0.00760        0.05614        0.00017      300.00000       34.48314
   42    1    1     6070.70597     1818.27180      888.16333        1.97601       13.77900        0.00023        0.00571        0.04024       31.00000        0.18084        1.70109        0.03347        5.69199        0.00817        0.01337        0.00668        1.44387       25.59798        0.00080        0.01093       35.88726        0.19431        0.28865        1.42393        6.45106        0.00999        0.00110        0.01993      300.00000       73.49683
   43    1    1     2086.60411   881628.46722   324094.33751        6.07480      130.25458        0.02072        0.03543        1.72657       10.10000      840.60486        0.01696        1.71761        8.30901        0.01747        0.00727        0.00900      481.14388      130.96748        0.02093        0.03615        9.43401        0.40637      360.79950      481.13103        8.64908        0.01807        0.00424        0.01284      300.00000        7.94593
   44    1    1     2851.32752     1584.00460      571.44484        0.77322       18.14317        0.00040        0.06684        1.01034       11.30000        0.04728        0.72529        1.00928        4.45153        0.00487        0.08030        0.00104        1.05708       45.32096        0.00251        0.01103       30.54530        0.08603        0.75714        0.97768        8.55385        0.01924        0.00228        0.07940      300.00000       80.69663
   45    1    1     2773.00659     2667.37890     1123.95048        3.01261       51.73985        0.00327        0.03275        0.66163       19.60000        1.38288        1.08097        0.65360        5.26521        0.00701        0.00748        0.00806        1.93148       59.05134        0.00425        0.01948       15.11648        0.11314        1.09125        1.93187        0.81201        0.00016        0.01622       -0.00039      300.00000       33.48309
   46    1    1     2995.00945    74216.50627    29341.54955        6.51977       92.84768        0.01053        0.01424        1.51398       12.50000       75.55643        0.23433        1.50024        7.71496        0.01513        0.01104        0.01368       11.04270       92.02619        0.01034        0.01531       12.00499        0.01820       66.25484       11.01723        7.66940        0.01407        0.00017        0.02547      300.00000        6.19834
   47    1    1     5124.18099     1626.70455      723.83275        5.81764       95.37236        0.01111        0.02171        0.83027        3.60000        0.03937        0.92680        0.80777       11.31835        0.03278        0.00051        0.02246        1.03310       93.05495        0.01054        0.01975        7.89471        0.02755        0.74025        1.00846       11.37490        0.03096        0.00038        0.02464      300.00000      164.93724
   48    1    1     4453.56133    17699.33500     7026.50784        4.60038       34.94097        0.00149        0.00555        0.10292       33.40000       19.18076        1.68440        0.05016        4.73542        0.00583        0.00122        0.05282       17.13357       33.08175        0.00133        0.01609       30.02083        0.56093        3.24268       17.08815        6.01011        0.00936        0.01821        0.04543      300.00000       51.54415
   49    1    1     2229.32425   277880.98325   111298.51985        1.33190       20.56139        0.00052        0.02859        0.00831       16.70000      277.36774        1.72878        0.00579        6.84325        0.01146        0.00599        0.00254       66.56383       25.56937        0.00080        0.02221       22.64838        0.08162      212.47176       66.55998        6.37529        0.01021        0.00113        0.00384      300.00000      158.20155
   50    1    1     1560.93006     2374.08585      834.74303        5.96617      167.38738        0.03422        0.06192        1.37133       11.40000        1.10446        0.38637        1.34820        5.48160        0.00769        0.00420        0.02315        1.40850      167.36493        0.03415        0.06203       11.55088        0.36746        1.07707        1.39470        5.39470        0.00740        0.01358        0.01380      300.00000        1.69778
   51    1    1     1164.05123     1793.46541      581.31908        2.48876       96.14797        0.01129        0.17099        0.96253        9.80000        0.09411        0.82093        0.91363       10.50614        0.02604        0.00000        0.04894        1.46757      120.49265        0.01766        0.12277       35.07124        0.26442        0.19710        1.42332        6.44837        0.00983        0.00655        0.04425      300.00000       60.97310
   52    1    1     1189.70702     2022.84291      712.94273        5.95634      219.95251        0.05909        0.10746        0.95247       10.40000        0.38867        0.78680        0.94776        9.27102        0.02163        0.00397        0.00474        0.78222      217.91067        0.05797        0.11015        8.83324        0.11901        1.22495        0.77773        9.24466        0.02150        0.00430        0.00449      300.00000        2.33578
   53    1    1     3930.10061     1518.46407      674.74086        3.06966       46.27492        0.00262        0.02514        0.92764       15.10000        0.05961        0.82129        0.91327        7.21849        0.01325        0.00004        0.01444        0.44615       48.00778        0.00281        0.00754       18.00382        0.02120        1.34640        0.43209        9.86695        0.02349        0.00199        0.01407      300.00000       21.48383
   54    1    1     2165.86915    30431.11105    13479.78287        4.41942       87.68898        0.00939        0.03869        1.53206       39.00000       31.98270        0.20820        1.52637        8.87972        0.01920        0.00199        0.00566       28.73411       86.90561        0.00919        0.04722       37.41380        0.78947        4.19007       28.72827        9.29652        0.02104        0.00114        0.00584      300.00000       21.38559
   55    1    1     4938.25952     3211.62772     1076.36880        3.36096       36.25539        0.00161        0.01261        0.80259       27.30000        1.91639        0.93187        0.80269       14.42244        0.05129        0.00069       -0.00007        2.66506       45.80313        0.00255        0.01578       31.52447        0.73589        0.23831        2.66557       15.39461        0.05875        0.00069       -0.00051      300.00000       10.35715
   56    1    1     2399.58230     2281.48390      742.22213        7.45851      114.56952        0.01603        0.01279        1.11841       21.00000        1.10137        0.62352        1.11104        4.56304        0.00526        0.00420        0.00744        1.91712      114.34734        0.01591        0.01299       20.92417        0.41803        0.50863        1.90910        4.56756        0.00507        0.00383        0.00802      300.00000        2.39141
   57    1    0      958.13021 16320416.19603  5542866.85055        5.03581      103.98357        0.01321        0.03887        0.55333       30.70000    14075.37845        1.18072        0.55384       10.43890        0.02698        0.00040       -0.00050      717.83736        0.00000        0.00000        0.00000      125.87899        0.28771    13359.06749      717.83736        0.00000        0.00000        0.00000        0.00000      300.00000        0.00000
   58    1    1     1019.49178     1946.94168      883.00363        8.88923      215.06597        0.05649        0.01500        0.55967        7.20000        0.37652        1.17713        0.55744        7.05426        0.01247        0.02970        0.00035        1.55312      215.07604        0.05649        0.01505        7.08077        0.01615        0.55501        1.53985        7.05356        0.01264        0.01853        0.01327      300.00000        0.09160
   59    1    1     2439.42612     1680.86967      826.61145        1.17756       22.08179        0.00060        0.04235        0.74999       18.40000        0.07661        0.98870        0.74586        4.92951        0.00593        0.00293        0.00408        0.49617       41.09576        0.00206        0.01695       12.83175        1.07455        0.23270        0.49377       12.66567        0.03929        0.00540        0.00240      300.00000      108.36276
   60    1    1     2261.40735     8383.88158     3225.84743        0.02280        0.30957        0.00000        0.02251        0.59962       17.40000        8.60450        1.13688        0.59768        5.90433        0.00855        0.00437        0.00193        3.09522        2.68582        0.00001        0.02152       17.65802        2.85868        4.39342        3.09146        4.91661        0.00607        0.00151        0.00376      300.00000      174.49434
   61    1    1     1102.76247     2620.97143      558.26786        1.19197       43.55929        0.00232        0.16079        0.62451       17.60000        1.03147        1.10958        0.62499       15.46109        0.05913        0.00980       -0.00042        1.15159       34.37445        0.00143        0.16508       35.61581        1.02892        0.61802        1.14270       11.48277        0.03199        0.00058        0.00889      300.00000      134.32121
   62    1    1     1859.17990     1700.53469      808.83122        1.34792       27.34816        0.00091        0.04936        0.15927        9.90000        0.00573        1.60376        0.13081        9.35617        0.02089        0.00217        0.02845        0.54648       38.89929        0.00185        0.02777        8.59876        0.00639        1.18794        0.54543       13.32880        0.04364        0.02804        0.00105      300.00000      126.63409
   63    1    1     1796.72350     1578.59949      697.63774        6.86678      149.63802        0.02735        0.03065        1.39181       14.00000        0.09936        0.36128        1.37328        7.20011        0.01246        0.04329        0.01860        1.34832      149.64188        0.02734        0.03088       13.84619        0.04078        0.49875        1.29416        7.19090        0.01346        0.00667        0.05416      300.00000        0.23405
   64    1    1     1755.00891     1696.10995      680.31100        1.41313       29.39037        0.00105        0.05178        0.70761       14.60000        0.26234        1.03869        0.69588       11.68075        0.03461        0.00702        0.01169        0.20268       27.41560        0.00092        0.04333       20.78841        0.07369        1.74767        0.18707       11.06268        0.03115        0.00365        0.01562      300.00000      134.45028
   65    1    1     1151.06393     2027.94131      858.32000        7.99608      224.77760        0.06171        0.03481        0.69343       15.10000        0.45796        1.04060        0.69396        8.15213        0.01649        0.00025       -0.00043        0.55210      224.56592        0.06130        0.03535       14.94777        0.38534        1.25442        0.55252        8.15417        0.01650        0.00023       -0.00042      300.00000        0.43392
   66    1    1    12967.05628     5539.10942     2484.61341        6.63051       42.03641        0.00216        0.00275        0.21525       34.90000        4.78080        1.52241        0.21216       10.33589        0.02612        0.00386        0.00314        2.61694       48.52602        0.00287        0.00691       24.02900        0.21613        3.69575        2.61512        6.25083        0.00978        0.00496        0.00182      300.00000       98.94760
   67    1    1     3056.44886     1611.25525      727.23403        0.34724        3.14889        0.00001        0.01003        0.85309       10.60000        0.03797        0.88481        0.84975        4.67483        0.00534        0.07108        0.00333        0.96338       27.49379        0.00092        0.02518       17.74460        0.35904        0.48720        0.88928       10.19874        0.02426        0.00235        0.07410      300.00000      151.60444
   68    1    1     4246.60768   174729.84947    71301.90006        3.00273       39.69785        0.00192        0.01942        1.41122       22.90000      176.42666        0.36173        1.37284        8.67732        0.01786        0.02430        0.03844       66.08438       44.36135        0.00240        0.00503       17.96125        0.05860      112.01033       66.08424       14.15090        0.04989        0.05247        0.00015      300.00000       40.12138
   69    1    1     2029.91253     5147.85426     2408.39609        0.10980        1.84016        0.00000        0.03430        0.56641       32.00000        4.13830        1.17550        0.55907        8.40568        0.01784        0.01045        0.00735        2.87239       19.43884        0.00046        0.05174       43.02377        2.11507        0.87232        2.86829        7.99220        0.01606        0.01477        0.00410      300.00000      157.34012
   70    1    1     1998.89290     3271.92313     1463.87839        2.18239       56.21865        0.00386        0.07719        0.63852       42.50000        1.71972        1.09559        0.63897        9.92557        0.02446        0.02436       -0.00046        0.69934       23.61009        0.00068        0.03116       45.00930        0.66688        2.15657        0.69715        4.85096        0.00577        0.02332        0.00218      300.00000      111.23308
   71    1    1     3450.27341     1686.64949      566.90233        4.46722       79.69793        0.00776        0.03112        0.78865       13.20000        0.31477        0.94556        0.78900        1.54067        0.00059        0.01551       -0.00034        0.72153       84.36429        0.00868        0.01701        9.51943        0.92694        0.40776        0.70981        8.53505        0.01762        0.00442        0.01172      300.00000       38.58461
   72    1    1     3198.82342     1563.80123      591.71963        5.30425       93.96703        0.01078        0.02755        0.58341        8.90000        0.02136        1.15158        0.58298       17.83615        0.07830        0.01021        0.00037        0.26166       89.81543        0.00983        0.03048        6.03095        0.02759        1.46460        0.26197       17.81583        0.07840        0.01064       -0.00031      300.00000       60.80716
   73    1    1     4424.81978     1745.80770      649.39454        1.10124       14.28740        0.00025        0.02031        1.14100       14.80000        0.45447        0.61001        1.12455        4.23814        0.00458        0.00728        0.01643        1.94374        7.01844        0.00006        0.02111       10.35113        0.17405        0.08699        1.92464        4.42652        0.00471        0.00724        0.01910      300.00000      148.94261
   74    1    1     1587.29918     7608.56406     3484.40713        1.88277       47.46058        0.00275        0.07486        0.55881       24.20000        6.68768        1.17805        0.55652       18.14940        0.08255        0.00113        0.00237        6.65173      103.22136        0.01298        0.05778       37.68096        0.16940        1.63041        6.65085       15.78947        0.06226        0.00126        0.00088      300.00000       70.78926
   75    1    1     1740.77823     5435.21767     2340.38034        3.75877       93.20557        0.01061        0.06449        0.23505       26.60000        4.36817        1.50583        0.22873       18.05144        0.07929        0.00076        0.00643        1.90941       78.04965        0.00742        0.07261       31.00820        1.76364        2.39381        1.90971       21.38176        0.11288        0.00444       -0.00029      300.00000       36.24266
   76    1    1    12372.81095     9219.29109     4359.59375        6.10225       57.89806        0.00409        0.00690        1.54836        1.30000        9.01680        0.18668        1.54788       15.91685        0.06320        0.00095        0.00048        6.72224       62.55159        0.00478        0.01052        7.11107        0.00261        4.03088        6.71745       14.44234        0.05250        0.00337        0.00479      300.00000      102.08066
   77    1    1     3102.60172     3282.13665     1364.35315        1.28263       16.76875        0.00034        0.02053        0.65198       29.90000        2.01967        1.08555        0.64901        1.22911        0.00038        0.01461        0.00289        1.33748       39.64118        0.00192        0.01234       28.67931        1.32349        1.07440        1.33217       11.23207        0.03177        0.01167        0.00531      300.00000      129.39601
   78    1    1     3410.35908     6732.47438     3059.88731        7.16787       80.62242        0.00794        0.00751        0.86418       44.90000        6.20828        0.88275        0.85182        5.46692        0.00722        0.00285        0.01234        0.99174       80.93377        0.00799        0.00752       44.89447        0.37112        6.59179        0.97995        5.45049        0.00718        0.00340        0.01179      300.00000        2.50930
   79    1    1     1582.57365     1740.94492      800.09798        3.66418       87.54812        0.00936        0.06036        1.58741       19.70000        0.03432        0.14701        1.58755        8.32908        0.01727        0.04035       -0.00015        0.89488       90.84277        0.01005        0.07109       13.64228        0.02416        0.86422        0.86992        8.11221        0.01575        0.01595        0.02496      300.00000       57.94450
   80    1    1     2187.45206     1671.72049      617.37576        1.70415       27.78327        0.00094        0.03152        1.12492       24.00000        0.32794        0.61001        1.12455       11.66280        0.03348        0.00057        0.00043        1.18136       34.34857        0.00144        0.04247       21.61242        0.17697        0.69874        1.18187       10.51388        0.02738        0.00102       -0.00051      300.00000      134.62439
   81    1    1     2708.16391    48751.98265    21346.76234        5.48516      104.90309        0.01344        0.03123        0.18547       35.10000       50.32213        1.54937        0.18519       10.00311        0.02495        0.00002        0.00034        6.94768      106.02544        0.01372        0.02971       34.70207        0.09867       45.00544        6.94821       11.08484        0.03044        0.00090       -0.00053      300.00000       28.63939
   82    1    1     2057.84510     1725.47700      881.02524        3.12384       54.69342        0.00365        0.03379        0.30685        4.20000        0.03400        1.43704        0.29753        7.01894        0.01247        0.01713        0.00930        0.92262       49.65363        0.00300        0.04500        5.95559        0.00887        0.84893        0.91251        1.55016        0.00061        0.01591        0.01011      300.00000       77.72623
   83    1    1     7046.10917     1889.10155      746.81494        8.47043       32.28866        0.00127        0.00050        1.00358        8.10000        0.51878        0.73231        1.00225       12.66475        0.04011        0.01612        0.00132        1.12321       33.03240        0.00133        0.00050        8.05286        0.06453        1.06504        1.12373       12.66473        0.03968        0.01838       -0.00051      300.00000        2.14821
   84    1    0      149.33456***************925131168.96939        5.59396       88.48718        0.00956        0.02100        0.86501       20.60000  2160962.90429        0.47585        0.86349       16.51031        0.06688        0.01023        0.00149   115400.34053        0.00000        0.00000        0.00000       86.47432        0.00957  2045563.98616   115400.34053        0.00000        0.00000        0.00000        0.00000      300.00000        0.00000
   85    1    1     1469.49263     4537.92943     1966.21931        1.31266       33.73786        0.00139        0.07929        0.48748       23.70000        3.34326        1.24680        0.48777       11.55069        0.03317        0.01216       -0.00021        2.22978       32.17569        0.00126        0.07326       25.50876        0.64440        2.21293        2.21693       13.09873        0.04145        0.00045        0.01285      300.00000      133.01102
   86    1    1     2086.33803    13978.94801     6297.52947        7.30970      128.56427        0.02019        0.01759        0.84608       34.60000       14.91383        0.93350        0.80107        7.97138        0.01502        0.00266        0.04502        7.11149      128.87052        0.02028        0.01721       34.67645        1.41790        8.13918        7.09163        7.96560        0.01524        0.02761        0.01985      300.00000        0.44787
   87    1    1     1223.64633   102276.18940    42194.24130        4.55791      181.83910        0.04038        0.15401        0.07389       36.30000      105.27780        1.66327        0.07129       11.23490        0.03165        0.01004        0.00264        5.07160      179.98242        0.03945        0.14571       34.48088        0.18353      101.76275        5.05286       14.08024        0.04765        0.00031        0.01875      300.00000        3.47165
   88    1    1     1935.66621     1641.71911      586.11652        1.91435       40.76948        0.00203        0.05336        1.31191       10.80000        0.10400        0.42547        1.30910        9.12813        0.02039        0.00811        0.00281        1.05675       32.63206        0.00130        0.05023        7.52268        0.13766        0.64314        1.04406       11.76608        0.03515        0.00105        0.01269      300.00000      102.57038
   89    1    1     4023.83546     1586.65349      695.81450        0.36236        5.58878        0.00004        0.02901        0.89916       13.10000        0.06563        0.83496        0.89960        7.46583        0.01383        0.01444       -0.00051        0.27774       28.46228        0.00099        0.03223       18.02856        0.62565        0.89862        0.27496        6.24346        0.00954        0.01231        0.00278      300.00000      135.35735
   90    1    1     2058.45283     1636.64408      682.32333        7.51860      130.80071        0.02090        0.01607        0.89914       34.50000        0.07839        0.83496        0.89960        7.76468        0.01491        0.00204       -0.00049        1.05915      130.79303        0.02084        0.01598       34.52796        0.07061        0.68345        1.05899        7.76999        0.01504        0.00134        0.00016      300.00000        0.43013
   91    1    1     1530.27477     1922.63852      809.29534        8.65867      151.64515        0.02809        0.00938        0.80028       10.80000        0.45645        0.93493        0.79964       11.23487        0.03150        0.01222        0.00062        1.48663      151.42903        0.02797        0.00939       10.90376        0.03314        0.67206        1.48593       11.23511        0.03151        0.01214        0.00070      300.00000        0.57401
   92    1    1     3524.01732     1805.78919      706.05766        3.89480       44.23675        0.00239        0.01337        0.42750       10.50000        0.44990        1.32224        0.41233        4.72381        0.00538        0.01867        0.01518        1.21848       52.12945        0.00331        0.01043       11.03533        0.04985        0.92411        1.21077        5.67755        0.00783        0.02543        0.00771      300.00000       40.82047
   93    1    1     1585.19908     1859.89593      819.26510        0.77876       22.86951        0.00064        0.10469        1.55310       14.30000        0.23322        0.18118        1.55338        8.48574        0.01778        0.00494       -0.00032        1.60480       33.36227        0.00136        0.04889       13.96599        0.01716        0.40750        1.60529        6.48745        0.01043        0.00540       -0.00049      300.00000      132.93960
   94    1    1     8698.62083    38514.25740    16323.02469        5.90794       47.85555        0.00280        0.00522        1.05755       18.90000       40.26769        0.67927        1.05529        6.25790        0.00981        0.00453        0.00232       14.29999       26.75795        0.00087        0.01240        4.95473        0.00447       27.68600       14.29788        5.59827        0.00768        0.01556        0.00212      300.00000       94.74591
   95    1    1     2756.58939     1824.24959      822.35112        6.40940       99.04219        0.01198        0.01718        0.32577       15.30000        0.07774        1.40944        0.32512       20.93280        0.10777        0.00472        0.00056        0.31880       97.91899        0.01170        0.01726       15.47042        0.08475        1.40964        0.31823       20.93241        0.10936        0.00311        0.00057      300.00000        3.90469
   96    1    1     4081.58501     4302.59772     1908.56250        5.28379       72.12339        0.00635        0.01640        0.43037       30.50000        3.13162        1.30368        0.43088       11.00019        0.03001        0.00219       -0.00059        0.98749       67.50880        0.00555        0.01412       30.11387        3.20661        0.68039        0.98569       10.35743        0.02630        0.00017        0.00180      300.00000       44.33266
   97    1    1     2545.18528    44385.45204    20196.98429        3.84108       36.75200        0.00165        0.00953        0.90510       29.40000       45.36267        0.87069        0.86387       11.13951        0.03210        0.01193        0.04122       13.63818       26.75108        0.00087        0.16545       26.65061        0.06416       33.20085       13.63634       17.95747        0.08073        0.04345        0.00184      300.00000       98.58700
   98    1    1     1043.57981    15512.37274     7684.65352        8.16288      242.85381        0.07203        0.03607        0.88325       19.80000       15.41241        0.86169        0.87287       15.90007        0.06405        0.00003        0.01037       12.07039      242.72239        0.07181        0.03632       19.76679        0.16090        4.92522       12.06076       15.90025        0.06128        0.00360        0.00962      300.00000        0.43693
   99    1    1     1876.25305     2740.08260     1221.51131        0.32509        5.16335        0.00003        0.03078        0.35493       11.10000        1.36485        1.37940        0.35517       12.96865        0.04151        0.00132       -0.00018        0.89365       34.59450        0.00146        0.04494       21.51432        0.29486        1.92375        0.89422        7.23425        0.01298        0.00119       -0.00057      300.00000      148.99798
  100    1    1     1777.60663     2979.82410     1178.77498        0.87233       24.71264        0.00075        0.09727        0.04941       14.20000        1.74287        1.69562        0.03894        7.04825        0.01203        0.02220        0.01045        2.29391       51.23674        0.00320        0.03721       38.00631        0.14345        1.11956        2.26569        8.21057        0.01731        0.00550        0.02822      300.00000      104.20477
