    1    1    1     2238.50385     1676.35694      816.21950        1.07412       19.89732        0.00048        0.04143        1.21730       22.10000        0.09432        0.51808        1.21649        2.85524        0.00200        0.00451   -33197.38308        0.80154       20.96391        0.00054        0.02557       16.87391        0.06223        0.96417        0.79683        9.79195        0.02338        0.00069        0.00471      300.00000      139.11104
    2    1    1     3455.17203     1617.26993      542.77621        7.94675       75.96677        0.00705        0.00411        1.08395       15.90000        0.20512        0.67099        1.06357       12.05700        0.03714        0.00072        0.02040        1.31695       75.62515        0.00697        0.00382       16.11023        0.22550        0.39714        1.31740       12.05710        0.03594        0.02278       -0.00045      300.00000        1.19775
    3    1    1     1547.36046     1803.48167      690.71527        7.96447      167.72718        0.03436        0.01981        0.86514        8.40000        0.30190        0.91962        0.81494        6.57848        0.01124        0.01193        0.05020        1.54149      167.49994        0.03420        0.01977        8.64142        0.05919        0.49695        1.48053        6.57779        0.01129        0.00110        0.06095      300.00000        0.22982
    4    1    1     3472.11672     2721.64624      768.20564        1.85624       20.18754        0.00050        0.01395        1.13015       33.60000        1.37338        0.60747        1.12710        5.00485        0.00613        0.00043        0.00302        1.25463       50.82825        0.00315        0.01258       29.90308        1.45259        0.38745        1.25416        8.57955        0.01836        0.00325        0.00047      300.00000       72.14367
    5    1    1     1670.22887     3014.52112     1334.62316        5.85922      156.46238        0.02990        0.05719        1.68755       10.20000        1.89444        0.05499        1.67958        6.70666        0.01092        0.00143        0.00794        0.95954      156.50173        0.02966        0.05645       11.07357        1.55692        1.12248        0.95059        6.71708        0.01094        0.00043        0.00895      300.00000        2.83950
    6    1    1     4826.83966     1724.41681      866.87048        6.59305       54.87307        0.00368        0.00478        0.57635        7.10000        0.09987        1.15854        0.57602       13.76048        0.04662        0.01642        0.00031        1.25153       57.06609        0.00398        0.00448        7.11126        0.03945        0.54401        1.25097       13.76031        0.04658        0.01623        0.00056      300.00000        0.81580
    7    1    1     3152.52547     1492.76065      592.98209        4.63716       72.92435        0.00649        0.02371        1.14783       11.80000        0.01827        0.63393        1.10063        8.18549        0.01582        0.00084        0.04719        1.42211       51.85127        0.00328        0.02205       18.62298        0.02364        0.32488        1.41754        5.66274        0.00807        0.04287        0.00457      300.00000       11.02706
    8    1    1     2114.18531     2685.62223     1108.12714        6.64238      129.82093        0.02058        0.02607        1.66551        5.20000        1.55900        0.07864        1.65592        9.64141        0.02353        0.00958        0.00961        2.47708      130.19927        0.02065        0.02642        4.31737        0.08002        0.74876        2.46439        9.63965        0.02359        0.00641        0.01269      300.00000        4.17181
    9    1    1     2009.54513     5075.93338     1924.60251        2.88717       49.20113        0.00296        0.03251        1.48308       28.90000        3.93061        0.36165        1.37291       13.15111        0.03979        0.00499        0.11011        1.19331       35.84954        0.00157        0.06736       35.15550        1.80966        2.64266        1.19085       11.37098        0.03166        0.10939        0.00246      300.00000       94.87978
   10    1    1     1907.39781     4328.39151     1988.18241        2.59493       52.52242        0.00337        0.04667        0.30502       16.10000        3.37885        1.42992        0.30464        8.01475        0.01581        0.01230        0.00037        3.29777       41.27444        0.00208        0.06107       12.23983        0.18985        1.63355        3.28611        5.48356        0.00763        0.00001        0.01166      300.00000       88.11500
   11    1    1     1922.50145    13211.91518     5555.45805        4.36888       93.29528        0.01063        0.04506        0.29337       26.80000       13.32820        1.44114        0.29342       19.09247        0.09074        0.00043       -0.00003        4.85414       80.27999        0.00784        0.09197       23.30779        0.14440       10.03645        4.85262       17.44707        0.07468        0.00011        0.00152      300.00000       22.14553
   12    1    1     1291.90899     1744.96928      555.04707        7.52875      208.82264        0.05326        0.04070        0.78882       20.20000        0.23301        0.94556        0.78900       12.15100        0.03642        0.00129       -0.00013        0.84638      209.35756        0.05333        0.04162       19.68291        0.17761        0.94274        0.84618       12.15120        0.03679        0.00059        0.00021      300.00000        0.97244
   13    1    1     3473.62834     1633.29301      543.00619        5.46830       79.03980        0.00763        0.01789        1.13619       24.40000        0.21546        0.59791        1.13665        6.16598        0.00943        0.00007       -0.00047        1.10572       79.42553        0.00769        0.02138       25.48450        0.57331        0.27334        1.10622        3.52937        0.00308        0.00007       -0.00051      300.00000       38.79704
   14    1    1     2835.60736     1705.22514      681.05498        5.56363       96.15945        0.01129        0.02519        1.12969       20.50000        0.21108        0.60747        1.12710        0.93253        0.00021        0.01093        0.00260        0.45715      100.56163        0.01228        0.03103       16.05417        1.36818        0.11810        0.45087        2.72812        0.00181        0.00731        0.00628      300.00000       29.92309
   15    1    1     1796.99392    82434.37623    32104.22997        6.33704      156.69067        0.02999        0.04468        0.49344       12.20000       84.82370        1.24099        0.49358       17.31831        0.07464        0.00063       -0.00010       21.37938      155.49693        0.02946        0.04459       13.07317        0.04818       65.13076       21.37979       17.33337        0.07462        0.00108       -0.00041      300.00000        9.75027
   16    1    1     3004.65907   312464.42220   125155.87327        5.16088       88.69945        0.00961        0.02647        0.16776       15.60000      309.11291        1.57589        0.15868       15.62599        0.05922        0.05185        0.00909      100.78357       91.88495        0.01031        0.03132       15.19344        0.02010      210.04829      100.74652       16.27872        0.06292        0.04709        0.03704      300.00000       45.97260
   17    1    1     1481.19858   159899.43127    63075.62403        1.70193       46.99172        0.00270        0.09041        0.25361       13.00000      158.95439        1.48087        0.25370        3.80728        0.00361        0.00193       -0.00007       51.31823       70.36104        0.00604        0.06685       33.44924        0.14974      109.23172       51.31285        7.70264        0.01494        0.00001        0.00538      300.00000       99.07462
   18    1    1     1760.05345     4264.92460     2000.83632        2.46178       64.64565        0.00510        0.07912        0.41943       18.90000        2.93195        1.33144        0.40313        9.11659        0.02002        0.01206        0.01631        2.93044       83.33706        0.00845        0.04934       13.10759        0.10414        1.64561        2.89864       15.98320        0.06085        0.00031        0.03180      300.00000       57.15078
   19    1    1     2353.95474     2163.48817      596.38683        1.54874       19.62678        0.00047        0.01914        1.20287       27.40000        0.69662        0.54410        1.19047       11.45415        0.03171        0.00970        0.01238        0.78438        4.78405        0.00003        0.03803       35.63527        1.37916        0.25108        0.78362       11.27192        0.03124        0.02071        0.00076      300.00000      155.09777
   20    1    1     1103.81112     2655.93938     1102.45406        8.47877      220.38774        0.05932        0.02320        1.09545        3.40000        1.44545        0.66914        1.06542        3.13234        0.00252        0.00457        0.03004        0.54855      220.65751        0.05923        0.02337        3.24119        0.08228        2.55817        0.53951        3.14011        0.00249        0.02556        0.00903      300.00000        0.13179
   21    1    1     1156.01536     1632.84921      596.52408        7.30650      232.54077        0.06604        0.05767        1.63731       17.20000        0.02125        0.09679        1.63777        8.82171        0.01930        0.01366       -0.00057        1.25989      232.29259        0.06573        0.05756       17.45929        0.11327        0.38701        1.25598        8.82160        0.01956        0.00898        0.00391      300.00000        0.28070
   22    1    1     2717.32173     4380.32204     1770.94120        6.49501       98.05044        0.01174        0.01609        1.60663       17.20000        3.44896        0.15537        1.57920        7.33643        0.01382        0.01007        0.02746        4.50156       98.29031        0.01179        0.01589       17.30939        0.42344        0.28475        4.47542        7.34518        0.01290        0.01235        0.02614      300.00000        1.14275
   23    1    1     2937.35724     2032.15480      803.68515        0.32322        6.45308        0.00005        0.04863        0.16082        5.80000        0.58944        1.58759        0.14698       13.59554        0.04462        0.00352        0.01385        2.06677       22.04751        0.00059        0.02930       16.29115        0.03957        0.23610        2.04800       16.07218        0.06209        0.00025        0.01877      300.00000      136.27413
   24    1    1     1942.48553     1871.22627      512.74212        5.76391      140.73095        0.02419        0.04862        1.21074       12.40000        0.44366        0.52335        1.21121        8.02453        0.01599        0.00782       -0.00043        0.81851      135.65903        0.02237        0.04645       14.21878        0.47292        0.89490        0.81289        8.37341        0.01708        0.00215        0.00562      300.00000       11.38224
   25    1    1     2022.51392     2175.86763      799.93263        1.97391       73.60912        0.00662        0.16322        0.91816       26.90000        0.54311        0.81703        0.91753        6.80838        0.01157        0.01274        0.00066        1.00486       31.83162        0.00124        0.01921       33.17685        0.13317        1.24771        0.98906       16.36236        0.06451        0.00175        0.01580      300.00000       84.65370
   26    1    1     2991.14788     1402.02657      587.30596        8.99638       70.89818        0.00614        0.00145        0.70400       10.40000        0.01119        1.03010        0.70446        8.56280        0.01817        0.00546       -0.00051        0.61970       70.78987        0.00612        0.00140       10.50223        0.00686        1.12457        0.61443        8.56322        0.01787        0.00000        0.00527      300.00000        0.28582
   27    1    1     2397.41010   222980.41442    83559.38322        3.42546       58.25153        0.00414        0.03117        0.78241       42.50000      222.28559        0.95260        0.78196       14.00494        0.04826        0.00952        0.00052      141.54888       59.87620        0.00438        0.03193       38.51028        0.12601       82.36598      141.54909       10.89935        0.02932        0.00731       -0.00021      300.00000       47.70832
   28    1    1     1704.18468     1676.48486      681.21410        2.82573       67.67014        0.00559        0.06445        0.71788       14.10000        0.07668        1.10220        0.63236        5.30549        0.00653        0.00203        0.08548        1.20783       69.63337        0.00588        0.06642       15.23924        0.03069        0.66157        1.12395        3.39276        0.00267        0.00031        0.08389      300.00000       73.99998
   29    1    1     2305.27560     1663.56376      618.22548        6.87713      118.98918        0.01729        0.01927        0.40770       27.60000        0.19904        1.36175        0.37281        4.36111        0.00452        0.00889        0.03490        1.03731      119.21604        0.01736        0.01956       27.48485        0.43020        0.50571        0.99737        4.34313        0.00488        0.00344        0.03994      300.00000        2.12530
   30    1    1     4277.66959     1487.54270      526.54089        7.11979       63.02503        0.00485        0.00472        0.81009       12.80000        0.14190        0.92748        0.80709        2.83767        0.00197        0.00046        0.00298        1.45187       62.25271        0.00473        0.00529       12.47534        0.10993        0.31512        1.45100        2.81796        0.00198        0.00255        0.00087      300.00000        2.10090
   31    1    1     1226.57828     1465.91313      649.19414        8.75742      185.01243        0.04181        0.01271        0.94233       23.40000        0.03716        0.80031        0.93425        3.52784        0.00302        0.00948        0.00812        0.09298      185.09987        0.04182        0.01270       23.39896        0.05402        1.64207        0.07561        3.52257        0.00316        0.00005        0.01737      300.00000        0.26296
   32    1    1     3705.99470    29175.92568    13424.90721        4.60418       46.54828        0.00265        0.00984        0.49895       17.90000       30.31045        1.24681        0.48775        6.38139        0.00985        0.04256        0.01121        1.07513       51.74225        0.00327        0.10604       12.13561        0.17062       30.70296        1.02270       14.97478        0.05281        0.01023        0.05243      300.00000       58.02835
   33    1    1     4374.98848     2474.49752      899.37040        7.28520       62.32572        0.00474        0.00419        0.66118       18.70000        1.28588        1.15414        0.58043        1.32165        0.00041        0.00611        0.08079        1.01231       62.05634        0.00470        0.00421       18.68236        0.29448        1.75147        0.97444        1.30798        0.00041        0.04906        0.03787      300.00000        1.69192
   34    1    1     1517.18334     5285.99989     2408.24869        7.03780      179.40675        0.03931        0.04006        0.47084       23.20000        4.26016        1.26413        0.47044        3.55508        0.00315        0.00000        0.00039        2.66495      179.41224        0.03926        0.04093       22.90760        0.24473        3.08380        2.66546        3.52722        0.00309        0.00089       -0.00052      300.00000        1.17770
   35    1    1     1248.55191    11247.78075     5042.84091        0.76360       21.66197        0.00057        0.09771        0.70046       32.30000       11.26332        1.03387        0.70070        7.50714        0.01392        0.00008       -0.00030        9.46856       53.60298        0.00351        0.13839       46.43636        0.11117        3.36193        9.46914       10.29332        0.02626        0.00010       -0.00058      300.00000      135.60528
   36    1    1     1861.71963     1799.09377      576.08756        4.82292      120.49048        0.01773        0.05850        1.58982       10.00000        0.37187        0.15396        1.58061        5.53558        0.00743        0.00682        0.00921        0.57602      122.46791        0.01821        0.06109       13.69992        0.56707        0.97513        0.56860        0.55229        0.00008        0.00854        0.00742      300.00000        3.44907
   37    1    1     8555.88914     1640.20272      701.40541        0.55176        5.68499        0.00004        0.01293        0.42749        4.50000        0.18290        1.30945        0.42511        3.09498        0.00235        0.01344        0.00239        0.89599       23.33623        0.00066        0.00350       20.31267        0.61369        0.40971        0.89228        6.78875        0.01158        0.01344        0.00372      300.00000      126.56017
   38    1    1     4683.40708     5207.23332     1233.22259        0.10368        0.35646        0.00000        0.00144        1.41867       60.10000        3.98708        0.35482        1.37974       13.17730        0.04118        0.04855        0.03896        2.36745        5.45580        0.00004        0.05955       52.24204        2.60566        0.69407        2.36712       12.91550        0.04106        0.08391        0.00034      300.00000      175.73427
   39    1    1     2409.90435     4717.20322     2230.77463        5.91470      113.15677        0.01564        0.02906        0.27666       20.10000        3.68639        1.45830        0.27627       10.75023        0.02882        0.00244        0.00030        5.30189      113.20895        0.01562        0.03038       19.47023        0.06576        0.05228        5.30154       10.77796        0.02859        0.00277        0.00035      300.00000       10.89781
   40    1    1     2025.08552    15131.06596     7260.79467        0.31089        5.55542        0.00004        0.03896        1.56344       10.00000       15.73682        0.18874        1.54582        2.81725        0.00191        0.00547        0.01758        3.76072       17.63659        0.00038        0.03195       19.84920       10.92233        2.77953        3.73972        9.74618        0.02279        0.01767        0.02100      300.00000      157.29166
   41    1    1     3539.15716     1822.82160      602.40157        4.66248       62.73089        0.00481        0.01730        1.24573       18.70000        0.31948        0.48958        1.24499       14.01493        0.04905        0.00272        0.00079        1.36437       47.03304        0.00269        0.01042       34.68015        0.31902        0.41443        1.36488        7.39230        0.01354        0.00420       -0.00051      300.00000       28.25649
   42    1    1     1182.34644     4004.13013     1633.71037        8.87763      186.84363        0.04264        0.01146        0.39325       21.80000        3.03108        1.34086        0.39371        7.79418        0.01509        0.00745       -0.00039        0.83268      186.82529        0.04261        0.01149       21.80191        0.32148        3.61111        0.83305        7.79313        0.01500        0.00745       -0.00037      300.00000        0.15810
   43    1    1     2170.05503     1862.76238      690.19324        2.65729       71.23440        0.00620        0.08157        0.49361        1.40000        0.37154        1.24283        0.49173       11.89971        0.03471        0.02275        0.00185        0.11158       38.40158        0.00180        0.02149       32.86772        0.25389        1.78822        0.10994       14.69238        0.05295        0.02329        0.00164      300.00000       69.95264
   44    1    1     2414.23159     1602.01295      604.80583        2.54388       58.35928        0.00416        0.06012        1.68133       23.00000        0.03513        0.05915        1.67541       14.31103        0.04986        0.01307        0.00595        0.38547       35.63289        0.00155        0.01870       35.01916        0.07459        1.35196        0.37854       15.74929        0.06260        0.00797        0.00693      300.00000       78.32982
   45    1    1     1428.87537     2957.53086      627.67166        8.22948      177.02222        0.03827        0.01824        1.23620       37.80000        1.70552        0.49788        1.23668        6.44178        0.01027        0.01324       -0.00048        1.36707      177.20644        0.03829        0.01836       37.78643        1.09450        0.98191        1.36362        6.44392        0.01015        0.00934        0.00346      300.00000        0.28082
   46    1    1     2590.72391     1550.05119      645.44167        2.26380       48.62555        0.00289        0.05346        1.21190       17.80000        0.01790        0.54795        1.18662       11.29999        0.03054        0.00801        0.02519        1.57386       60.56755        0.00447        0.01981       11.77818        0.01982        0.17182        1.54902       17.38563        0.07746        0.00544        0.02483      300.00000       38.18953
   47    1    1     3151.84389     1520.02807      698.07154        7.22791       88.49482        0.00956        0.00874        0.22611        9.30000        0.02281        1.50800        0.22656        3.95407        0.00388        0.00858       -0.00051        0.32854       87.88734        0.00941        0.00980        8.36059        0.02180        1.41357        0.32115        3.91742        0.00373        0.00085        0.00739      300.00000        3.39031
   48    1    1     2098.50516     2447.98675      871.95904        6.04167      125.91830        0.01936        0.03369        0.97828       19.70000        0.94477        0.75876        0.97581       21.47420        0.11560        0.07478        0.00253        1.52574      127.62721        0.01985        0.03581       18.37673        0.25707        0.92757        1.49212       21.47337        0.11880        0.04041        0.03362      300.00000        5.45483
   49    1    1     4422.94327     4499.18241     2075.82484        3.54919       26.61106        0.00086        0.00600        0.71037        9.50000        3.55087        1.04626        0.68831       15.89084        0.06054        0.01643        0.02209        0.59165       61.09425        0.00455        0.01494       28.40043        0.04862        4.70630        0.56853        6.72150        0.01082        0.01443        0.02311      300.00000       32.39541
   50    1    1     3664.26422     1504.67857      617.14340        7.66291       72.12497        0.00635        0.00447        1.29507       16.60000        0.03915        0.46593        1.26864       14.33865        0.05274        0.00147        0.02645        0.18560       72.37738        0.00640        0.00454       16.51852        0.08418        1.50329        0.18611       14.33864        0.05091        0.03026       -0.00050      300.00000        0.79766
   51    1    1     2625.84492    68959.39189    27868.71266        4.95037       58.66075        0.00420        0.01295        0.69246       31.20000       70.81884        1.06859        0.66597       17.14309        0.07540        0.00518        0.02649       34.26017       37.24827        0.00169        0.09909       32.24819        0.18102       38.06413       34.24054       14.63500        0.05469        0.01685        0.01963      300.00000       57.86075
   52    1    1     1487.09157     1769.48649      594.57168        4.34798      125.68789        0.01929        0.08276        1.32812       44.80000        0.14834        0.40618        1.32839        6.23128        0.00959        0.00291       -0.00027        1.23639      145.28450        0.02574        0.14835       27.22822        0.06414        0.51744        1.23668        2.90011        0.00209        0.00305       -0.00029      300.00000        3.68258
   53    1    1     2047.08573     1462.27929      626.00909        5.72234      130.86753        0.02092        0.04296        0.47695        7.30000        0.00900        1.26604        0.46852        5.73360        0.00798        0.01545        0.00851        1.54116      131.37452        0.02105        0.04223        7.91142        0.00629        0.20495        1.53281        5.77969        0.00845        0.01519        0.00834      300.00000       12.04609
   54    1    1     2245.08354     2439.87110      617.47680        6.68453      120.75920        0.01781        0.02205        1.15837       45.20000        0.94883        0.58627        1.14829       16.51032        0.06604        0.00249        0.01005        1.58125      119.94905        0.01755        0.02205       45.22975        0.53796        0.56528        1.58029       16.51944        0.06705        0.01072        0.00096      300.00000        0.90693
   55    1    1      807.54665     2246.75760      637.85344        8.46052      300.53930        0.11032        0.04380        1.34741       12.50000        0.76441        0.44737        1.28719        7.98042        0.01494        0.00009        0.06020        1.08977      300.54866        0.11020        0.04386       12.57062        0.15094        1.30505        1.04308        7.98091        0.01504        0.01348        0.04669      300.00000        0.19015
   56    1    1     1972.20107     9633.02318     4550.90237        0.62285       18.05221        0.00040        0.10220        0.10731       24.90000        9.07751        1.62743        0.10714        3.13143        0.00244        0.00118        0.00014        3.23133       29.55770        0.00107        0.02104       17.56096        1.63809        6.01245        3.22709        7.70515        0.01449        0.00001        0.00424      300.00000      132.95023
   57    1    1      814.17233   718319.57540  2308765.06274        1.51240       48.67275        0.00289        0.12360        1.03450       17.20000        0.15174        0.70376        1.03081        2.44798        0.00151        0.00035        0.00369    -2659.82218     6370.18671       49.49631     1285.99338      271.00784      397.89778      415.78824      448.16974     6410.66709       30.95621      481.70848    -3107.99192      300.00000      154.41004
   58    1    1     2194.30403     1566.43316      710.30763        5.64368      124.29506        0.01887        0.04037        0.86520       10.70000        0.01065        0.89156        0.84301       16.88227        0.06833        0.00064    -3117.86875        0.84235      122.17171        0.01820        0.04314        8.50221        0.00360        0.90055        0.83874       16.90406        0.07177        0.01600        0.00360      300.00000       16.94013
   59    1    1     1778.37276    18048.71855     8042.67593        0.25363        6.30771        0.00005        0.07549        1.62043       24.40000       18.33812        0.11456        1.62001       11.87261        0.03469        0.00020        0.00048        3.95749       38.82019        0.00184        0.03828       23.79707        0.25443       15.86536        3.95753       16.28472        0.06602        0.00015       -0.00004      300.00000      136.28637
   60    1    1     1667.84722     1792.87442      621.10321        3.36309      103.79311        0.01316        0.10317        1.39744       13.70000        0.18385        0.35992        1.37464        7.97148        0.01523        0.02469        0.02280        0.53720       91.90880        0.01029        0.06845       33.14997        0.35430        1.12279        0.49018        4.01132        0.00417        0.00025        0.04702      300.00000       14.84973
   61    1    1     1456.05515    39172.78954    16893.83295        3.54854      102.15389        0.01275        0.08847        1.19935        8.40000       40.31467        0.53866        1.19591        9.02310        0.01990        0.00513        0.00351       22.65258       94.72597        0.01093        0.10998       17.18027        0.51654       18.87955       22.64276        5.95444        0.00859        0.00073        0.00982      300.00000       42.16395
   62    1    1     1276.85444     1740.30475      849.08169        8.45820      189.28495        0.04376        0.01741        1.05579        4.60000        0.02919        0.68429        1.05028        8.75877        0.01932        0.00008        0.00545        0.45178      189.29985        0.04376        0.01736        4.72711        0.06346        1.24961        0.45075        8.75828        0.01917        0.00469        0.00103      300.00000        0.46670
   63    1    1     2258.66690     5128.99207     2481.64150        7.45631      117.88480        0.01697        0.01356        0.13243       16.50000        4.08388        1.60636        0.12821        5.56084        0.00778        0.00083        0.00425        2.75612      118.20835        0.01706        0.01305       16.70150        0.12916        2.93561        2.75408        5.56041        0.00758        0.00323        0.00204      300.00000        0.46878
   64    1    1     2009.81367     1647.31244      656.08398        7.74788      131.98717        0.02128        0.01417        0.82812       25.80000        0.04792        0.90634        0.82822       19.67399        0.09549        0.00002       -0.00015        1.01802      131.93887        0.02124        0.01432       25.76213        0.03431        0.72962        1.01846       19.67403        0.09573        0.00011       -0.00044      300.00000        0.23440
   65    1    1     1506.29812     1968.31557      875.79469        7.50880      177.84952        0.03863        0.02989        0.68258       18.90000        0.48275        1.06067        0.67389        1.99930        0.00101        0.00115        0.00874        1.44231      177.55026        0.03838        0.03073       18.58728        0.02946        0.74952        1.43774        1.98361        0.00096        0.00533        0.00457      300.00000        0.10536
   66    1    1     2084.11206     2338.55155      489.86362        5.29644      122.22487        0.01825        0.04680        1.40494       42.10000        0.82282        0.33170        1.40286        8.39484        0.01727        0.01132        0.00211        1.12774      124.30194        0.01878        0.04992       40.88336        1.09518        0.33152        1.12534        8.79223        0.01938        0.01056        0.00240      300.00000       13.09863
   67    1    1     6516.50529     3306.03935     1596.68475        1.38210       21.64362        0.00057        0.02938        0.27203       12.80000        2.31097        1.46338        0.27119        7.03482        0.01216        0.00155        0.00084        0.80480       18.70901        0.00043        0.00298       22.73576        0.18106        3.07289        0.80347       10.43558        0.02723        0.00064        0.00133      300.00000       25.37441
   68    1    1     3155.52830     1470.22071      677.62565        4.30908       91.60956        0.01025        0.04495        1.13109       18.90000        0.07748        0.60454        1.13002        4.03168        0.00399        0.00281        0.00107        0.74949       96.63123        0.01140        0.03044       23.54545        0.05725        1.01707        0.74682        5.92160        0.00858        0.00089        0.00267      300.00000       95.99979
   69    1    1     5328.46168     1644.02486      807.45185        4.72159       40.07753        0.00196        0.00684        0.59615       13.40000        0.01727        1.18430        0.55026        6.50520        0.01097        0.02451        0.04591        0.23349       33.42200        0.00136        0.00735        7.88768        0.06909        1.50003        0.17614        8.33783        0.01633        0.01434        0.05734      300.00000       21.35927
   70    1    1     1359.42540     1997.10985      872.70756        7.99596      190.40322        0.04428        0.02498        0.47881       17.20000        0.41210        1.26932        0.46525       11.74880        0.03333        0.01466        0.01354        1.68360      190.43136        0.04424        0.02496       17.23218        0.10664        0.38491        1.65517       11.75029        0.03296        0.00015        0.02843      300.00000        0.12492
   71    1    1     3503.83860     1501.47590      693.18789        2.03865       17.80266        0.00039        0.00893        0.99882        2.00000        0.07175        0.73590        0.99866        9.99562        0.02461        0.00012        0.00021        1.27477       20.56818        0.00052        0.01053        4.30407        0.00263        0.53194        1.27486        8.98345        0.02009        0.00005       -0.00009      300.00000      118.02686
   72    1    1     2823.99590     2720.49278     1082.78401        6.58327       97.32297        0.01157        0.01512        0.33384       10.60000        1.56956        1.41056        0.32400       12.21772        0.03617        0.00035        0.00982        2.13802       99.88231        0.01217        0.01533        9.87787        0.42723        0.73953        2.13663       12.21505        0.03732        0.00758        0.00140      300.00000        6.45214
   73    1    1     3316.60982     3434.00313     1295.61138        4.50076       40.25761        0.00198        0.00779        0.60510       45.30000        2.11409        1.14657        0.58799        6.84715        0.01128        0.00026        0.01707        2.82662       54.80488        0.00364        0.04400       43.55316        0.71432        0.26580        2.82382        8.60420        0.01811        0.01459        0.00280      300.00000       39.38374
   74    1    1     1330.30509     2029.62313      784.62781        8.18952      191.63782        0.04485        0.02202        1.57541       42.30000        0.44302        0.16316        1.57140        6.64681        0.01079        0.00587        0.00401        0.96983      191.62287        0.04464        0.02232       42.26975        0.54046        0.66881        0.96817        6.65629        0.01087        0.00820        0.00166      300.00000        0.18143
   75    1    1     1316.32151     1621.59644      642.81792        8.38205      187.41564        0.04290        0.01816        0.97964       27.00000        0.05064        0.76747        0.96710        3.39525        0.00293        0.03739        0.01251        1.34578      187.25426        0.04268        0.01809       27.13003        0.04947        0.40104        1.33506        3.39785        0.00280        0.03928        0.01072      300.00000        0.08491
   76    1    1     2042.57910     7967.76740     3820.62534        1.00599       15.81049        0.00031        0.02986        1.16396       25.20000        7.39109        0.57098        1.16359        5.43819        0.00738        0.00037        0.00038        5.61656       20.46162        0.00051        0.03359       25.58303        0.41137        3.08768        5.61711        7.09633        0.01247        0.00177       -0.00055      300.00000      146.86393
   77    1    1     2008.09557     1794.32651      893.40176        1.76187       25.94547        0.00082        0.02566        1.28122       20.80000        0.12213        0.48862        1.24594       12.52060        0.04043        0.00010        0.03528        0.06049       15.61849        0.00030        0.06317       16.03889        0.37472        1.43853        0.04229        4.33735        0.00452        0.01726        0.01819      300.00000      141.63213
   78    1    1     1813.67198     1583.37035      653.28412        6.59862      148.13962        0.02680        0.03475        1.25801       15.10000        0.01267        0.47687        1.25769        9.21872        0.02092        0.01026        0.00029        0.53412      148.78576        0.02700        0.03388       15.42851        0.01362        1.19953        0.53460        9.25050        0.02123        0.01091       -0.00049      300.00000        0.79147
   79    1    1     1354.06371    23079.68769    10231.29895        1.92212       58.06910        0.00412        0.10735        0.20546       26.30000       23.39456        1.53233        0.20224        7.37017        0.01364        0.00837        0.00329       21.41255       45.27607        0.00250        0.07315       32.35667        2.05621        1.69067       21.39760       11.27849        0.03067        0.00007        0.01495      300.00000      115.32892
   80    1    1     1358.72765     1536.37874      637.18009        7.70988      195.12948        0.04650        0.03173        0.73823        0.30000        0.00111        0.99835        0.73621        7.41419        0.01377        0.00001        0.00202        0.30786      194.95484        0.04637        0.03183        0.58055        0.00889        1.42094        0.30585        7.41417        0.01377        0.00005        0.00200      300.00000        0.17218
   81    1    1     6191.84426     1892.63269      724.96306        6.63395       47.29750        0.00273        0.00348        1.21071       18.60000        0.49547        0.53548        1.19909        4.03092        0.00412        0.00646        0.01162        1.65947       46.57183        0.00265        0.00407       18.30603        0.32615        0.24702        1.65631        4.03892        0.00409        0.01501        0.00317      300.00000        9.36550
   82    1    1     4725.77941     1432.24014      718.50771        8.79117       47.84477        0.00280        0.00082        1.40262       11.20000        0.00903        0.33202        1.40255       10.71229        0.02829        0.00002        0.00007        0.92391       47.82620        0.00279        0.00081       11.21360        0.00695        0.81231        0.92435       10.71277        0.02839        0.00044       -0.00045      300.00000        0.42172
   83    1    1     2303.84291     1680.98893      728.61550        7.87307      113.37228        0.01570        0.00963        1.15571       15.50000        0.26454        0.59847        1.13609       11.92033        0.03413        0.06951        0.01966        0.04986      113.28266        0.01564        0.00962       15.55579        0.18734        1.76270        0.04916       11.92047        0.03494        0.08761        0.00069      300.00000        0.39812
   84    1    1     2232.19722   320102.96193   124714.32471        4.39235      101.32028        0.01254        0.05245        1.04798       15.00000      316.97248        0.70621        1.02835       17.14845        0.07064        0.02635        0.01958        3.29812       93.84769        0.01076        0.04171        7.37277        0.00227      315.46694        3.25910       16.55285        0.06499        0.00381        0.03902      300.00000       10.66583
   85    1    1     2799.41296     1584.43825      590.14468        2.53936       24.42219        0.00073        0.01057        1.18446       17.50000        0.21921        0.57097        1.16360        3.37996        0.00274        0.00015        0.02093        1.42959        7.20249        0.00006        0.03695       11.68884        0.16319        0.32992        1.42497        7.15119        0.01287        0.01627        0.00462      300.00000      140.29416
   86    1    1     3937.35158     1883.26204      621.17825        6.04557       78.28458        0.00748        0.01299        0.55117       17.80000        0.49013        1.18294        0.55162        7.73984        0.01487        0.00252       -0.00040        0.86312       74.19279        0.00672        0.01186       18.82502        0.67510        0.68926        0.86229        7.71506        0.01463        0.00142        0.00083      300.00000       28.94495
   87    1    1     2515.58211     2647.77423     1003.14182        0.62699        7.50818        0.00007        0.01744        0.69415       17.70000        1.33846        1.04090        0.69367       17.41492        0.07566        0.01366        0.00053        1.31135       59.72259        0.00434        0.03538       38.98753        0.23580        1.57516        1.31116        0.48095        0.00006        0.01826        0.00019      300.00000      114.08584
   88    1    1     1640.95082     2031.68530      923.16330        6.87803      164.19871        0.03293        0.03668        0.56006       15.30000        0.48279        1.18829        0.54628        8.80294        0.01871        0.00107        0.01380        1.37960      164.78554        0.03306        0.03658       15.27423        0.17156        0.67551        1.37024        8.80746        0.01881        0.00540        0.00936      300.00000        0.28682
   89    1    1     2080.54521     1815.96268      548.66681        0.02893        0.60422        0.00000        0.05326        0.74060       28.70000        0.40439        1.01711        0.71746       10.71351        0.02750        0.01617        0.02319        1.28527       22.55937        0.00062        0.01931       28.73386        0.68459        0.17108        1.28567       15.48408        0.05952        0.03865       -0.00041      300.00000      153.57998
   90    1    1     2693.01627   467668.37496   178906.55469        3.64780       61.47065        0.00461        0.03007        1.58341       42.00000      456.84124        0.16102        1.57354        3.75722        0.00357        0.00693        0.00985      330.59362       52.75579        0.00340        0.02024       42.98480        1.21173      126.78258      330.59073        4.99978        0.00612        0.01339        0.00289      300.00000       48.82918
   91    1    1     1895.78597     2574.97110     1034.66054        7.63586      141.42255        0.02443        0.01747        0.72614       14.00000        1.15838        1.01337        0.72120       14.77972        0.05325        0.05893        0.00500        1.91572      142.04875        0.02462        0.01823       13.23824        0.08093        0.91574        1.89521       14.78011        0.05582        0.04090        0.02051      300.00000        1.00523
   92    1    1     2353.25286     2103.82513      736.94104        7.37058      112.71333        0.01552        0.01305        0.84598       13.20000        0.69348        0.96263        0.77193       17.24651        0.06937        0.00134        0.07411        1.82794      113.06942        0.01557        0.01293       13.27785        0.17152        0.48336        1.77327       17.24630        0.07744        0.01261        0.05467      300.00000        1.29735
   93    1    1     2923.02583     2647.42800     1206.89409        4.09810       51.69059        0.00326        0.01617        0.28842       14.90000        1.21867        1.44611        0.28845       11.47738        0.03279        0.02285       -0.00016        0.55478       64.58869        0.00507        0.04003       16.75938        0.87484        1.52865        0.53450        9.52478        0.02178        0.00311        0.02028      300.00000       25.87063
   94    1    1     2867.08821     8866.55796     4149.39516        0.43431        6.72911        0.00006        0.02926        0.83105       31.40000        8.55093        0.90982        0.82474       13.72381        0.04583        0.00007        0.00632        0.14494       12.20045        0.00018        0.01099       36.72706        2.04518        8.14160        0.14206        9.06422        0.02061        0.00351        0.00288      300.00000      153.48929
   95    1    1     4097.27300     1545.01331      624.82832        5.43166       40.27053        0.00198        0.00473        0.82612        8.90000        0.02335        0.90870        0.82586       16.82140        0.07054        0.05120        0.00029        0.44934       50.91531        0.00316        0.01647       11.25148        0.51843        0.79428        0.44715       14.89551        0.05560        0.04936        0.00219      300.00000       37.41732
   96    1    1     2782.84413    39289.90164    17113.42366        6.31232      102.93912        0.01294        0.01954        0.83466       13.90000       40.68369        0.90048        0.83409       11.63728        0.03379        0.00022        0.00051       29.45650      103.23120        0.01301        0.01940       13.40588        0.11547       12.84735       29.45551       11.63836        0.03327        0.00028        0.00099      300.00000       13.57180
   97    1    1     1484.85740     1816.79782      616.20587        6.81227      180.45012        0.03977        0.04593        1.20342       19.60000        0.30173        0.55951        1.17506       13.02686        0.04051        0.01130        0.02829        0.78484      180.36834        0.03963        0.04578       19.76648        0.11625        1.13514        0.78524       13.02746        0.04194        0.03860       -0.00041      300.00000        0.74123
   98    1    1     2442.42454     4714.31848     2227.91746        3.15898       83.63224        0.00854        0.07706        0.22046       21.20000        3.58009        1.52762        0.20694        7.11183        0.01285        0.00226        0.01355        1.76640       71.70820        0.00627        0.02091       27.60388        0.26682        3.36250        1.75200        4.25102        0.00436        0.00162        0.01440      300.00000       16.96132
   99    1    1     3043.40287     1894.82360      556.91211        3.34459       57.58556        0.00405        0.03216        1.28518       16.50000        0.38538        0.46556        1.26901       13.76051        0.04561        0.00154        0.01622        0.75880       79.69145        0.00774        0.02203       31.26660        0.80559        0.58784        0.75857        8.90950        0.01979        0.01770        0.00023      300.00000       18.29748
  100    1    1     3201.31616     6903.25437     3194.32817        1.20192       19.92813        0.00049        0.03309        0.85775        8.80000        6.59495        0.90439        0.83017        9.16476        0.02006        0.00359        0.02748        4.89309       34.39110        0.00144        0.00615       28.06667        0.05192        3.43951        4.86778        6.88807        0.01135        0.01085        0.02530      300.00000      100.10658
