    1    1    1     1219.39129     2969.15535     1394.20023        6.47851      222.70513        0.06057        0.08375        0.34157       14.10000        1.18908        1.39364        0.34093       10.86002        0.02944        0.00824   -33197.38320        1.53339      222.22902        0.05993        0.08287       15.10619        0.04579        1.35094        1.52845       10.86760        0.02973        0.00366        0.00493      300.00000        2.60074
    2    1    1     2505.33024     1793.02101      553.11348        2.56179       49.96894        0.00305        0.04342        1.36388       14.20000        0.38785        0.37637        1.35820        6.52400        0.01037        0.00237        0.00564        0.72501       30.79597        0.00116        0.01752       11.78862        0.30911        1.07129        0.71895       15.90648        0.06159        0.00163        0.00606      300.00000       86.06590
    3    1    1     1998.63219    10577.82033     4204.26885        8.04338      128.67377        0.02022        0.01103        0.55399       17.50000       10.55521        1.25388        0.48068        6.25069        0.01025        0.01112        0.07340        8.94944      129.19831        0.02037        0.01146       17.15634        0.05927        3.28024        8.94963        6.25074        0.00972        0.08522       -0.00019      300.00000        0.19533
    4    1    1     1565.20374     2727.96616      741.25233        0.79500       18.85791        0.00043        0.06829        1.54687       24.70000        1.32876        0.25230        1.48227       12.02239        0.03385        0.02526        0.06466        1.48340       33.72839        0.00139        0.08084       20.78237        0.60907        0.97675        1.48353        8.53018        0.01795        0.08637       -0.00013      300.00000      141.59807
    5    1    1     1465.68263     1851.35462      760.00400        7.23651      185.24799        0.04191        0.03812        0.95028       11.90000        0.33133        0.78528        0.94929        1.81801        0.00081        0.00342        0.00098        1.40563      185.78348        0.04179        0.03860       11.61709        0.23757        0.42181        1.40616        1.81117        0.00081        0.00494       -0.00053      300.00000        0.74764
    6    1    1     3042.49863     1788.16841      664.77745        0.10452        1.82559        0.00000        0.03725        0.32046       15.70000        0.41101        1.46171        0.27285        5.51842        0.00719        0.00032        0.04759        1.70574       18.48451        0.00042        0.00643       29.91159        0.16292        0.34983        1.66451        5.03651        0.00656        0.00605        0.04123      300.00000      146.51306
    7    1    1     3181.89645     3695.66369     1849.36950        0.40385        7.50693        0.00007        0.04213        0.42049       10.50000        2.27514        1.31628        0.41829        2.39047        0.00143        0.01458        0.00222        3.44304       24.77569        0.00075        0.00609       24.43056        0.03384        0.57733        3.42562        6.07185        0.00887        0.00022        0.01742      300.00000      124.86755
    8    1    1     2884.29088     1717.45899      599.70034        2.47312       37.00960        0.00167        0.02568        1.18169       14.10000        0.15592        0.55712        1.17744       15.22316        0.05827        0.01929        0.00426        0.24441       75.99766        0.00705        0.01909       36.32195        0.87741        0.82571        0.24038        3.63267        0.00322        0.02276        0.00403      300.00000       36.21123
    9    1    1     1612.45407     1812.10778      781.41680        3.50631       84.62053        0.00875        0.06239        1.74093        4.50000        0.00510        0.01560        1.71897       16.93612        0.06877        0.00017        0.02193        1.38050       77.80465        0.00734        0.12623       14.53997        0.23017        0.09808        1.37939       12.76787        0.04074        0.01863        0.00111      300.00000       41.63228
   10    1    1     1572.83841     7791.25986     3543.91182        7.34237      169.61199        0.03514        0.03004        0.48381       15.10000        7.43916        1.26007        0.47450        7.30878        0.01295        0.05773        0.00932        4.19214      169.93940        0.03523        0.02992       15.06852        0.24606        4.80251        4.12510        7.33047        0.01257        0.00048        0.06703      300.00000        0.81597
   11    1    1     1897.90342     6293.04637     2986.85773        4.10894       83.36904        0.00849        0.04179        0.46480        9.00000        5.32430        1.34917        0.38540        8.02894        0.01695        0.00006        0.07942        4.30668       84.20375        0.00866        0.11681       28.63414        0.41640        2.30613        4.27148        4.12261        0.00404        0.04684        0.03520      300.00000       32.47775
   12    1    1     5150.96544     1442.86737      588.40320        5.94123       83.44005        0.00850        0.01559        1.69589        4.70000        0.00955        0.03817        1.69640        5.56827        0.00768        0.00085       -0.00048        0.66971       65.27198        0.00520        0.01190       14.88961        0.21594        0.86838        0.67027        4.16644        0.00430        0.00080       -0.00055      300.00000      117.77155
   13    1    1     4567.96496     1582.11660      739.05435        1.58177       22.23368        0.00060        0.02353        1.00343        8.60000        0.05490        0.73485        0.99971        7.29908        0.01338        0.01530        0.00367        1.21386       25.53474        0.00079        0.02608       11.10812        0.02854        0.55245        1.21035        5.67429        0.00787        0.01641        0.00352      300.00000       36.41955
   14    1    1     1331.84455     2334.93933     1025.74528        3.21677      110.84094        0.01500        0.13000        0.22728       24.80000        0.64063        1.50830        0.22627        4.63397        0.00536        0.06472        0.00094        0.71270       77.02053        0.00721        0.09090       25.74331        0.14333        1.57351        0.66744       13.76910        0.04481        0.01882        0.04525      300.00000       66.97823
   15    1    1     2516.43138     1702.81121      611.30823        5.00379       98.87528        0.01194        0.03575        1.16212       19.60000        0.18655        0.57199        1.16258       16.07365        0.06413        0.01314       -0.00042        1.31480      103.76881        0.01313        0.03995       20.57602        0.12676        0.48649        1.31149       15.02045        0.05516        0.00933        0.00331      300.00000       30.08467
   16    1    1     2132.92835     1627.37317      551.80785        6.28423      125.72435        0.01931        0.02958        0.52642       33.20000        0.21332        1.21007        0.52450        5.71915        0.00819        0.00220        0.00194        0.72332      125.89601        0.01933        0.02923       33.25827        0.45991        0.76811        0.72004        5.76628        0.00813        0.00106        0.00328      300.00000        2.47955
   17    1    1     6596.15078     4330.51178     2046.26022        2.60084       20.04963        0.00049        0.00677        0.22462       36.20000        3.12646        1.51650        0.21807        7.36630        0.01320        0.00001        0.00658        3.39507       53.94133        0.00355        0.03195       34.45201        0.20429        1.24375        3.39164        4.97705        0.00605        0.00341        0.00343      300.00000       55.57760
   18    1    1     2822.26211     2678.96135      864.31676        5.92841      102.18876        0.01275        0.02353        1.34938       22.80000        1.31697        0.45634        1.27823        9.48688        0.02102        0.02376        0.07119        0.98666      101.35037        0.01251        0.02794       21.45304        1.16747        0.91408        0.96691        9.23559        0.02178        0.07331        0.01975      300.00000       24.83824
   19    1    1     1322.92740    14764.11396     6972.99930        2.15475       55.13814        0.00371        0.07626        0.05153       22.90000       14.75315        1.68483        0.04973       14.50030        0.05264        0.00010        0.00181        2.23541       79.61805        0.00773        0.20100       32.40420        0.67944       13.43732        2.23510       15.62169        0.06008        0.00122        0.00031      300.00000       92.11531
   20    1    1     2905.09187    31251.35919    13000.22843        5.32927       93.23682        0.01062        0.02677        0.01451       18.10000       32.23821        1.71960        0.01496       10.27687        0.02612        0.00735       -0.00050        1.36337       98.53443        0.01185        0.03301       11.64218        0.07607       32.53382        1.35935        9.41229        0.02163        0.00343        0.00402      300.00000       40.27744
   21    1    1     2488.56839     2401.25110     1097.53179        6.71878      108.36396        0.01434        0.01743        0.37688       10.80000        1.07478        1.37152        0.36305        8.52346        0.01847        0.00206        0.01379        0.67665      108.85656        0.01441        0.01694       11.32218        0.79913        1.33391        0.67691        8.49114        0.01779        0.01664       -0.00026      300.00000        0.59834
   22    1    1     1497.66201     7603.24409     3302.00301        2.12146       44.06375        0.00237        0.05032        1.32548       40.80000        6.78236        0.41680        1.31776        9.45341        0.02171        0.01418        0.00760        3.64676       81.84211        0.00809        0.18160       33.11594        1.65325        3.08844        3.64034        8.95814        0.01953        0.01555        0.00642      300.00000       93.74865
   23    1    1     3032.99201     1601.40991      616.50330        4.33059       68.53508        0.00574        0.02485        1.40798       11.20000        0.09137        0.34416        1.39041        3.64691        0.00339        0.08353        0.01764        1.18651       65.46527        0.00522        0.02193       15.70596        0.15616        0.54739        1.12575        3.61198        0.00306        0.04074        0.06076      300.00000       16.01080
   24    1    1     1712.69271     8040.45632     3654.86667        4.28268      121.11371        0.01792        0.07976        1.72222       25.90000        7.35396        0.03130        1.70326       10.38051        0.02590        0.01341        0.01886        5.25103      108.86504        0.01446        0.07980       27.68741        0.46297        3.39136        5.23007       11.59537        0.03226        0.01257        0.02097      300.00000        1.08032
   25    1    1     1666.03167     2432.70481      450.15560        3.34735       77.24908        0.00729        0.05776        1.46013       29.50000        1.03026        0.27992        1.45464        7.30341        0.01299        0.00006        0.00544        1.65745       73.17252        0.00651        0.06250       30.23042        0.90367        0.20468        1.65773        5.72116        0.00814        0.00546       -0.00027      300.00000       69.04359
   26    1    1     1323.92756     1524.56138      610.65988        6.64827      205.61233        0.05163        0.06519        1.08483       11.40000        0.02037        0.65664        1.07793        6.79837        0.01166        0.00051        0.00688        1.13264      205.15873        0.05130        0.06503       11.65665        0.04499        0.58528        1.12495        6.85541        0.01142        0.00016        0.00770      300.00000        2.16042
   27    1    1     1329.04686     3307.19108     1404.08137        8.83178      167.45633        0.03425        0.00966        0.37780       23.90000        2.20000        1.35672        0.37785        6.64471        0.01099        0.00056       -0.00007        2.04112      167.45098        0.03419        0.00951       24.01656        0.12337        1.76978        2.04167        6.64530        0.01095        0.00104       -0.00055      300.00000        0.12545
   28    1    1     3730.66482     4357.63192     1226.53249        7.48598       74.08800        0.00670        0.00526        1.18114       37.80000        3.31657        0.55303        1.18153        6.03892        0.00901        0.03749       -0.00042        2.04735       75.72843        0.00699        0.00503       37.79627        1.81465        1.22438        2.01211        6.03984        0.00867        0.00215        0.03524      300.00000        5.34599
   29    1    1     2034.61796     2070.45507      899.71418        5.03381      124.19207        0.01884        0.05550        0.47004       11.80000        0.71461        1.26870        0.46586        8.07657        0.01592        0.00287        0.00415        1.06858      129.79099        0.02038        0.06405       11.76299        0.95611        0.42774        1.06486        5.14019        0.00664        0.00299        0.00372      300.00000       27.11472
   30    1    1     2287.23132     1660.18816      751.59750        4.66462      118.57431        0.01717        0.06175        1.01024       14.10000        0.01275        0.72387        1.01070        1.78125        0.00078        0.00361       -0.00051        0.38688      108.84187        0.01440        0.05549       17.26102        0.02615        1.34089        0.38548        4.30707        0.00464        0.00173        0.00141      300.00000       55.50650
   31    1    1     2496.68812     1583.28144      589.67385        3.66336       73.78126        0.00665        0.04289        1.08316        3.30000        0.14225        0.65483        1.07973       11.25025        0.03093        0.00374        0.00350        0.52548       88.28102        0.00949        0.03136       21.50578        0.32114        1.05671        0.52038        8.59950        0.01862        0.00166        0.00510      300.00000        9.50711
   32    1    1     1424.57380   494585.36354   191330.06402        0.68834       11.04689        0.00015        0.03131        0.46540       15.50000      480.62691        1.28790        0.44667       11.68539        0.03485        0.00457        0.01873       45.34363       59.10539        0.00425        0.53908       36.16613        1.17748      435.38554       45.34109        2.11423        0.00109        0.00007        0.00254      300.00000      153.99733
   33    1    1     1921.76091    86186.46813    37812.38553        0.42009        9.93537        0.00012        0.06819        0.04076       17.00000       86.92687        1.70654        0.02803        2.83938        0.00195        0.01024        0.01279       28.76990       29.23528        0.00104        0.02620       27.56440        0.03574       59.88487       28.76960        8.14189        0.01632        0.02066        0.00030      300.00000      145.41056
   34    1    1     2825.41307     1802.65327      724.20146        4.48729       92.03546        0.01035        0.04103        0.75510        5.30000        0.38121        0.98349        0.75107        4.08713        0.00420        0.00025        0.00403        0.88547       91.21182        0.01015        0.03046        7.73536        0.01568        1.23033        0.88213        3.10658        0.00236        0.00119        0.00334      300.00000       55.43169
   35    1    1     2349.67958     1473.40305      625.71912        3.67007       78.94187        0.00761        0.04890        0.93716       17.30000        0.03320        0.80275        0.93181        9.83624        0.02437        0.00848        0.00530        0.82810       58.09448        0.00411        0.02038       33.72152        0.11897        0.87754        0.81369        6.88326        0.01205        0.00131        0.01441      300.00000       56.26942
   36    1    1     1491.59979    92186.70264    39936.99291        2.72895       73.55516        0.00661        0.08212        1.63051       15.10000       95.04325        0.10407        1.63049        8.61948        0.01850        0.01707        0.00009       57.19652       71.16298        0.00617        0.10199       28.91978        0.14465       39.42589       57.16503       10.59211        0.02673        0.00016        0.03148      300.00000       71.94567
   37    1    1     3822.05349   676364.05863   252854.22326        5.87612       81.47810        0.00811        0.01537        0.01217       39.90000      651.19094        1.72380        0.01076       18.65922        0.08544        0.00621        0.00141      145.48397       81.97182        0.00820        0.01527       40.17648        2.23701      505.20406      145.48081       19.00043        0.08827        0.00556        0.00317      300.00000       41.51048
   38    1    1     1585.02301     2406.65882     1034.12287        6.96829      170.15052        0.03536        0.03746        0.70270       27.80000        0.88338        1.04389        0.69068        6.63889        0.01066        0.00014        0.01204        0.61345      169.67316        0.03493        0.03728       28.00197        0.71905        1.29565        0.60384        6.63050        0.01066        0.00256        0.00961      300.00000        0.36254
   39    1    1     1872.61649     6352.67502     2813.42587        4.68729      129.24659        0.02040        0.07246        0.16408       14.40000        5.49188        1.58674        0.14782        9.41712        0.02136        0.00201        0.01625        0.83075      126.56463        0.01956        0.05427       15.66384        0.70835        5.70201        0.81796       12.57964        0.03823        0.00575        0.01279      300.00000       11.56732
   40    1    1     1677.97873     1831.11063      685.42587        2.33882       55.78955        0.00380        0.06569        1.27035       17.00000        0.45279        0.47606        1.25851        9.15030        0.02025        0.00033        0.01178        1.86099       23.99468        0.00070        0.06796       17.52755        0.19805        0.11922        1.85058       12.80033        0.04151        0.00083        0.01041      300.00000      108.29437
   41    1    1     1968.12364     1639.22031      727.65007        2.54329       44.36217        0.00240        0.03476        0.78156       15.50000        0.18824        0.95594        0.77863       12.75223        0.03978        0.00050        0.00283        0.53211       25.66572        0.00080        0.04204        3.42807        0.32413        1.06160        0.52979       13.17403        0.04250        0.00000        0.00231      300.00000      115.40456
   42    1    1     1357.80030     1764.21964      722.24166        0.18555        4.68965        0.00003        0.07799        0.58946       15.50000        0.13578        1.14809        0.58647       13.34320        0.04355        0.00255        0.00287        1.55409       50.72347        0.00310        0.13193       30.49615        0.05666        0.24043        1.55010        6.78111        0.01123        0.00002        0.00398      300.00000      148.98305
   43    1    1     2018.31646     1529.98444      615.10929        0.77474       12.93726        0.00020        0.03385        1.45931       22.00000        0.02371        0.29453        1.44004       12.28990        0.03629        0.00063        0.01930        0.95231       28.35621        0.00098        0.05367       16.10324        0.18031        0.59996        0.94439       14.49003        0.05305        0.00825        0.00792      300.00000      143.40030
   44    1    1     2206.02915    23860.77109    10466.37613        3.64469       79.95578        0.00781        0.05097        0.69072       46.40000       24.91721        1.05278        0.68178       10.21383        0.02639        0.00189        0.00898        4.45807       66.53832        0.00541        0.03060       51.83300        5.88390       16.34703        4.45493        6.70637        0.01129        0.01147        0.00314      300.00000       35.32199
   45    1    1     1994.79571     6402.63674     2617.93507        5.96367      133.45184        0.02175        0.03941        0.46626       43.70000        5.62372        1.30893        0.42563        2.00594        0.00104        0.00002        0.04066        1.37316      131.70037        0.02112        0.04028       43.62808        2.73869        3.24546        1.37360        2.25467        0.00126        0.04118       -0.00044      300.00000        4.79774
   46    1    1     1539.18021     1721.02485      747.11074        5.63332      167.50897        0.03427        0.07372        1.50264       11.00000        0.08094        0.23918        1.49538        4.26133        0.00441        0.00099        0.00726        0.34987      166.85812        0.03394        0.07266       12.08223        1.11486        0.35247        0.34948        4.30872        0.00457        0.00780        0.00039      300.00000        4.65599
   47    1    1     1863.49245   931309.62941   330050.44694        5.37457      141.49183        0.02445        0.06020        0.57604       27.50000      878.03550        1.15869        0.57588       12.97574        0.04148        0.00002        0.00014      135.91756      140.67992        0.02415        0.05927       26.73072        0.06168      743.78911      135.91789       13.35322        0.04432        0.00004       -0.00033      300.00000       16.10997
   48    1    1     3634.03611     1589.64482      753.33133        5.52472       76.74405        0.00719        0.01637        0.53696       13.30000        0.01244        1.20027        0.53430        7.79418        0.01523        0.00424        0.00264        0.42907       82.62013        0.00832        0.03602        4.46890        0.04720        1.26528        0.42255        5.03931        0.00618        0.00065        0.00652      300.00000       71.41043
   49    1    1     1210.67353     6265.29464     2877.46525        8.59030      194.44868        0.04618        0.01640        1.12115       31.10000        5.55303        0.63514        1.09942        1.63713        0.00069        0.00087        0.02169        5.83880      194.44093        0.04613        0.01639       31.13106        0.35691        1.11423        5.81657        1.64683        0.00065        0.00035        0.02223      300.00000        0.53164
   50    1    1     1176.66385    15974.58210     8414.92437        7.57396      227.89890        0.06343        0.04715        0.26968       14.00000       15.17635        1.49860        0.23597       14.68533        0.05131        0.01998        0.03366        3.07024      227.93827        0.06323        0.04686       14.39241        0.09467       13.74607        3.07079       14.68507        0.05335        0.05210       -0.00054      300.00000        0.52240
   51    1    1     2563.30771     1552.67079      713.89213        0.16286        1.99590        0.00000        0.01834        1.13498       17.70000        0.02657        0.59948        1.13509        5.37185        0.00718        0.00000       -0.00018        1.03060        5.84360        0.00004        0.02192       14.55190        0.03047        0.69496        1.03097        5.77390        0.00828        0.00028       -0.00037      300.00000      171.44202
   52    1    1     1466.69915     2311.59906      935.19333        1.10590       28.92372        0.00102        0.08252        1.65742        6.70000        1.01813        0.13757        1.59699        8.98067        0.02105        0.02254        0.06049        1.83902       50.28465        0.00308        0.08579       12.88413        0.46539        0.42616        1.82850       14.59965        0.05400        0.06682        0.01052      300.00000      122.20335
   53    1    1     3085.05861     6703.55520     3099.23839        6.85723       93.45265        0.01067        0.01202        1.17989        7.30000        6.25883        0.55410        1.18047       13.23342        0.04339        0.01036       -0.00048        4.20165       90.36909        0.00996        0.01256        7.63123        0.44619        3.35532        4.19203       13.23340        0.04245        0.00114        0.00962      300.00000        8.28772
   54    1    1     2114.14601     2278.54683      889.33561        3.98446       89.49693        0.00978        0.05184        0.99466       15.30000        0.85131        0.80550        0.92907        2.69360        0.00190        0.01096        0.06555        1.05587       87.90952        0.00942        0.04963       16.48924        0.15108        1.42537        1.01324        2.49753        0.00161        0.03296        0.04264      300.00000       13.24969
   55    1    1     5307.67020     2033.59608      681.38183        5.11491       61.96132        0.00469        0.01323        1.49512       17.40000        0.45282        0.30549        1.42908       16.31421        0.06962        0.00321        0.06609        1.63085       57.59648        0.00405        0.01892       21.57854        0.52125        0.04502        1.62546       15.09945        0.05556        0.06854        0.00539      300.00000      132.78484
   56    1    1     3150.65052     4033.55980     1729.15415        2.17108       40.23691        0.00198        0.03997        0.61860       37.10000        2.81780        1.11970        0.61487        9.12312        0.02091        0.02067        0.00376        0.47255       25.98851        0.00082        0.07902       36.21469        2.78542        1.27664        0.45548        8.56499        0.01870        0.00649        0.01707      300.00000       99.73430
   57    1    1     1139.16393   525636.82239   203236.46173        8.42782      214.70094        0.05630        0.02296        0.00480       22.50000      510.56473        1.72939        0.00517        7.58756        0.01430        0.00085       -0.00039      297.23139      214.68399        0.05628        0.02294       22.43539        0.03529      215.03228      297.23175        7.58231        0.01421        0.00092       -0.00036      300.00000        0.02320
   58    1    1     2546.94650  1315665.98472   445130.41163        5.68183      112.22466        0.01538        0.03226        0.53507       43.30000     1202.83287        1.19919        0.53537        3.04197        0.00230        0.00000       -0.00027      229.10406      113.23874        0.01566        0.03258       44.71193        0.14386      975.31727      229.10408        3.68664        0.00338        0.00000       -0.00002      300.00000       26.87387
   59    1    1     2974.72589     1698.81281      512.68232        5.27458       81.37212        0.00809        0.02098        1.60625       18.00000        0.27384        0.13798        1.59659       11.75272        0.03497        0.00015        0.00977        1.09391       49.97986        0.00303        0.04036       23.68333        0.38160        0.55914        1.08548        3.93316        0.00391        0.00029        0.00843      300.00000       25.08902
   60    1    1     1959.11447     1737.73499      773.46252        6.44962      135.97590        0.02258        0.03170        0.52876        9.00000        0.16607        1.20575        0.52882       12.83636        0.04101        0.00120       -0.00008        0.84260      136.95465        0.02284        0.03154        8.92571        0.33748        0.72044        0.84267       12.83663        0.04101        0.00119       -0.00007      300.00000        0.81149
   61    1    1     2512.06364     2387.75137     1073.95215        5.26826      105.52109        0.01360        0.03540        1.63215       19.00000        1.19391        0.13757        1.59699        7.00788        0.01266        0.00769        0.03520        2.54480      117.15222        0.01675        0.04819        5.08740        0.09547        0.27094        2.54539        7.27484        0.01310        0.04374       -0.00059      300.00000       57.36660
   62    1    1     5008.75535     4736.20977     2158.71671        1.31363       25.96917        0.00082        0.04691        0.08083       16.20000        3.70630        1.65621        0.07835        6.59968        0.01092        0.02756        0.00240        2.69193       23.12456        0.00065        0.02708       34.28729        0.40724        2.39083        2.66335        4.78739        0.00547        0.00637        0.02858      300.00000      142.41429
   63    1    1     2475.43178     1404.21814      698.02923        1.62184       21.34872        0.00056        0.02061        1.50695        8.40000        0.00581        0.27722        1.45734        3.32438        0.00261        0.00527        0.04965        0.20378       20.63603        0.00052        0.02078       10.48619        0.00954        1.58377        0.14748        1.49904        0.00059        0.00005        0.05630      300.00000      132.85740
   64    1    1     2105.05600     2814.96227      543.92092        5.33423      133.69960        0.02183        0.05490        1.57335       35.70000        1.34261        0.16149        1.57308        2.66109        0.00174        0.01369        0.00035        1.80319      125.12060        0.01911        0.05007       37.56929        1.21126        0.08045        1.79279        2.77544        0.00187        0.00366        0.01039      300.00000       28.72917
   65    1    1     2450.52151     1943.41415      617.00332        3.62033       47.77124        0.00279        0.01848        1.72006       40.40000        0.55093        0.04792        1.68665        3.79378        0.00342        0.01471        0.03348        1.30463       88.98218        0.00964        0.06546       24.21366        0.80089        0.17273        1.26040        2.93011        0.00203        0.00293        0.04424      300.00000       40.27129
   66    1    1     2234.57220     1592.40436      610.88491        0.22711        3.37281        0.00001        0.02692        1.60366       21.30000        0.12211        0.13372        1.60084        9.12813        0.02039        0.00811        0.00288        1.24962        8.85435        0.00010        0.03350       17.35223        0.02521        0.59370        1.24778        4.37936        0.00480        0.00801        0.00184      300.00000      170.72511
   67    1    1     1147.48171     7046.36802     3648.89509        8.53290      208.57118        0.05313        0.01984        0.13426       25.40000        6.86878        1.60166        0.13290        7.13933        0.01251        0.00032        0.00132        2.90555      208.60822        0.05313        0.01993       25.34568        0.93806        4.76133        2.90383        7.13995        0.01250        0.00000        0.00172      300.00000        0.20361
   68    1    1     1868.83635     3178.31233     1530.75110        6.52401      142.40840        0.02477        0.03342        0.39115       13.80000        1.76568        1.34984        0.38473        2.53380        0.00162        0.03631        0.00647        0.89294      143.69099        0.02521        0.03338       13.55498        0.42596        2.22248        0.85149        2.48183        0.00159        0.00125        0.04145      300.00000        0.16935
   69    1    1     1154.25245     1789.73179      844.97444        8.76379      196.74307        0.04728        0.01428        0.22930       11.70000        0.06947        1.51693        0.21764       10.90081        0.02874        0.02956        0.01171        0.64857      196.74567        0.04720        0.01448       11.52781        0.03761        1.12242        0.64380       10.90141        0.02898        0.03629        0.00477      300.00000        0.31270
   70    1    1     1021.99197     1477.33294      769.44299        8.63911      231.18705        0.06528        0.02219        1.72183        4.40000        0.00128        0.04384        1.69073        4.21180        0.00423        0.00111        0.03124        0.75798      230.97309        0.06495        0.02252        4.20506        0.00100        0.99894        0.73581        4.20960        0.00425        0.01011        0.02217      300.00000        0.22137
   71    1    1     1945.81409     2061.34947      428.90532        2.70004       44.67427        0.00244        0.03100        1.35304       18.70000        0.54071        0.39065        1.34392       15.62599        0.05922        0.05185        0.00911        1.31079       22.10520        0.00060        0.08762       19.30544        0.58991        0.37851        1.29670        8.18730        0.01618        0.04530        0.01408      300.00000      107.03168
   72    1    1     6617.60009     1481.78638      647.80788        5.03948       63.19499        0.00488        0.01433        0.64853        7.80000        0.02817        1.08680        0.64777        5.26842        0.00693        0.01771        0.00075        1.49235       64.07419        0.00500        0.01628        4.98910        0.00838        0.28042        1.47599        3.54619        0.00303        0.00190        0.01636      300.00000      131.53928
   73    1    1     1595.51101     4565.64555     2146.75836        2.06643       51.37226        0.00322        0.07226        1.06519        8.40000        3.36196        0.68471        1.04986       10.24800        0.02532        0.00508        0.01532        2.39240       27.30999        0.00091        0.05048       15.29160        0.17472        2.54616        2.38975       12.46696        0.03897        0.01410        0.00264      300.00000      124.00981
   74    1    1     2571.81684    62341.07645    26166.49500        6.61832      106.62924        0.01389        0.01782        1.31662       17.60000       63.96235        0.41936        1.31520        0.80465        0.00016        0.01262        0.00142       56.14710      106.76045        0.01392        0.01732       17.66756        0.01503        9.54906       56.13333        0.71858        0.00013        0.00026        0.01378      300.00000        3.61106
   75    1    1     3360.07812     2301.63098      774.61264        2.34721       42.51104        0.00221        0.03785        1.34193       15.30000        1.02356        0.39881        1.33576        6.01011        0.00879        0.02068        0.00623        1.85492       39.56960        0.00191        0.01004       12.59094        0.19370        0.70972        1.85315       12.50724        0.03835        0.02520        0.00177      300.00000       41.39026
   76    1    1     1526.21897     1810.78586      658.74942        5.66842      169.36918        0.03503        0.07400        0.36190        4.10000        0.13687        1.37212        0.36245       19.73334        0.09649        0.00049       -0.00055        0.98682      169.92593        0.03492        0.07428        3.62665        0.02292        0.86114        0.98716       19.73542        0.09623        0.00061       -0.00035      300.00000        4.09133
   77    1    1     3045.23087     1918.39801      697.42340        0.75171       10.80718        0.00014        0.02510        0.94076       12.00000        0.59075        0.80201        0.93256       12.75014        0.04109        0.00001        0.00821        0.83818       16.00113        0.00031        0.00702        8.57485        0.12654        1.35953        0.83609       15.89418        0.06328        0.00500        0.00209      300.00000      161.15230
   78    1    1     1903.97901     1599.14955      587.85318        7.81047      138.51540        0.02343        0.01498        1.50645        5.60000        0.09444        0.26022        1.47435       10.50624        0.02841        0.01449        0.03209        0.74950      139.23708        0.02366        0.01467        5.89361        0.19697        0.90803        0.72418       10.50672        0.02830        0.02130        0.02533      300.00000        0.73878
   79    1    1     2703.58613     1504.80972      620.46366        4.43052      102.58148        0.01285        0.05262        0.56796        6.20000        0.00326        1.18079        0.55378        8.80188        0.01970        0.00963        0.01410        0.62844       94.96584        0.01095        0.03317        5.51575        0.00141        1.12452        0.61115       12.94452        0.04032        0.00800        0.01728      300.00000       60.90011
   80    1    1     2539.34485     6921.57823     3142.58736        1.17129       24.84134        0.00075        0.05418        1.31882       34.10000        6.33388        0.44022        1.29434       20.13911        0.09707        0.00250        0.02436        2.08465        7.91520        0.00008        0.00820       52.20081        1.80174        4.27974        2.07755       16.98897        0.07017        0.00286        0.00710      300.00000      152.62436
   81    1    1     2242.15391     2421.77855      885.92417        0.32876        6.61186        0.00005        0.04935        1.56362        9.40000        1.27260        0.17544        1.55912        5.74988        0.00807        0.05693        0.00455        1.59274       30.67849        0.00115        0.01833       25.86002        0.26040        1.18068        1.59335        6.16134        0.00941        0.06335       -0.00061      300.00000      139.01240
   82    1    1     2526.90706     2294.35592      802.69973        4.63827      111.44779        0.01517        0.05534        1.19751       19.00000        0.86143        0.53802        1.19654       14.74663        0.05434        0.00004        0.00097        1.04045      103.48365        0.01307        0.03933       26.24285        1.16849        0.40771        1.04031       14.40428        0.05111        0.00169        0.00015      300.00000       62.84981
   83    1    1     2523.00527     1609.12736      656.07611        3.48419       75.58124        0.00698        0.05050        0.97389        3.30000        0.02592        0.76674        0.96782       19.82434        0.09567        0.01081        0.00601        0.67491       65.42235        0.00522        0.01653       25.52396        0.08117        1.05117        0.66387       19.85004        0.09988        0.00163        0.01104      300.00000       35.48810
   84    1    1     5943.42168     1565.70221      751.44642        2.55677       24.05521        0.00071        0.01010        0.32999        3.80000        0.02144        1.41829        0.31628        8.49260        0.01741        0.00823        0.01373        0.83634       32.18619        0.00126        0.00704        8.28337        0.09013        0.82938        0.83272        9.63136        0.02330        0.01872        0.00361      300.00000       28.02640
   85    1    1     2936.85897     1763.39271      915.07618        6.69363       91.43706        0.01021        0.01258        0.59835       12.40000        0.12943        1.14018        0.59438       12.21338        0.03642        0.00109        0.00396        0.35288       90.75982        0.01004        0.01259       12.51555        1.35431        0.15660        0.35325       12.21322        0.03685        0.00499       -0.00037      300.00000        0.66222
   86    1    1     1242.82114     2482.83066      607.85252        5.67518      205.93821        0.05180        0.10903        1.55062       27.30000        1.01021        0.18402        1.55055        8.44894        0.01778        0.00495        0.00014        1.70824      206.16232        0.05170        0.11051       27.00017        0.50561        0.53468        1.70363        8.31715        0.01740        0.00027        0.00461      300.00000        3.05865
   87    1    1     4222.25136     1614.82403      637.83045        6.24773       88.89234        0.00965        0.01507        0.37979        6.10000        0.22473        1.36744        0.36712        6.68297        0.01079        0.00741        0.01267        0.78455       85.62792        0.00894        0.01358        8.90512        0.63190        0.54672        0.78278        6.70180        0.01101        0.01818        0.00177      300.00000       65.28925
   88    1    1     2411.94332     1616.92806      673.56902        5.00463      108.74440        0.01444        0.04322        1.41399       21.30000        0.06364        0.34760        1.38697        6.58637        0.01113        0.01634        0.02703        1.21738      125.09752        0.01899        0.06413       12.27906        0.06671        0.54086        1.17556        1.19329        0.00037        0.00194        0.04182      300.00000       55.09163
   89    1    1     4245.75909    77281.08804    30454.00883        0.22862        2.74327        0.00001        0.01758        0.64979       39.10000       78.79753        1.08674        0.64782       11.87332        0.03455        0.01772        0.00197       31.89905       45.43913        0.00252        0.00539       57.57214        2.39689       46.29560       31.87533        4.13852        0.00439        0.00010        0.02372      300.00000       76.65273
   90    1    1     1946.24910     2062.08966      972.29638        4.71837      117.55089        0.01688        0.05893        0.05417       16.80000        0.36204        1.67991        0.05465        4.17739        0.00433        0.04222       -0.00045        0.17539      125.05235        0.01894        0.06480       12.81739        0.11854        1.82700        0.14442        3.45034        0.00306        0.01077        0.03097      300.00000       22.22497
   91    1    1     2025.57902     1751.83471      574.27340        2.85546       45.61934        0.00254        0.02863        1.29592       24.70000        0.22955        0.44535        1.28921       14.44809        0.05267        0.00375        0.00662        0.30462       57.22736        0.00400        0.08351       27.24695        0.64083        1.01514        0.29887        3.25909        0.00268        0.00764        0.00575      300.00000       88.16497
   92    1    1     1827.52498     2982.09806     1295.10453        1.18389       25.16560        0.00077        0.05441        0.30379       12.70000        1.71753        1.44658        0.28799        8.61941        0.01891        0.00094        0.01576        2.30296       32.53812        0.00129        0.03311        9.43341        0.01323        1.14862        2.28744       13.05565        0.04338        0.00034        0.01552      300.00000      134.54795
   93    1    1     2238.60141     3510.78439     1525.23019        4.04775       73.89915        0.00667        0.03404        0.01904       11.90000        2.31599        1.71511        0.01945       13.33540        0.04395        0.00277       -0.00039        0.80410       83.93825        0.00860        0.05314       11.47444        0.25349        2.98206        0.80438       11.70212        0.03380        0.00236       -0.00028      300.00000       13.30130
   94    1    1     1957.68680     1587.45290      647.89872        2.35078       60.66069        0.00449        0.07683        0.19954       13.40000        0.12565        1.53549        0.19908        8.89102        0.01972        0.00175        0.00039        0.45666       24.51587        0.00073        0.02809       39.47024        0.12490        1.33764        0.45441        7.66474        0.01439        0.00106        0.00225      300.00000      101.32111
   95    1    1     2814.81922     1716.73678      623.19549        6.22827      102.79302        0.01291        0.02036        0.66235        9.30000        0.24393        1.08784        0.64672       11.80814        0.03360        0.00303        0.01565        1.39007      106.54816        0.01382        0.02028        8.37904        0.12768        0.46257        1.38742       11.80755        0.03496        0.01465        0.00265      300.00000       19.67586
   96    1    1     1088.20664    55770.52041    23505.72571        6.91026      250.04092        0.07636        0.08355        1.62294       25.80000       55.59836        0.14835        1.58622       14.89858        0.05271        0.00728        0.03677       45.49009      249.89402        0.07613        0.08484       25.53173        0.07757       11.76379       45.49041       14.89884        0.05516        0.04196       -0.00032      300.00000        1.32797
   97    1    1     1986.77410     2393.81117      646.31021        6.03571      131.20805        0.02103        0.03669        0.90915       22.40000        0.94447        0.83520        0.89937       11.68395        0.03456        0.00717        0.00981        1.52172      131.91519        0.02121        0.03633       22.47869        0.77040        0.38801        1.52082       11.68126        0.03353        0.01706        0.00090      300.00000        1.44731
   98    1    1     3118.57666     2064.69513      560.53194        4.88750       90.60702        0.01003        0.03195        1.11548       17.20000        0.64774        0.63024        1.10432        9.24773        0.02070        0.00112        0.01113        1.28664       87.18168        0.00928        0.02993       16.63531        0.50084        0.60086        1.27990        9.98126        0.02423        0.00547        0.00674      300.00000       52.86147
   99    1    1     1767.91974     1691.48808      558.16067        5.34534      143.36697        0.02510        0.06275        1.07337       29.10000        0.18548        0.66604        1.06853        4.53907        0.00519        0.00507        0.00487        1.17541      150.49986        0.02763        0.07942       19.02463        0.17119        0.55823        1.16569        6.62883        0.01113        0.00000        0.00972      300.00000       19.77945
  100    1    1     2337.72135     3728.90610     1198.67423        0.06274        1.82178        0.00000        0.10298        1.52627       17.90000        2.69944        0.21154        1.52302        8.08971        0.01600        0.01179        0.00319        2.01463       36.19706        0.00160        0.01376       46.97799        1.25106        1.28398        2.00158        1.89957        0.00087        0.00212        0.01305      300.00000      121.56332
