    1    1    1     2292.87017     4853.44277     1732.22934        3.11200       54.26465        0.00360        0.03354        1.17914       31.70000        3.73301        0.56061        1.17396       10.99316        0.02945        0.00433   -33197.37866        2.95824       34.34711        0.00144        0.03620       37.76620        2.08351        0.41944        2.94996       13.39200        0.04354        0.00132        0.00827      300.00000       88.86712
    2    1    1     1031.02078     1677.51969      619.19361        8.41234      237.84110        0.06909        0.02854        0.50587       11.30000        0.19077        1.24583        0.48873        9.97485        0.02395        0.01369        0.01715        0.94839      238.04184        0.06907        0.02870       11.17308        0.15502        0.83368        0.93649        9.97485        0.02406        0.01881        0.01190      300.00000        0.07032
    3    1    1    18094.71256     2730.40409     1165.46948        4.39061       30.40746        0.00113        0.00473        1.40884       13.70000        1.67759        0.32519        1.40938        5.71915        0.00811        0.00471       -0.00052        1.96266       39.13863        0.00187        0.01496       14.60138        0.05629        1.38625        1.96004        5.34232        0.00699        0.00126        0.00262      300.00000       42.80308
    4    1    1     2258.24642    56474.63265    23501.22310        7.90283      115.69102        0.01635        0.00983        0.56599       23.50000       57.96995        1.16951        0.56506       11.78349        0.03469        0.00020        0.00100        7.65206      115.46886        0.01628        0.00986       23.55328        0.05950       51.99388        7.65108       11.78791        0.03414        0.00078        0.00098      300.00000        0.15206
    5    1    1     2716.20460     2188.55668      847.88726        3.90437       54.67865        0.00365        0.02030        1.00628       18.00000        0.77496        0.72846        1.00611        7.58757        0.01435        0.00016        0.00027        1.74420       35.37781        0.00153        0.01783       16.77737        0.35263        0.40912        1.74461        9.42251        0.02205        0.00080       -0.00041      300.00000       72.56497
    6    1    1     2647.61836     1731.53592      652.49375        2.55158       35.70764        0.00156        0.02236        1.60993        7.30000        0.33791        0.12445        1.61012       11.01741        0.03019        0.00185       -0.00022        0.75559       18.64366        0.00042        0.02620       20.23558        0.33227        0.98902        0.75585        9.47014        0.02230        0.00243       -0.00026      300.00000      106.82972
    7    1    1     2556.33493     4700.56224     2084.62061        8.94320       81.35215        0.00808        0.00202        0.55320       15.30000        3.88029        1.18771        0.54686        4.39833        0.00471        0.00119        0.00632        3.43059       81.17537        0.00805        0.00197       15.35668        0.41523        1.77020        3.42950        4.39719        0.00483        0.00632        0.00110      300.00000        2.01987
    8    1    1     1055.76800     1921.79690      650.97973        8.27409      238.35240        0.06939        0.03197        1.22587        9.70000        0.50323        0.50929        1.22528        9.85356        0.02388        0.01416        0.00062        0.83744      238.43930        0.06928        0.03205        9.73875        0.32103        1.07880        0.83800        9.85360        0.02406        0.01510       -0.00056      300.00000        0.31206
    9    1    1     1528.89246     1533.79346      494.19006        8.63913      153.31837        0.02871        0.00976        0.66221       13.30000        0.15452        1.08894        0.64562        4.40258        0.00494        0.00061        0.01662        1.71643      153.09562        0.02859        0.01002       13.11759        0.14744        0.03993        1.70147        4.39965        0.00492        0.00235        0.01496      300.00000        0.40306
   10    1    1     4990.42226     1505.67345      620.48479        2.92345       37.44883        0.00171        0.01833        1.37563        9.30000        0.06901        0.40604        1.32853        8.89026        0.02051        0.00299        0.04715        0.52293       35.31398        0.00152        0.00615       17.88720        0.18231        1.10481        0.51530       10.41286        0.02634        0.05017        0.00762      300.00000       12.09754
   11    1    1     2924.89081   940496.61951   333145.04594        6.54796       96.55566        0.01139        0.01517        0.08327       30.10000      883.85469        1.71564        0.01893       16.70615        0.07296        0.02000        0.06442      421.25586       95.84084        0.01121        0.01516       30.39961        0.09004      464.30673      421.19243       16.72361        0.06553        0.02872        0.06343      300.00000        7.66337
   12    1    1     3681.50422     1481.70928      654.03164        2.47541       30.32806        0.00112        0.01721        1.04723       12.40000        0.05069        0.68872        1.04584        7.49131        0.01377        0.00106        0.00142        0.14032       25.14038        0.00077        0.00706       20.78132        0.02324        1.63796        0.13881        6.51653        0.01042        0.00003        0.00151      300.00000       98.26376
   13    1    1     1535.42242     1781.16537      863.45310        2.17658       56.58867        0.00391        0.07864        1.57029       14.80000        0.01392        0.16375        1.57082        9.49907        0.02234        0.00546       -0.00050        1.00987       67.22578        0.00551        0.08686       13.40730        0.06020        0.67474        1.00933        8.21439        0.01660        0.00452        0.00054      300.00000       81.53422
   14    1    1     2250.64623     1503.23122      593.70170        8.71718      101.66532        0.01262        0.00399        0.93225       30.90000        0.10144        0.80642        0.92814        7.11182        0.01271        0.00715        0.00415        0.98399      101.67767        0.01262        0.00402       30.90493        0.11807        0.74207        0.97589        7.11168        0.01278        0.00305        0.00810      300.00000        0.55984
   15    1    1     2318.31934     4708.38264     2257.57302        8.20323      109.14564        0.01455        0.00707        0.11343       24.00000        3.75848        1.62302        0.11154        1.62893        0.00066        0.01915        0.00192        2.55953      108.66930        0.01440        0.00705       24.00597        0.51921        2.42818        2.54570        1.63479        0.00068        0.00731        0.01383      300.00000        0.34531
   16    1    1     2613.98046     1684.00141      780.41458        2.12692       36.75056        0.00165        0.03481        0.46064        8.10000        0.08681        1.27362        0.46094       10.81899        0.02892        0.02190       -0.00029        0.13515       41.16056        0.00207        0.01198       21.42301        0.46506        1.24665        0.13302       10.61644        0.02823        0.01921        0.00213      300.00000       96.38139
   17    1    1     1897.07145     5397.54923     2441.34835        0.62853       10.02099        0.00012        0.03092        0.37092       18.40000        4.35662        1.38179        0.35277        6.95149        0.01162        0.00039        0.01820        0.37309       13.57190        0.00022        0.06893       29.52650        3.79457        1.79436        0.37205       19.71531        0.09547        0.02573        0.00104      300.00000      164.79480
   18    1    1     5895.65276     4527.81439     2130.35901        4.57822       63.78459        0.00497        0.01874        0.51584       23.50000        3.79876        1.22064        0.51392        4.72460        0.00559        0.00104        0.00195        2.14985       47.73003        0.00278        0.00589       23.83612        0.56179        2.82570        2.14782        8.67055        0.01843        0.00115        0.00203      300.00000      100.20479
   19    1    1     2374.39343     3049.49391     1277.67291        3.13113       63.17874        0.00488        0.04485        0.59920        8.90000        1.76952        1.13721        0.59736       10.47024        0.02688        0.02001        0.00186        2.48461       71.23095        0.00620        0.03321       20.39856        0.15101        0.88038        2.48223       10.86849        0.02961        0.01751        0.00237      300.00000       23.47211
   20    1    1     2819.15384     9738.22114     4410.12177        6.11512       97.96231        0.01172        0.01962        1.52890       24.70000        9.18298        0.21604        1.51853       12.17267        0.03588        0.02085        0.01043        2.08952       98.00019        0.01172        0.01971       24.61330        0.08585        8.75460        2.07697       12.17275        0.03762        0.01695        0.01254      300.00000        8.96188
   21    1    1     1438.10295     1637.81250      740.22828        1.51198       41.64831        0.00212        0.09055        0.72993        6.70000        0.00248        1.00595        0.72862        1.70141        0.00072        0.00161        0.00122        1.21412       35.89907        0.00157        0.07585        5.12537        0.00286        0.52091        1.21466        7.63272        0.01443        0.00361       -0.00054      300.00000      126.47410
   22    1    1     1458.32920     1565.24917      610.32828        0.98491       26.91445        0.00088        0.09032        0.33509        5.70000        0.02788        1.40288        0.33168       10.80510        0.02854        0.01104        0.00338        1.48178       37.11298        0.00167        0.09290       19.02687        0.07853        0.21111        1.48185        7.45562        0.01371        0.01694       -0.00007      300.00000      121.16100
   23    1    0     1720.37227  3119864.98112   988943.72025        5.14897       79.60930        0.00774        0.02146        0.64169       15.30000     2723.32226        1.12281        0.61175       14.08706        0.04732        0.00000        0.02995     1610.10815        0.00000        0.00000        0.00000       87.63156        0.04469     1115.00411     1610.10815        0.00000        0.00000        0.00000        0.00000      300.00000        0.00000
   24    1    1     1610.37738   744155.58357   278869.56002        8.35906      153.18995        0.02866        0.01236        0.18592       20.50000      717.82117        1.55489        0.17967        6.70380        0.01094        0.01020       -0.00534       68.17311      153.22421        0.02867        0.01243       20.49035        0.85834      650.53753       68.15974        6.71038        0.01144        0.00263        0.01337      300.00000        0.24294
   25    1    1     2402.44932    34308.09813    13876.19135        8.04494      105.33714        0.01355        0.00739        0.17671       25.20000       35.69432        1.55763        0.17694        2.82345        0.00198        0.00901       -0.00019       11.55841      105.44106        0.01357        0.00756       25.16286        0.68594       25.19304       11.54977        2.82362        0.00193        0.00016        0.00863      300.00000        1.83990
   26    1    1     4262.11120     1501.75858      616.82589        5.48181       83.70422        0.00856        0.01992        1.07952        5.70000        0.09304        0.65841        1.07615       10.97156        0.03023        0.00335        0.00342        0.44881       63.85122        0.00498        0.01090       16.67210        0.33629        1.05499        0.44854       11.01560        0.03024        0.00685        0.00027      300.00000       81.89746
   27    1    1     2580.79851     1756.72367      587.97574        1.69982       24.98372        0.00076        0.02562        0.81456       15.90000        0.46942        0.92230        0.81226        5.72008        0.00820        0.00020        0.00229        1.49022       27.19364        0.00090        0.01929       12.09728        0.41019        0.29897        1.49057        8.67101        0.01858        0.00292       -0.00036      300.00000      118.99078
   28    1    1      957.52641     2516.39501      753.76485        2.07190       92.71505        0.01050        0.23407        1.13768       15.30000        0.79407        0.59752        1.13704        7.40752        0.01369        0.02025        0.00067        1.44541       93.92143        0.01073        0.26629       18.90672        0.50646        0.53549        1.44523        9.79668        0.02392        0.01948        0.00018      300.00000       72.98241
   29    1    1     1797.42189    32978.12389    14968.39393        1.36688       37.50908        0.00172        0.09025        0.99019       14.00000       32.43298        0.74411        0.99046       17.37881        0.07455        0.00398       -0.00023        3.72743       16.75901        0.00034        0.02914       30.72903        0.48810       30.00481        3.72277       18.69016        0.08790        0.00003        0.00466      300.00000      139.46051
   30    1    1     2670.86758     3706.23691     1854.08348        6.17600       99.61537        0.01212        0.01965        0.47138       18.90000        2.30884        1.29804        0.43653        6.38878        0.00970        0.01535        0.03475        0.33242      100.60540        0.01233        0.01991       18.51898        1.28983        2.45891        0.29394        6.50405        0.01093        0.01076        0.03848      300.00000        3.27816
   31    1    1     2109.87127     3414.13062     1342.43816        0.30330        4.07192        0.00002        0.02199        0.66407       37.20000        2.28725        1.07011        0.66446        4.41887        0.00485        0.01159       -0.00045        3.31209       30.77900        0.00115        0.05964       21.62744        0.28793        0.38853        3.31074        1.61452        0.00065        0.00988        0.00135      300.00000      152.30122
   32    1    1     1780.17476     1972.07697      513.97266        2.05067       56.09991        0.00384        0.08756        1.38143       14.70000        0.51407        0.35293        1.38163        8.04258        0.01609        0.00333       -0.00024        1.28019       77.68383        0.00737        0.05059       33.91834        0.87165        0.14926        1.27707        0.81509        0.00017        0.00002        0.00312      300.00000       61.54867
   33    1    1     1578.85704     1889.43052      578.84000        8.41950      156.02915        0.02973        0.01221        1.35439       19.90000        0.47184        0.38279        1.35178       13.61720        0.04650        0.00006        0.00260        1.31023      155.77103        0.02959        0.01224       19.94530        0.49217        0.40757        1.30676       13.61658        0.04532        0.00040        0.00347      300.00000        0.26497
   34    1    1     2265.39551     3092.77937     1415.35708        4.92685      124.89147        0.01905        0.05943        1.13036       19.30000        1.68988        0.61737        1.11719        5.80421        0.00814        0.00443        0.01321        1.94713      129.24906        0.02039        0.05551       21.71215        0.20070        1.29440        1.93770        3.22858        0.00253        0.00802        0.00943      300.00000       59.21264
   35    1    1     3409.74841     1806.16251      558.71484        2.97663       39.14998        0.00187        0.01926        0.70900       20.60000        0.42275        1.07106        0.66351        5.86858        0.00814        0.00524        0.04539        1.61148       54.68766        0.00364        0.02183       18.14725        0.55324        0.03920        1.56387        4.74339        0.00584        0.00210        0.04761      300.00000       25.36524
   36    1    1     5621.10758     1662.65487      851.08336        5.63042       52.81241        0.00341        0.00734        0.15432       16.20000        0.09509        1.58212        0.15245        1.91228        0.00090        0.00470        0.00182        0.63960       67.67525        0.00557        0.01478       12.45809        0.06979        1.11157        0.63798        2.73029        0.00187        0.00470        0.00161      300.00000      107.33195
   37    1    1     3179.38177   165020.71681    67425.10787        3.67961       42.36172        0.00219        0.01400        0.67477       21.80000      166.04964        1.06003        0.67453        6.90284        0.01188        0.00267        0.00028      139.11987       37.64775        0.00173        0.01498       20.83340        0.20504       28.46265      139.11586        6.57727        0.01056        0.00037        0.00401      300.00000       67.00757
   38    1    1     1580.89422     1876.00174      706.85851        7.10875      173.92465        0.03694        0.03616        1.18153       18.00000        0.30691        0.55472        1.17985        9.08791        0.02067        0.03374        0.00165        0.34648      173.92140        0.03666        0.03642       18.02697        1.01805        0.68216        0.34131        9.09295        0.02015        0.03075        0.00517      300.00000        2.01077
   39    1    1     2569.81383     2046.12454      484.58134        6.91241      104.33716        0.01330        0.01453        0.92802       21.60000        0.54302        0.81184        0.92272       18.95324        0.09047        0.00093        0.00529        0.91529      105.26054        0.01348        0.01430       21.64165        0.86296        0.50512        0.90960       18.95354        0.09053        0.00043        0.00569      300.00000        0.42252
   40    1    1     2072.39280     2246.85143      936.55450        5.32094      124.34820        0.01888        0.04782        1.10297        6.30000        0.91478        0.63430        1.10027        2.91515        0.00213        0.00455        0.00264        2.26848      125.95615        0.01933        0.04603        6.86780        0.03871        0.34880        2.26224        3.52550        0.00302        0.00107        0.00624      300.00000       12.89167
   41    1    1     1519.23851     2767.91169      905.04886        2.59835       62.08410        0.00471        0.06502        0.23358       35.90000        1.39403        1.50529        0.22927        1.62111        0.00064        0.00052        0.00432        2.17167       60.11885        0.00439        0.11863       27.02318        0.57565        0.30932        2.16932        9.30621        0.02171        0.00243        0.00234      300.00000       81.66825
   42    1    1     3544.31475     2205.26896      685.95391        1.71494       14.75917        0.00027        0.00878        0.84321       22.40000        0.87380        0.89188        0.84269        5.73436        0.00809        0.00127        0.00052        1.31492       19.90800        0.00048        0.01456       25.18341        1.15263        0.11956        1.31546        9.59510        0.02281        0.00233       -0.00054      300.00000      124.66446
   43    1    1     6490.75513    17048.18574     7625.11709        6.11900       65.27997        0.00520        0.00870        0.20455       15.00000       17.65572        1.53206        0.20251       12.63184        0.03997        0.00010        0.00205        9.12964       47.60842        0.00277        0.00522       21.94103        3.50195        6.76339        9.12993       12.72317        0.04022        0.00308       -0.00029      300.00000      109.39584
   44    1    1     2417.22637     2410.74110      836.39480        3.29753       46.33393        0.00262        0.02149        1.38543        9.80000        1.21880        0.37167        1.36289        7.30743        0.01366        0.03782        0.02265        1.62558       39.86079        0.00194        0.02657        8.91918        0.88564        0.44090        1.62599        6.40903        0.01021        0.06068       -0.00041      300.00000       89.90745
   45    1    1     4456.76913     1716.63817      775.72439        3.65266       85.84556        0.00900        0.05846        1.16990       13.20000        0.04610        0.56749        1.16708       10.54987        0.02792        0.00507        0.00281        1.07835       58.45690        0.00415        0.02859       13.11727        0.10682        0.58460        1.07839       17.19139        0.07359        0.00786       -0.00004      300.00000       71.22762
   46    1    1     1008.07989     1914.48257      764.59151        3.30024      154.48347        0.02915        0.23846        0.68963        0.00000        0.00000        1.08745        0.64711       21.14974        0.11579        0.00880        0.04252        1.21134      139.48958        0.02358        0.25606       15.57627        0.01540        0.52625        1.20612       18.83008        0.08929        0.04738        0.00522      300.00000       22.11852
   47    1    1     4788.55544     2862.44011     1209.39676        5.43880       98.36826        0.01182        0.02813        0.99715       28.60000        1.45603        0.79649        0.93807        1.43039        0.00053        0.00144        0.05910        1.32150       89.96344        0.00983        0.02661       25.71316        0.60000        1.31977        1.26258        6.99282        0.01148        0.00241        0.05892      300.00000      169.28149
   48    1    1     2103.07533    25111.69383    11053.36414        8.32170      116.75773        0.01665        0.00739        1.36735       31.60000       25.57780        0.39748        1.33709       15.39646        0.05652        0.01446        0.03020       22.17118      116.64186        0.01659        0.00744       31.60608        0.27005        4.87364       22.16867       15.39639        0.05804        0.04072        0.00251      300.00000        1.31686
   49    1    1     5260.73159     1671.82006      685.16829        3.34379       29.82696        0.00109        0.00863        1.55373        5.70000        0.31276        0.18585        1.54871       16.43119        0.06796        0.02323        0.00503        1.53330       13.90287        0.00024        0.00214       17.67378        0.05722        0.47257        1.52845       15.81330        0.06293        0.02484        0.00485      300.00000       96.05263
   50    1    1     3325.35539     1676.83192      779.70212        8.22435       75.52942        0.00697        0.00333        0.98310       20.40000        0.05678        0.75113        0.98344       15.21623        0.05716        0.00005       -0.00023        0.55728       75.53485        0.00696        0.00321       20.41196        0.08633        1.14728        0.55774       15.21634        0.05743        0.00001       -0.00046      300.00000        0.21618
   51    1    1     3363.72690     3133.69780     1310.39925        0.79245       11.77796        0.00017        0.02681        1.54205       17.30000        1.87725        0.24517        1.48940        2.64967        0.00165        0.01910        0.05271        1.25098       30.22279        0.00111        0.00762       28.37009        0.81096        1.62109        1.18205        8.21034        0.01576        0.00469        0.06893      300.00000      104.41165
   52    1    1     1980.45403     1997.83517      647.39701        3.11195       68.02441        0.00565        0.05271        1.59847       15.20000        0.49799        0.23462        1.49995       13.14494        0.04572        0.00191        0.09845        1.41534       61.07716        0.00455        0.06026       21.57792        0.41679        0.41313        1.40850       11.65585        0.03428        0.09272        0.00684      300.00000       44.14695
   53    1    1     1849.03484     1696.02291      628.55444        1.75830       38.38903        0.00180        0.05642        1.43664        7.20000        0.03871        0.29775        1.43681       17.67063        0.07765        0.01919       -0.00020        0.23480       40.81391        0.00203        0.05181       20.30685        0.08266        1.48345        0.22826       15.33069        0.05929        0.01413        0.00654      300.00000      104.75124
   54    1    1     9459.51397     1547.50859      700.88326        2.95983       44.53007        0.00242        0.02522        1.35379        5.40000        0.17428        0.38321        1.35135       11.90312        0.03469        0.00154        0.00244        1.45349       18.65516        0.00042        0.03100       21.47034        0.05120        0.43009        1.45156        5.19714        0.00676        0.00219        0.00194      300.00000      138.76605
   55    1    1     3291.42632     2722.43376     1083.17028        2.28644       25.34002        0.00078        0.01422        1.43940       28.20000        1.42164        0.29469        1.43988       22.17637        0.12202        0.02711       -0.00047        0.67302       38.90696        0.00185        0.01471       13.91608        0.05332        2.43046        0.66980       22.28684        0.12145        0.02508        0.00321      300.00000       84.76854
   56    1    1     4123.36806     1571.42600      726.81142        3.35797       34.63990        0.00147        0.01153        0.74033       14.60000        0.01872        1.00595        0.72862        8.44807        0.01726        0.01473        0.01174        0.41812       37.81239        0.00174        0.00850       11.69824        0.33189        1.00227        0.41474       10.19996        0.02543        0.02205        0.00338      300.00000       54.45222
   57    1    1     1652.19205     1811.94176      730.36529        6.12007      161.49161        0.03185        0.05319        1.33876       23.40000        0.16767        0.41058        1.32399       10.80500        0.02816        0.00001        0.01479        0.55164      162.16710        0.03204        0.05169       23.90986        0.81158        0.54724        0.54466       10.80606        0.02947        0.00654        0.00698      300.00000        3.26206
   58    1    1     1577.62970     1792.71015      434.14460        6.53986      169.24143        0.03498        0.04681        1.52386       27.70000        0.29764        0.21652        1.51804        3.61344        0.00329        0.02761        0.00587        0.72701      168.94770        0.03484        0.04827       27.21679        0.68037        0.65687        0.69359        3.62455        0.00313        0.00023        0.03342      300.00000        0.27360
   59    1    1     2865.09520     1585.69269      738.96233        7.17656       94.83687        0.01098        0.01034        1.68454       22.30000        0.06306        0.05404        1.68052        0.27918        0.00002        0.02868        0.00408        1.70705       95.07853        0.01103        0.01018       22.33489        0.06188        0.05998        1.67585        0.30210        0.00002        0.00154        0.03120      300.00000        1.00106
   60    1    1     1612.08405     1590.47037      644.42476        3.27124       80.97030        0.00801        0.06682        0.99801        8.80000        0.00344        0.79450        0.94006       13.41825        0.04229        0.00943        0.05802        1.34978       77.90077        0.00733        0.06600       16.11032        0.01171        0.43502        1.29507       12.51131        0.04075        0.01192        0.05470      300.00000       64.00427
   61    1    1     6080.85365     4534.37432     2218.47136        0.29807        2.91889        0.00001        0.01170        0.04942       19.80000        3.76001        1.68846        0.04610       21.37078        0.11163        0.00104        0.00339        2.89817       18.42802        0.00041        0.00304       13.88829        0.13289        2.51243        2.88880       17.24105        0.07523        0.00008        0.00937      300.00000       86.21742
   62    1    1     4069.72575     1722.08084      703.59502        5.63580       72.31282        0.00639        0.01372        0.71111       11.30000        0.21256        1.04956        0.68501       12.50078        0.04008        0.00983        0.02604        0.94556       66.66624        0.00541        0.01396       12.74587        0.10624        0.89827        0.94441       12.33100        0.03800        0.03581        0.00115      300.00000       44.56556
   63    1    1     2613.08167     1523.96930      700.74277        7.64211      103.37340        0.01305        0.00930        1.74059        4.50000        0.01855        0.03550        1.69906        5.47901        0.00711        0.00006        0.04163        0.25139      104.00345        0.01320        0.00944        3.81406        0.67664        0.83488        0.24130        5.47778        0.00760        0.03102        0.01009      300.00000        2.19103
   64    1    1     2334.59114     1642.07295      752.83749        2.81500       40.71780        0.00202        0.02353        0.55135        0.20000        0.00266        1.18265        0.55191       15.21621        0.05731        0.00015       -0.00055        1.17791       25.00024        0.00076        0.02559        1.55863        0.00013        0.55766        1.17844       15.23816        0.05761        0.00000       -0.00052      300.00000      109.67977
   65    1    1     1749.41512     2008.22440      857.57649        5.23525      146.87962        0.02635        0.06979        0.94459       17.90000        0.46416        0.78958        0.94498        7.22093        0.01295        0.00809       -0.00041        1.87391      149.78308        0.02728        0.06720       18.95506        0.06381        0.26527        1.87152        7.14946        0.01252        0.00554        0.00240      300.00000       13.82165
   66    1    1     2294.42642     1632.40217      761.33338        1.70414       31.79844        0.00123        0.04129        1.52513        2.30000        0.14453        0.35165        1.38291        6.55218        0.01151        0.02819        0.14226        1.20393       47.25768        0.00272        0.02584       13.12020        0.01116        0.81135        1.07338        9.65566        0.02491        0.02360        0.13055      300.00000       91.06378
   67    1    1     1507.11859     2090.23914     1015.84616        0.63921       15.29823        0.00029        0.06967        0.11651       14.90000        0.42865        1.64894        0.08562        8.56092        0.01747        0.02718        0.03091        0.20290       17.84195        0.00039        0.09794       16.72362        0.62475        1.34783        0.17801        2.13022        0.00116        0.03372        0.02489      300.00000      143.56888
   68    1    1     5442.72509     1659.82699      803.93985        1.49356       25.46068        0.00079        0.03470        0.32413        9.00000        0.00428        1.40992        0.32464        9.17577        0.02086        0.00525       -0.00048        0.88495       36.20479        0.00160        0.01077       27.29514        0.05174        0.83490        0.88361        6.89301        0.01166        0.00432        0.00134      300.00000       33.32176
   69    1    1     8039.03693    14621.80079     6524.82097        4.70393       26.80915        0.00088        0.00309        1.62140       35.30000       14.98484        0.13115        1.60341        7.23653        0.01259        0.00570        0.01796        1.34850       44.05112        0.00236        0.04172       28.16203        0.51352       14.83764        1.33601        7.43763        0.01404        0.00187        0.01250      300.00000       65.86469
   70    1    1     2907.11410     1693.73278      603.21274        5.29162       88.59835        0.00959        0.02465        0.53671       19.20000        0.32048        1.20090        0.53366        3.97235        0.00386        0.01141        0.00312        0.81926       93.81671        0.01071        0.03132       15.36685        0.31320        0.92962        0.80496        3.65744        0.00340        0.00010        0.01431      300.00000       29.91716
   71    1    1     1090.39497    16979.75011     7615.10621        8.29210      228.12577        0.06356        0.02888        0.25209       26.40000       17.70065        1.51663        0.21794        4.88374        0.00615        0.00167        0.03411       15.54449      228.25964        0.06351        0.02889       26.42329        0.38367        3.53124       15.52042        4.87020        0.00608        0.01176        0.02406      300.00000        0.42469
   72    1    1     1955.28535     1521.86292      569.98530        6.64483      142.38096        0.02476        0.03132        1.35294       10.60000        0.03014        0.41786        1.31671       10.36750        0.02553        0.00096        0.03625        0.80291      140.61654        0.02409        0.03113       11.38076        0.53001        0.44821        0.78737       10.36740        0.02590        0.02126        0.01554      300.00000        4.85452
   73    1    1     4551.65138     3765.46996     1558.88338        7.52409       65.10927        0.00518        0.00397        1.11387       14.00000        2.75424        0.68507        1.04950        5.56270        0.00809        0.01802        0.06436        1.86917       64.06534        0.00501        0.00457       13.70970        0.27023        2.40956        1.80859        5.56453        0.00726        0.02264        0.06059      300.00000       10.73004
   74    1    1     2473.96673     1509.72461      546.75942        3.81507       74.58771        0.00679        0.03989        0.81873       15.80000        0.01383        0.91583        0.81873        7.64107        0.01439        0.00137        0.00004        0.63245       47.32921        0.00273        0.02400       34.38326        0.43363        0.70664        0.63279        6.09759        0.00924        0.00214       -0.00035      300.00000       33.55155
   75    1    1     1939.55288     1818.40973      907.91949        8.01263      133.24987        0.02169        0.01209        0.25483        6.40000        0.27516        1.47924        0.25533        9.44565        0.02206        0.00008       -0.00048        0.76580      132.69956        0.02146        0.01239        6.12405        0.09618        1.14716        0.76620        9.44613        0.02206        0.00008       -0.00040      300.00000        0.52827
   76    1    1     3831.68041   311067.30549   125814.80185        6.20749       59.74619        0.00436        0.00695        0.13416       13.80000      309.69559        1.60134        0.13323        9.92075        0.02459        0.00292        0.00101      114.87925       54.14883        0.00358        0.04822       16.34337        0.03768      196.47967      114.86585        8.70166        0.01828        0.00342        0.01340      300.00000       12.68735
   77    1    1     1972.40968     1683.65831      804.14517        6.89150      137.62812        0.02313        0.02558        1.35054       22.50000        0.03444        0.40867        1.32590        1.76704        0.00080        0.00237        0.02462        0.64424      137.50921        0.02305        0.02613       22.33925        0.05658        1.07055        0.64152        1.75856        0.00076        0.02421        0.00273      300.00000        1.06267
   78    1    1     1579.22774     1569.08941      698.94343        1.83650       49.19299        0.00296        0.08468        1.11524        6.30000        0.04696        0.65372        1.08085        2.60695        0.00175        0.00718        0.03436        1.20588       42.75989        0.00223        0.07027        4.78324        0.00564        0.61102        1.16692        7.91204        0.01485        0.00258        0.03896      300.00000      101.73382
   79    1    1     3118.30081     1476.15796      595.29188        2.98995       51.62682        0.00326        0.03316        1.13363       12.90000        0.03974        0.60479        1.12978        9.00728        0.02039        0.01402        0.00393        0.70104       79.47795        0.00771        0.02538       19.72479        0.03729        1.06736        0.68388        5.94957        0.00902        0.00119        0.01716      300.00000       28.90353
   80    1    1     4142.52290     5119.30366     2323.58878        1.00480       15.54730        0.00030        0.02894        0.08144       10.00000        4.13883        1.66546        0.06911       14.15625        0.04844        0.00565        0.01227        4.44094       55.00188        0.00369        0.01654       46.11660        0.18928        1.31319        4.42401        4.08840        0.00426        0.00115        0.01693      300.00000       53.99127
   81    1    0     1648.68436  3713405.64297  1234993.12363        2.72680       50.68839        0.00314        0.03906        1.51167       19.30000     3231.30305        0.23146        1.50310        3.24013        0.00255        0.00854        0.00856     2214.37417        0.00000        0.00000        0.00000       49.09411        0.01310     1018.71248     2214.37417        0.00000        0.00000        0.00000        0.00000      300.00000        0.00000
   82    1    1     2503.50585     2146.78207     1033.79999        3.36914       68.07455        0.00566        0.04420        0.17238        9.20000        0.49081        1.58674        0.14782       11.66434        0.03256        0.00049        0.02480        0.82579       69.71471        0.00593        0.02872       11.46650        0.18726        1.21902        0.80479       16.02322        0.06562        0.00050        0.02100      300.00000       12.69927
   83    1    1     2234.34656     2100.04738      695.01284        2.08196       30.63603        0.00115        0.02530        0.59822       23.10000        0.81263        1.14230        0.59227        9.49510        0.02195        0.00406        0.00598        1.53263       49.64298        0.00301        0.03250       16.77499        0.26477        0.74372        1.52656       10.28798        0.02576        0.00321        0.00607      300.00000      107.04249
   84    1    1     7754.04316     9926.31875     4540.11700        5.01639       63.26133        0.00489        0.01454        0.00746        5.80000        9.79693        1.72699        0.00757       14.74667        0.05411        0.00145       -0.00014        6.59434       51.36179        0.00322        0.00741       15.38456        0.02239        4.92722        6.58964       14.32637        0.05165        0.00016        0.00470      300.00000      174.84817
   85    1    1     1979.31357     7583.51086     3752.89191        0.83128       16.27181        0.00032        0.04647        0.51279       27.30000        7.20968        1.22637        0.50819       12.37829        0.03738        0.02487        0.00456        7.24495       14.71945        0.00026        0.03880       23.79988        0.04408        1.68806        7.24234        7.75547        0.01472        0.02701        0.00261      300.00000      148.68034
   86    1    1     1936.70596     5807.60236     2492.02871        2.41380       49.48562        0.00299        0.04834        1.14607       23.00000        5.22147        0.61013        1.12444        6.40688        0.00984        0.01793        0.02163        2.08262       36.21192        0.00160        0.03207       29.53330        0.96331        3.96278        2.04596        7.42797        0.01424        0.00015        0.03665      300.00000      107.67040
   87    1    1     1219.90714     1556.31422      672.43404        8.91670      177.10096        0.03831        0.00987        1.56140        5.20000        0.19619        0.17345        1.56112        4.90219        0.00592        0.02434        0.00020        0.16873      177.23563        0.03833        0.00986        5.31688        0.07833        1.69114        0.16135        4.89748        0.00606        0.01703        0.00738      300.00000        0.41278
   88    1    1     2437.06580     1647.86175      766.26166        5.13108      111.10800        0.01508        0.04219        1.50987        9.60000        0.01561        0.22575        1.50882        2.76174        0.00187        0.05181        0.00101        0.50718      109.14217        0.01452        0.03775       14.05796        0.14109        1.14343        0.47107        2.44311        0.00142        0.01680        0.03610      300.00000       25.82590
   89    1    1     2320.61454     2955.76705      338.28012        8.80047       94.35975        0.01087        0.00317        1.64721       31.10000        1.67013        0.11160        1.62297        5.86888        0.00825        0.06515        0.02422        1.68829       94.23244        0.01084        0.00319       31.10870        1.71778        0.01441        1.67254        5.86852        0.00830        0.07357        0.01576      300.00000        2.00771
   90    1    1     1669.58750     2078.57806      849.83375        6.22359      162.81132        0.03237        0.05121        0.69457       13.30000        0.72848        1.04540        0.68917        3.88521        0.00368        0.00965        0.00542        0.67370      161.34271        0.03167        0.05323       12.39224        0.06506        1.72320        0.67360        3.79368        0.00355        0.01494        0.00010      300.00000        5.15140
   91    1    1     2906.21131     1847.16069      634.40391        3.26269       81.88607        0.00819        0.06874        0.87390       15.30000        0.32858        0.87289        0.86167        8.01477        0.01553        0.00070        0.01234        1.38635       71.92660        0.00630        0.01712       36.33909        0.30652        0.43104        1.38652        5.69000        0.00799        0.01324       -0.00017      300.00000       19.23886
   92    1    1     1593.07951     9724.42879     4745.16590        7.62155      168.17421        0.03454        0.02492        0.53524       35.40000        9.30016        1.19927        0.53530       14.29611        0.05087        0.00146       -0.00007        6.51169      168.87561        0.03470        0.02496       35.34635        0.57379        3.95083        6.51001       14.29557        0.05011        0.00041        0.00168      300.00000        0.82237
   93    1    1      944.54296  6761018.01340  2158677.65842        2.08976       77.95535        0.00742        0.16253        1.42508        8.20000     5790.36859        0.34894        1.38563       11.54924        0.03163        0.00001        0.03937     1960.87732      109.57931        0.01466        0.17944       31.16913        0.17314     3831.21622     1960.82112       18.14925        0.08581        0.00271        0.05619      300.00000      101.75860
   94    1    1     3165.52704     8087.58573     3687.39002        4.61052       62.06980        0.00471        0.01743        1.18066       34.30000        7.69111        0.55353        1.18104        8.70876        0.01873        0.05508       -0.00037        8.04076       77.80351        0.00738        0.02187       32.50129        0.62980        0.75932        8.02077        9.21697        0.02040        0.04173        0.01999      300.00000       11.29617
   95    1    1     2196.88479     2940.45921      723.92096        5.20934      122.17698        0.01823        0.04895        1.42347       32.20000        1.53612        0.31071        1.42386        3.25471        0.00262        0.02250       -0.00043        1.81570      135.37687        0.02227        0.05860       28.67323        1.18171        0.27572        1.80188        0.99961        0.00024        0.00835        0.01381      300.00000       42.84228
   96    1    1     1096.91483     1603.93673      663.81588        7.28017      246.18561        0.07402        0.06564        0.99230        9.80000        0.02391        0.74204        0.99253        6.31361        0.00992        0.02563       -0.00016        1.46752      246.86859        0.07411        0.06623        9.09686        0.01843        0.28146        1.45790        6.31102        0.00965        0.01604        0.00962      300.00000        0.37669
   97    1    1     6019.07309     4530.32627     2093.10933        4.72862       25.58301        0.00080        0.00278        0.40577       23.80000        3.37351        1.36156        0.37301       12.70384        0.03842        0.00262        0.03269        1.48570        4.68463        0.00003        0.00849       33.55168        1.07108        2.53752        1.48545       13.72834        0.04642        0.03620        0.00026      300.00000       88.97952
   98    1    1     1679.25350     2989.42048     1335.33966        6.13903      159.10549        0.03092        0.05112        0.53229       17.70000        1.56372        1.20615        0.52841        8.53668        0.01780        0.00651        0.00393        0.42211      156.72389        0.02995        0.04963       18.95450        2.54015        0.34624        0.41430        8.54987        0.01847        0.00196        0.00781      300.00000        2.31873
   99    1    1     1535.20059     8776.53172     4250.14784        0.67123       17.99782        0.00040        0.08741        0.06020       12.80000        8.47076        1.70492        0.02964        6.84919        0.01207        0.00100        0.03056        3.45852        9.02299        0.00010        0.05295       16.15620        0.31137        6.42129        3.45758       14.84070        0.05412        0.03834        0.00094      300.00000      174.34589
  100    1    1     1975.61733     1818.75976      721.77946        1.16913       26.40309        0.00085        0.06144        1.65920       24.10000        0.46723        0.11420        1.62037        6.11774        0.00888        0.00003        0.03887        0.94129       47.19197        0.00271        0.04264       14.86157        0.05083        1.21835        0.93612        9.63206        0.02336        0.03266        0.00517      300.00000       97.39454
