    1    1    1     6902.81262     1468.58454      633.75887        2.88533       35.61035        0.00155        0.01705        0.94604        9.20000        0.04618        0.79198        0.94258        8.36289        0.01709        0.00156   -33197.38036        1.10413       32.29884        0.00127        0.00171       16.52991        0.01701        0.67453        1.10127        9.29792        0.02169        0.00111        0.00287      300.00000        7.06427
    2    1    1     1429.82620    30157.05569    12421.14587        3.48834       97.09580        0.01151        0.08311        1.58597       13.60000       31.53215        0.25630        1.47826        8.62839        0.01714        0.00006        0.10773       17.50640      102.13918        0.01274        0.12302       18.62898        1.18605       14.62382       17.39818       11.22474        0.03344        0.00078        0.10822      300.00000       42.78418
    3    1    1     3867.40349     1729.50477      590.15074        1.78032       22.18871        0.00060        0.01837        0.86426       12.60000        0.30191        0.87652        0.85805        5.62015        0.00796        0.05479        0.00633        0.80016       31.85836        0.00124        0.00645       11.99449        0.78277        0.47092        0.77790       10.36355        0.02575        0.03713        0.02227      300.00000       75.50685
    4    1    1     1663.72944     1730.15583      585.81439        1.45480       34.08023        0.00142        0.06561        1.62852       17.90000        0.15303        0.10877        1.62580        5.13731        0.00662        0.00000        0.00267        0.70320       24.70028        0.00074        0.05882       29.46254        0.97609        0.18595        0.70028       12.63413        0.03905        0.00012        0.00291      300.00000      135.89948
    5    1    1     3451.74241     1678.23623      667.82025        4.08513       46.58445        0.00265        0.01323        0.39469       27.00000        0.32625        1.34332        0.39125        9.84428        0.02433        0.00155        0.00345        0.49313       43.58303        0.00232        0.00909       23.82261        0.13919        1.42470        0.49031       11.93973        0.03488        0.00271        0.00282      300.00000       59.85643
    6    1    1     3142.48076     2863.04640     1233.95366        0.86436       21.57839        0.00057        0.07555        0.72189       15.00000        1.81414        1.01231        0.72225        4.28479        0.00454        0.00002       -0.00030        1.47249       41.91866        0.00215        0.00742       30.63183        0.15178        1.98971        1.47300        4.64311        0.00534        0.00014       -0.00051      300.00000       88.70461
    7    1    1     1780.66166     3408.04311     1017.36521        7.01416      150.47178        0.02765        0.02855        0.88546       34.30000        2.15934        0.85492        0.87964        7.79142        0.01478        0.00014        0.00582        2.79888      150.53102        0.02767        0.02910       34.15582        0.74885        0.34512        2.79942        7.78859        0.01502        0.00622       -0.00054      300.00000        0.74721
    8    1    1     5562.49086     1542.26586      630.62903        7.35107       47.95135        0.00281        0.00239        1.35739       24.90000        0.03718        0.38233        1.35224       12.05166        0.03657        0.00703        0.00520        0.42530       47.81719        0.00279        0.00241       24.88832        0.04425        1.30687        0.42060       12.05167        0.03542        0.00867        0.00470      300.00000        1.36680
    9    1    0     1178.11334  9124649.72868  2962908.25455        4.32643       92.19800        0.01038        0.04508        0.25784       37.00000     7811.83649        1.50653        0.22803        4.53438        0.00529        0.01055        0.02980      478.35021        0.00000        0.00000        0.00000       85.87366        0.09426     7335.22577      478.35021        0.00000        0.00000        0.00000        0.00000      300.00000        0.00000
   10    1    1     2755.94671     4374.18677     1741.15431        4.69662       86.95207        0.00923        0.03263        0.65765       28.20000        3.13868        1.09101        0.64356       16.28402        0.06399        0.00038        0.00680        2.65718       77.45814        0.00730        0.03156       29.29746        0.61771        1.59571        2.65653       17.02378        0.07233        0.01178        0.00064      300.00000       30.26968
   11    1    1     1299.14000    19950.31304     9767.22541        1.02341       26.97087        0.00089        0.08394        0.02659       10.90000       20.77766        1.72833        0.00624        7.23045        0.01255        0.00441        0.02036        4.74000       26.90827        0.00088        0.15828       31.49550        1.26479       16.44381        4.73682        8.42584        0.01782        0.00877        0.00318      300.00000      152.77330
   12    1    1     1579.97287     2152.49473     1021.82829        0.70767       19.65106        0.00047        0.09371        0.05103        1.90000        0.37834        1.71960        0.01496       10.43519        0.02587        0.07684        0.03611        0.23489       46.19174        0.00259        0.05698       38.06610        1.11131        0.90864        0.14487        6.35211        0.00935        0.02211        0.09002      300.00000      129.55060
   13    1    1     2121.25279     1611.43468      670.98955        2.13874       56.48691        0.00390        0.08130        0.17630        3.90000        0.11027        1.56104        0.17352        3.85367        0.00373        0.00738        0.00276        0.72079       63.14259        0.00486        0.03018        5.64479        0.21751        0.91109        0.70981       15.51881        0.05829        0.00119        0.01097      300.00000       50.36981
   14    1    1     6385.84784     1705.57826      745.07952        3.55993       29.79229        0.00108        0.00747        1.16967        9.70000        0.42811        0.58853        1.14603        7.73865        0.01434        0.00263        0.02356        0.41153       27.35161        0.00091        0.00885        7.73548        0.01127        1.75534        0.38701        9.39613        0.02262        0.00133        0.02452      300.00000       19.61778
   15    1    1     2890.13678     1643.61839      733.60524        2.13419       20.18992        0.00050        0.01043        1.69925       26.70000        0.13360        0.03683        1.69774        9.41276        0.02174        0.00071        0.00156        1.33636       13.60926        0.00023        0.02138       12.74521        0.16806        0.33702        1.33411       12.78364        0.04003        0.00000        0.00225      300.00000      141.51176
   16    1    1     1638.66856     1450.64565      651.62066        6.79293      165.36366        0.03340        0.03898        0.61848        5.20000        0.00196        1.11552        0.61905        7.62733        0.01443        0.00006       -0.00047        0.35771      164.01750        0.03278        0.04006        3.96229        0.00387        1.37395        0.35815        7.62427        0.01442        0.00004       -0.00044      300.00000        0.60582
   17    1    1     1726.34344     1604.10415      612.98039        1.90215       54.20262        0.00359        0.09558        1.27005       23.90000        0.10803        0.46952        1.26504       10.92301        0.02909        0.00101        0.00502        1.16113       76.05210        0.00703        0.05149       26.83874        0.12520        0.56065        1.15940       16.69018        0.06831        0.00306        0.00174      300.00000       63.64102
   18    1    1     2784.05056     6490.02340     2916.95089        5.43764      104.12998        0.01324        0.03155        0.82395       27.30000        5.76455        0.91141        0.82315       12.64679        0.03932        0.00667        0.00078        4.14704      104.40923        0.01330        0.02905       28.48304        0.62282        2.73175        4.14643       12.75265        0.04058        0.00614        0.00061      300.00000       31.76297
   19    1    1     2309.67679     1896.16237      699.40949        3.20350       68.06324        0.00566        0.04947        1.50525       10.60000        0.58256        0.22924        1.50532        6.58726        0.01070        0.04835       -0.00002        1.73564       60.60618        0.00447        0.03493       20.54057        0.40115        0.22980        1.70861        3.86426        0.00357        0.02167        0.02703      300.00000       35.37540
   20    1    1     2033.20769     3641.24351     1556.88342        6.30003      131.93161        0.02126        0.03230        0.40334       36.10000        2.44059        1.33542        0.39915        4.03133        0.00409        0.00009        0.00414        3.01786      132.04363        0.02126        0.03187       36.23608        0.63591        0.52317        3.01649        4.01946        0.00397        0.00304        0.00137      300.00000        2.02638
   21    1    1     6261.11074     1763.89919      682.81232        2.85429       71.61225        0.00626        0.07062        1.28557       10.20000        0.23815        0.45164        1.28293       14.18963        0.05049        0.01213        0.00265        0.47623       59.21195        0.00428        0.00917       29.54870        0.04997        1.50967        0.45915       16.47303        0.06532        0.00024        0.01708      300.00000      164.90125
   22    1    1     2695.16463    28788.48588    12419.52176        4.28595       80.99295        0.00801        0.03560        1.46110       26.80000       29.52206        0.27700        1.45756       11.34752        0.03147        0.00343        0.00355       18.38634      103.70899        0.01313        0.02932       24.43801        0.15633       12.70857       18.38311       13.00603        0.04136        0.00363        0.00323      300.00000       27.00595
   23    1    1     2764.78737     3057.84058     1023.50194        4.61615       72.69009        0.00645        0.02383        0.65589       40.60000        1.73050        1.08201        0.65255        6.80355        0.01162        0.01700        0.00328        1.18166       71.77436        0.00626        0.03819       34.13924        1.22180        1.05370        1.17098        7.95360        0.01532        0.01039        0.01068      300.00000        3.31690
   24    1    1     9727.47493     5044.15806     2285.27281        5.53017       71.01224        0.00616        0.01398        0.12610        5.90000        4.08869        1.61313        0.12144       17.02408        0.07069        0.00100        0.00467        3.97739       57.20869        0.00400        0.01376       15.18370        1.44443        0.41519        3.97349       15.96958        0.06228        0.00271        0.00390      300.00000       82.76833
   25    1    1     1769.32613    15751.10269     7035.27012        5.93115      150.22161        0.02756        0.05079        0.48560       28.00000       15.94432        1.25609        0.47847        3.47470        0.00305        0.02374        0.00717        3.72119      151.09836        0.02786        0.05044       27.86201        2.51258       11.47284        3.69329        3.57697        0.00329        0.00292        0.02790      300.00000        5.50590
   26    1    1     1191.52410     5501.55195     2708.81944        8.18973      211.35874        0.05456        0.02679        1.72983        8.80000        4.20335        0.06571        1.66886        2.88898        0.00196        0.02970        0.06096        1.83973      211.32409        0.05446        0.02688        8.76671        0.10553        4.08331        1.74904        2.91373        0.00197        0.00001        0.09070      300.00000        0.63318
   27    1    1     1585.30069    95162.57096    39268.78242        3.94651      106.85706        0.01395        0.07559        0.94671       28.20000       96.75523        0.79656        0.93800       12.83001        0.03994        0.00771        0.00876       37.21971      111.68507        0.01523        0.08458       31.70687        0.03706       61.20797       37.22004       14.05107        0.04908        0.02206       -0.00033      300.00000       28.29043
   28    1    1     8842.61959     1654.63158      626.69647        1.15084        8.30007        0.00008        0.00627        0.88251       12.20000        0.28678        0.86754        0.86703        2.01926        0.00104        0.00082        0.01539        1.41398        8.51290        0.00009        0.00069       15.62590        0.14940        0.45214        1.41035        7.80610        0.01489        0.01386        0.00363      300.00000      132.62651
   29    1    1     2526.63616     1508.44587      606.97560        3.32143       73.72763        0.00664        0.05354        1.13083       14.90000        0.01554        0.60430        1.13026        6.25318        0.00976        0.00580        0.00063        0.57777       65.87611        0.00529        0.02206       23.55717        0.51836        0.67571        0.57292       10.09490        0.02485        0.00238        0.00485      300.00000       17.93025
   30    1    1     5157.37142     1775.98998      780.94895        6.24473       62.88729        0.00483        0.00756        0.56637       13.90000        0.48470        1.17580        0.55877       12.58873        0.04003        0.00000        0.00755        1.85088       61.69816        0.00464        0.00923       12.78955        0.03879        0.33540        1.84360       12.58806        0.04001        0.00034        0.00728      300.00000       34.92621
   31    1    1     2014.30370     3046.47683     1473.91399        2.40131       45.95700        0.00258        0.04215        0.60118       18.10000        1.56751        1.13417        0.60039        3.42279        0.00288        0.03037        0.00085        1.36252       72.86799        0.00646        0.05013       18.46352        0.25143        1.67756        1.33926       10.05385        0.02421        0.00853        0.02326      300.00000       62.54302
   32    1    1     1745.94468     4425.14731     1654.83877        3.24873       67.48089        0.00556        0.04713        0.36454       28.70000        3.33568        1.36961        0.36495        9.34900        0.02171        0.01515       -0.00042        1.02727       71.87401        0.00631        0.07583       30.15046        3.55510        0.48653        1.01379        5.37302        0.00734        0.00103        0.01348      300.00000       65.21620
   33    1    1     3117.83845     1462.45541      616.84972        0.90681        7.97491        0.00008        0.00937        0.47810        6.40000        0.02119        1.29401        0.44055        9.32508        0.02064        0.00180        0.03757        1.43082       12.36948        0.00019        0.02766        7.55603        0.08901        0.26536        1.39666        5.82954        0.00808        0.00406        0.03416      300.00000      144.53795
   34    1    1     1949.63250     5249.23850     2545.15613        5.44042      133.95129        0.02191        0.05212        1.07984       13.00000        4.03965        0.68794        1.04662        8.29227        0.01771        0.00455        0.03319        4.50394      130.18632        0.02062        0.04983       15.35356        0.12174        1.18895        4.46725        8.24764        0.01615        0.00249        0.03669      300.00000        9.64725
   35    1    1     3669.59644     1499.78062      648.42895        3.59209       38.35879        0.00180        0.01213        1.12217       21.00000        0.04017        0.68839        1.04618        5.41769        0.00684        0.01104        0.07596        1.01937       41.91794        0.00214        0.01536       10.45653        0.02101        0.71747        1.01602        9.42716        0.02172        0.08547        0.00335      300.00000       45.22289
   36    1    1     3598.19267     2330.84387      588.41061        5.15671       66.48934        0.00540        0.01491        1.35070       19.80000        0.98780        0.38381        1.35075       17.88737        0.07964        0.04316       -0.00010        1.33388       55.70851        0.00379        0.02004       24.14743        0.47144        0.97082        1.28720       16.63984        0.06540        0.00007        0.04668      300.00000       30.26893
   37    1    1     1103.54719     2144.94703      920.10997        7.97766      234.38986        0.06710        0.03833        0.87399       28.30000        0.47452        0.87346        0.86110       10.80512        0.02965        0.00041        0.01289        1.73323      234.47771        0.06690        0.03866       28.26557        0.22489        0.25546        1.72862       10.80480        0.02937        0.00895        0.00460      300.00000        0.43804
   38    1    1     1694.00978     1624.57152      567.58669        2.14721       51.13343        0.00319        0.06607        1.12692       18.90000        0.17600        0.60716        1.12740       11.68875        0.03387        0.00022       -0.00054        1.36830       71.92961        0.00631        0.06093       19.68739        0.10071        0.44685        1.36884       11.02144        0.03009        0.00022       -0.00054      300.00000       79.37479
   39    1    1     1886.85833     2450.65052     1114.50102        0.18154        3.96382        0.00002        0.05821        0.65953       16.50000        1.04629        1.07458        0.65998        5.25081        0.00683        0.00019       -0.00052        0.19413       25.69961        0.00080        0.03710       12.98123        0.86503        1.74535        0.19442        3.53888        0.00309        0.00013       -0.00030      300.00000      155.88140
   40    1    1     1674.08253     2597.92019     1075.45868        0.57132       12.28550        0.00018        0.05629        1.04848       18.70000        1.24265        0.68794        1.04662        9.02594        0.01997        0.00600        0.00179        1.16539       21.91406        0.00059        0.06826        5.59768        0.45378        1.36494        1.15856        5.57949        0.00757        0.00100        0.00683      300.00000      148.56116
   41    1    1     7732.71056     2096.60339      848.02572        3.00563       26.51816        0.00086        0.00865        0.61059       19.40000        0.65448        1.16875        0.56581        8.23554        0.01604        0.00694        0.04475        1.12788       32.52683        0.00129        0.02419       20.17560        0.55260        0.72896        1.09127        8.14145        0.01574        0.01565        0.03661      300.00000        8.76525
   42    1    1     3259.23901     3013.31829     1277.68710        6.73410       86.19472        0.00907        0.01094        0.45374       22.50000        1.67901        1.31666        0.41790        8.72417        0.01963        0.03299        0.03582        0.83086       85.57225        0.00893        0.01145       22.33659        1.06916        1.57823        0.76581        8.72491        0.01782        0.00560        0.06505      300.00000        7.97832
   43    1    1     6455.63365    16267.57775     7620.54801        3.02466       35.41817        0.00153        0.01521        0.26966       30.40000       16.72875        1.46932        0.26524        3.01473        0.00229        0.00067        0.00439        5.01795       40.34332        0.00199        0.01891       32.22219        0.75001       12.68076        5.01850        4.19338        0.00436        0.01344       -0.00055      300.00000       49.42910
   44    1    1     2240.90390     1877.61574      698.73474        7.67396      118.46848        0.01714        0.01197        1.46118       14.10000        0.30944        0.27386        1.46070       17.41492        0.07566        0.01366        0.00047        1.47466      118.95466        0.01725        0.01193       14.07229        0.28574        0.28341        1.47480       17.41478        0.07481        0.01512       -0.00015      300.00000        0.50867
   45    1    1     1932.54651     2274.58010      814.28242        1.99690       58.32982        0.00416        0.10005        1.40697       46.20000        0.74021        0.35683        1.37774        9.72712        0.02432        0.00062        0.02926        2.22406       41.83127        0.00213        0.03080       31.57474        0.05753        0.22285        2.21772       16.01514        0.06468        0.03111        0.00635      300.00000       90.42080
   46    1    1     1597.26417   235410.85355    92990.97222        2.60493       47.85945        0.00280        0.03843        0.49228       37.60000      232.79781        1.26126        0.47331        9.65571        0.02380        0.00001        0.01901       82.49742       37.73768        0.00174        0.11586       46.46560        0.10794      151.84675       82.32149       12.57832        0.03567        0.01111        0.17593      300.00000      123.27575
   47    1    1     9347.13404     2142.90772     1061.49109        3.39770       47.43734        0.00275        0.02106        0.54196       10.40000        0.63981        1.19958        0.53499        4.85157        0.00572        0.03055        0.00694        0.25114       46.00495        0.00258        0.00629       11.63020        0.90101        1.24204        0.25078        3.04127        0.00228        0.03611        0.00036      300.00000      122.84040
   48    1    1     5183.94228     1502.81767      655.89291        6.23330       66.39298        0.00538        0.00847        1.05229       15.00000        0.02379        0.68470        1.04986        8.32395        0.01737        0.00110        0.00234        0.62470       85.09624        0.00882        0.01571        4.38880        0.00945        1.11603        0.62232        8.31693        0.01734        0.00106        0.00238      300.00000      107.66989
   49    1    1     3490.79647     1682.76000      739.99298        0.65238        9.02054        0.00010        0.02325        1.53450       13.90000        0.19281        0.21053        1.52404        5.46160        0.00722        0.01371        0.01039        1.54485       27.87328        0.00095        0.00731       25.01668        0.30530        0.11334        1.52830        3.43803        0.00301        0.00737        0.01655      300.00000      121.91180
   50    1    1     1362.93796     1760.84644      660.25958        5.52907      186.68359        0.04256        0.09667        1.67319       16.40000        0.01836        0.07429        1.66028       15.36651        0.05996        0.00328        0.01287        1.13194      186.06187        0.04216        0.09461       17.60610        0.01890        0.61973        1.11643       15.41595        0.06049        0.00050        0.01550      300.00000        3.96333
   51    1    1     4835.09939     1452.50751      582.39989        2.95649       37.31954        0.00170        0.01776        1.38871        9.90000        0.06033        0.35194        1.38262        7.67560        0.01485        0.00258        0.00611        1.29647       46.07117        0.00259        0.01056       13.84204        0.05407        0.45468        1.29043        8.22306        0.01646        0.00306        0.00605      300.00000       26.08686
   52    1    1     2841.00208    40290.76477    16974.56724        1.37240       22.58751        0.00062        0.03246        1.47480       16.20000       41.88984        0.25947        1.47510        3.25031        0.00263        0.01577       -0.00027       13.90492       36.28571        0.00161        0.01076       33.53236        0.18500       29.56893       13.89227        2.58903        0.00162        0.00272        0.01265      300.00000      107.05936
   53    1    1     1874.66668     1547.29027      581.21629        0.84756       16.32879        0.00033        0.04501        1.05446        9.00000        0.08594        0.68004        1.05453        9.15803        0.02088        0.00066       -0.00011        1.73441       16.90469        0.00035        0.03836       14.35581        0.04806        0.04755        1.73477        8.37865        0.01735        0.00124       -0.00036      300.00000      153.68246
   54    1    1     1276.72807     1727.18768      545.00560        0.68227       20.92021        0.00053        0.11429        0.86154        8.30000        0.13369        0.87575        0.85882       12.50151        0.03824        0.01683        0.00285        1.67773       63.83641        0.00495        0.08099       21.17083        0.14219        0.06091        1.67818       14.08680        0.04923        0.02488       -0.00045      300.00000      126.39917
   55    1    1     3045.13036     2597.85497      611.97345        3.12459       56.06080        0.00384        0.03548        1.54940       19.80000        1.06003        0.21334        1.52123       19.69383        0.09259        0.00205        0.02819        1.43725       35.77874        0.00156        0.01214       24.17329        0.59500        0.80133        1.42234       19.98760        0.10164        0.00782        0.01491      300.00000       52.87224
   56    1    1     4971.62921     3179.64577     1356.91591        4.48325       54.86825        0.00368        0.01462        0.54613       22.60000        1.85328        1.23444        0.50013        6.61140        0.01033        0.01351        0.04594        2.36893       64.78894        0.00510        0.02860       28.16388        0.69626        0.57156        2.31024        4.59725        0.00551        0.00000        0.05870      300.00000       59.72153
   57    1    1     2450.77741     1568.15262      640.70927        3.60497       55.67874        0.00379        0.02535        0.95969       24.70000        0.03292        0.77435        0.96021        7.23655        0.01298        0.02386       -0.00054        1.30466       40.05211        0.00195        0.03854       19.33073        0.07587        0.36651        1.30453        9.36849        0.02162        0.02379        0.00013      300.00000       61.65269
   58    1    1     9122.62936     2824.10541     1215.31604        4.24371       53.07532        0.00344        0.01566        0.51155        9.00000        1.62838        1.22258        0.51199       12.97577        0.04183        0.00020       -0.00043        1.70388       33.77971        0.00139        0.00281       13.58856        0.03702        1.63123        1.70437       13.81376        0.04733        0.00000       -0.00050      300.00000      152.39377
   59    1    1     1715.93214     1825.97100      709.95977        1.41731       26.11530        0.00083        0.04063        0.75208       27.80000        0.12960        0.98674        0.74782       18.17373        0.08061        0.10735        0.00432        1.26862       22.17130        0.00060        0.08527       21.63744        0.04330        0.53666        1.26185       15.58176        0.05905        0.10435        0.00677      300.00000      139.78614
   60    1    1     1466.92653     2365.34595     1091.47320        2.40892       69.55863        0.00591        0.09592        0.36045       12.00000        0.81757        1.37766        0.35690        6.04532        0.00918        0.00023        0.00354        2.02986       55.51743        0.00374        0.07042       28.18400        0.13839        0.41630        2.02931        4.42399        0.00481        0.00340        0.00055      300.00000       92.65745
   61    1    1     2311.74703     1723.11345      607.51635        6.39382      119.08573        0.01732        0.02505        1.45075        8.00000        0.19670        0.28822        1.44634       13.72379        0.04737        0.00279        0.00441        0.98016      119.25112        0.01733        0.02495        8.09726        0.42968        0.52842        0.97322       13.72533        0.04754        0.00012        0.00694      300.00000        4.96615
   62    1    1     9977.76470     6278.48683     2944.37595        3.86961       36.53454        0.00163        0.00926        1.32264       23.20000        5.70408        0.41197        1.32259       11.66338        0.03353        0.03457        0.00007        4.25728       27.96808        0.00096        0.00274       12.02215        1.30064        1.93007        4.22787        9.66331        0.02400        0.00198        0.02941      300.00000       92.86055
   63    1    1     3005.07940     1785.95347      741.19855        0.63265        8.82171        0.00010        0.02365        0.89572        4.70000        0.34461        0.85007        0.88450       12.60807        0.04030        0.00192        0.01121        0.20932       29.82662        0.00109        0.01537       19.93830        0.28194        1.62357        0.19641        9.90375        0.02491        0.00017        0.01292      300.00000      134.70593
   64    1    1     2446.54154     1614.64118      685.63545        8.20036      104.93567        0.01345        0.00655        0.64225       17.00000        0.17906        1.09484        0.63973        7.57302        0.01404        0.00074        0.00253        1.15495      105.27810        0.01353        0.00689       16.74394        0.09215        0.66831        1.15273        7.57292        0.01405        0.00106        0.00222      300.00000        0.90900
   65    1    1     2686.62868     2813.54587     1278.32059        3.23781       45.55038        0.00253        0.02164        1.01142       10.20000        1.56821        0.73430        1.00026        3.12741        0.00237        0.00151        0.01119        1.05807       43.26153        0.00228        0.02570       13.98187        0.07149        2.17117        1.05853        0.54819        0.00007        0.01319       -0.00047      300.00000       65.35715
   66    1    1     3311.63533     2982.10685     1347.76176        2.55273       44.87204        0.00246        0.03528        0.95528       11.10000        1.84817        0.83697        0.89759        8.47539        0.01872        0.00013        0.05764        0.66364       56.71074        0.00392        0.01078       23.51838        0.24348        2.72528        0.63739        8.39653        0.01685        0.03305        0.02625      300.00000       32.90639
   67    1    1     3384.72810     8576.18087     3778.89960        5.05715       83.77255        0.00857        0.02494        0.94968       10.10000        8.22986        0.79361        0.94096        1.55671        0.00059        0.03660        0.00874        8.99632       82.58564        0.00832        0.02865       11.18572        0.05653        0.95051        8.95177        2.58243        0.00173        0.00183        0.04454      300.00000       67.18843
   68    1    1     7259.27831     1798.18423      671.97993        3.89322       33.74060        0.00139        0.00778        0.31987       24.10000        0.33836        1.41678        0.31779        8.81534        0.01904        0.00038        0.00213        1.30498       41.38131        0.00209        0.00592       20.25828        0.29287        0.41375        1.30360       18.22133        0.08148        0.00251        0.00138      300.00000       68.63499
   69    1    1     2294.06399     1833.12551      818.57535        6.40208      115.98191        0.01643        0.02365        0.41801        5.10000        0.16813        1.38045        0.35412       13.78002        0.04448        0.01698        0.06393        0.73436      114.07028        0.01589        0.02394        5.40420        0.03163        1.20792        0.66334       13.78004        0.04977        0.00463        0.07101      300.00000        0.61074
   70    1    1     2222.36379     1704.96523      562.21197        7.20889      120.42597        0.01771        0.01637        1.54100        9.20000        0.36887        0.21254        1.52202        2.23088        0.00120        0.00030        0.01897        1.02044      121.71183        0.01802        0.01651        8.82965        0.22144        0.87711        1.00454        2.16153        0.00113        0.00334        0.01590      300.00000        0.35127
   71    1    0     1698.25958  3130031.02070  1055425.54362        8.62290       91.82036        0.01030        0.00355        0.05835       14.30000     2736.69139        1.68405        0.05051        9.73599        0.02302        0.01057        0.00778     1148.84918        0.00000        0.00000        0.00000       81.03467        0.01278     1589.61757     1148.84918        0.00000        0.00000        0.00000        0.00000      300.00000        0.00000
   72    1    1     1316.97933     2131.89096     1056.37402        7.58699      201.08577        0.04939        0.03641        0.16015       11.40000        0.43154        1.57411        0.16045       10.70857        0.02850        0.00052       -0.00032        0.48002      201.12809        0.04938        0.03632       11.49715        0.10688        1.57901        0.48033       10.70845        0.02850        0.00048       -0.00031      300.00000        0.65447
   73    1    1     1324.65283     1941.16852      859.71397        3.31213      118.28507        0.01709        0.13868        0.31896       13.90000        0.14321        1.41768        0.31689        8.41051        0.01733        0.01256        0.00209        1.06854       99.65529        0.01208        0.11034       19.90568        0.02906        0.78636        1.06782       13.49080        0.04543        0.01369        0.00073      300.00000       43.03516
   74    1    1     2875.06867     2643.04201      726.57640        2.87211       42.39761        0.00220        0.02442        1.33397       35.50000        1.22656        0.40039        1.33417        5.51846        0.00752        0.04781       -0.00020        1.50119       59.00129        0.00423        0.02065       30.38095        0.83022        0.65390        1.45828       10.62364        0.02922        0.00346        0.04291      300.00000       42.94948
   75    1    1     2441.11207     1926.77254      902.03604        1.82946       40.25014        0.00198        0.05714        0.96734       13.40000        0.17016        0.76675        0.96782       16.94341        0.07111        0.00993       -0.00050        0.91168       39.54767        0.00191        0.01655       18.38516        0.03616        0.98519        0.91125       18.27302        0.08330        0.00962        0.00043      300.00000       90.78384
   76    1    0      967.29147 14004637.56124  4677344.11639        8.62945      213.70924        0.05578        0.01913        0.86540       27.80000    12038.06007        0.89461        0.83995       13.54642        0.04389        0.03134        0.02543     3182.94809        0.00000        0.00000        0.00000      220.10007        0.07651     8856.94618     3182.94809        0.00000        0.00000        0.00000        0.00000      300.00000        0.00000
   77    1    1     1427.22092     5262.32895     2440.06354        5.69376      180.21564        0.03967        0.08269        0.51545       35.50000        4.00355        1.21859        0.51598       14.16851        0.04981        0.02051       -0.00041        0.70389      180.04778        0.03927        0.08282       35.57261        2.13657        2.91359        0.68799       14.19373        0.04854        0.00558        0.01590      300.00000        3.17634
   78    1    1     2391.33295    11772.37918     5185.00649        3.01280       63.04598        0.00485        0.04863        0.60429       30.50000       11.49474        1.13171        0.60286       12.14014        0.03686        0.02166        0.00141        7.33273       36.53121        0.00163        0.01271       41.77230        0.71227        5.24894        7.30308       11.98801        0.03428        0.00017        0.02966      300.00000       86.93487
   79    1    1     2151.52375     4745.49928     2069.37510        3.49862       68.66684        0.00576        0.04129        0.74789       22.30000        3.62719        0.99435        0.74022        5.47156        0.00756        0.02234        0.00773        0.75089       51.49381        0.00324        0.04678       30.11273        4.07101        0.54025        0.74041        7.00455        0.01188        0.02233        0.01048      300.00000       47.39428
   80    1    1     2872.83486    13702.85747     6230.87292        5.57655       84.88259        0.00880        0.01950        0.48214       17.30000       13.77880        1.30994        0.42463       13.08738        0.04024        0.00419        0.05754        4.59470       94.71130        0.01095        0.02970       16.06363        0.57659       10.34808        4.59162       11.06983        0.03075        0.05283        0.00307      300.00000       13.13606
   81    1    1     2842.76312     1735.69092      863.00140        2.17902       25.19584        0.00078        0.01555        0.86210       25.60000        0.13200        0.88374        0.85083       10.53468        0.02814        0.00838        0.01134        0.32362       27.26976        0.00091        0.01853       23.48748        1.25127        0.30759        0.30258       10.89657        0.02849        0.00029        0.02104      300.00000      112.53168
   82    1    1     1119.56178     1918.10873      787.83496        8.36928      219.43260        0.05881        0.02515        1.67396       18.90000        0.24766        0.06026        1.67431       13.61873        0.04582        0.03098       -0.00039        0.58199      219.58882        0.05882        0.02536       18.76173        0.62425        0.78433        0.57337       13.61953        0.04501        0.02288        0.00861      300.00000        0.48598
   83    1    1     3742.99281     2510.23589     1238.85876        4.15670       47.56033        0.00276        0.01323        0.15927       12.90000        1.07535        1.58785        0.14672        4.81667        0.00561        0.01642        0.01257        0.77746       64.03597        0.00500        0.01637       23.68986        0.63456        1.42025        0.75326        3.11821        0.00233        0.00453        0.02420      300.00000       23.43472
   84    1    1     1404.49006     1663.96372      586.40508        5.98803      188.06788        0.04320        0.07728        1.48081       26.50000        0.04976        0.27182        1.46275        9.27463        0.02069        0.01208        0.01804        0.04256      188.46802        0.04306        0.07608       27.11063        0.16334        1.58363        0.03908        9.18159        0.02060        0.02635        0.00348      300.00000        3.15774
   85    1    1     5946.99849     1627.55122      627.68402        2.41156       39.78133        0.00193        0.03130        1.24717       13.80000        0.12365        0.48710        1.24747       13.44661        0.04463        0.01193       -0.00018        0.97426       37.90100        0.00175        0.00247       18.42770        0.10375        0.79800        0.97479       15.14558        0.05694        0.01056       -0.00053      300.00000        2.45187
   86    1    1     5968.39155     1428.83659      603.96240        4.98478       67.37183        0.00554        0.01677        1.21751       10.20000        0.07950        0.51767        1.21690        1.92396        0.00092        0.01461        0.00056        1.10170       71.36884        0.00622        0.01307       11.02991        0.04873        0.66923        1.09786        2.87265        0.00202        0.01156        0.00384      300.00000      141.37526
   87    1    1     1555.45784     1727.37046      760.89968        8.46672      155.89608        0.02968        0.01172        0.21022       34.10000        0.08897        1.53020        0.20436        7.59703        0.01405        0.01994        0.00587        1.65689      155.91000        0.02964        0.01186       34.06868        0.05633        0.13429        1.63280        7.59731        0.01382        0.00195        0.02409      300.00000        0.26381
   88    1    1     3631.93289     1486.93792      604.05645        6.43509       78.39888        0.00751        0.01062        1.08417       19.20000        0.02077        0.65446        1.08010        7.84347        0.01502        0.01067        0.00410        0.93818       78.26785        0.00748        0.01074       19.16319        0.05764        0.75905        0.93858        7.83647        0.01526        0.01487       -0.00040      300.00000        9.75233
   89    1    1     1979.53386     1629.97123      679.70262        0.77598       11.67752        0.00017        0.02749        1.24877       19.30000        0.02666        0.48595        1.24861        4.92730        0.00605        0.01188        0.00014        0.47379       23.71421        0.00068        0.07849       19.69072        0.80590        0.41811        0.46091       10.86318        0.02997        0.00002        0.01288      300.00000      155.02923
   90    1    1     2083.59106     2593.15449      877.97359        0.44750        6.22040        0.00005        0.02355        0.88243       17.20000        1.14627        0.85292        0.88164       20.14212        0.09974        0.01700        0.00067        1.50109       18.70459        0.00043        0.07399       18.11574        0.45144        0.93756        1.48866       14.39859        0.05263        0.00484        0.01242      300.00000      159.85847
   91    1    1     3374.88330     1516.78218      607.21543        1.54781       30.70678        0.00115        0.04692        0.57055        3.70000        0.03246        1.19656        0.53800        6.95972        0.01247        0.00042        0.03253        0.90771       32.71850        0.00130        0.04243       18.16614        0.02006        0.87306        0.88924        3.21227        0.00263        0.01335        0.01847      300.00000       83.37924
   92    1    1     2274.38913     1781.57750      846.83232        6.48481      120.02791        0.01760        0.02425        0.47004       32.90000        0.07264        1.27910        0.45546        7.40388        0.01322        0.00076        0.01457        1.11164      120.47043        0.01771        0.02381       33.04639        0.06459        0.63764        1.10547        7.34633        0.01361        0.00860        0.00617      300.00000        4.07928
   93    1    1     6918.82047     1529.44375      656.22659        2.97694       50.66066        0.00313        0.03224        0.01534       22.80000        0.03810        1.71996        0.01460        8.69836        0.01889        0.08237        0.00073        1.61682       59.60181        0.00433        0.00816       31.42441        0.07696        0.09559        1.61650        9.04948        0.02042        0.08774        0.00033      300.00000      100.40462
   94    1    1     2060.53120     6086.01660     2749.78039        3.76425       63.12268        0.00487        0.02948        0.94983       12.30000        5.61328        0.78465        0.94991       14.73913        0.05359        0.00217       -0.00014        2.61307       72.36828        0.00638        0.03896       18.60341        0.47407        4.26710        2.61173       12.31214        0.03721        0.00109        0.00134      300.00000       66.08661
   95    1    1     1543.63129     2840.21986     1147.97744        4.21232      122.73880        0.01840        0.08530        0.22701       22.30000        1.39851        1.55082        0.18375        3.47285        0.00285        0.00020        0.04325        1.44874      126.91829        0.01958        0.07902       19.15310        0.28497        1.41777        1.42128        8.38740        0.01680        0.01619        0.02746      300.00000       18.51558
   96    1    1     1975.85101     4397.07948     2134.90454        7.92944      131.94582        0.02126        0.01255        0.34939       18.10000        3.28131        1.38462        0.34995        6.79589        0.01143        0.00055       -0.00047        2.42311      131.85856        0.02121        0.01233       18.22558        0.29584        2.29686        2.42341        6.79809        0.01149        0.00029       -0.00031      300.00000        0.29583
   97    1    1     1892.73320     1634.71961      639.16870        8.82591      116.83146        0.01667        0.00473        0.53097       13.00000        0.21280        1.20364        0.53093       13.52483        0.04556        0.04952        0.00008        0.45180      116.93510        0.01669        0.00473       12.99873        0.12643        1.39829        0.42264       13.52500        0.04701        0.01895        0.02916      300.00000        0.69010
   98    1    1     2670.40183     1514.99144      622.67547        7.72861       97.08021        0.01151        0.00776        0.73415       14.30000        0.04603        0.99999        0.73457       11.49302        0.03280        0.00113       -0.00047        0.38423       96.92664        0.01147        0.00779       14.34497        0.11326        1.28262        0.38479       11.49389        0.03269        0.00132       -0.00055      300.00000        2.02745
   99    1    1    11266.27253     2654.65421      573.46865        1.98832       38.25820        0.00179        0.04343        1.43459       33.70000        1.26852        0.30361        1.43096        7.12424        0.01240        0.00114        0.00358        1.37427       41.70040        0.00211        0.02550       40.64706        1.48315        0.17503        1.37071        4.66662        0.00532        0.00011        0.00356      300.00000       67.37908
  100    1    1     2363.47325     2260.92594      512.21999        3.82021       67.23682        0.00552        0.03231        1.10698       30.30000        0.88644        0.63381        1.10076       11.40594        0.03281        0.01674        0.00633        1.61780       69.74055        0.00590        0.03598       31.89366        0.72976        0.30230        1.59809        7.96738        0.01525        0.00762        0.01971      300.00000       39.41371
