    1    1    1     2282.85707     3247.46332     1491.12843        4.71030       97.77272        0.01168        0.04095        0.35840        7.70000        1.94862        1.42338        0.31119        3.43881        0.00307        0.01077   -33197.33659        2.74427       91.61795        0.01025        0.04303        7.85020        0.00321        0.96698        2.71414        2.42076        0.00151        0.02760        0.03013      300.00000        5.29069
    2    1    1     2833.44464     3762.83649      881.91334        2.47645       27.88546        0.00095        0.01454        1.15913       29.30000        2.76324        0.57621        1.15836        7.19869        0.01274        0.00061        0.00077        1.68804       37.28861        0.00170        0.02528       30.90138        1.68938        1.11457        1.68829        4.89667        0.00596        0.00250       -0.00025      300.00000       98.72075
    3    1    1     2481.51429     1739.25665      624.29632        4.76644      104.69453        0.01339        0.04554        1.52067       13.20000        0.19505        0.21334        1.52123       11.49295        0.03271        0.00132       -0.00051        0.93812      107.74152        0.01411        0.04158       13.07181        0.22287        0.76941        0.93710       12.08041        0.03585        0.00007        0.00102      300.00000       42.51022
    4    1    1     3175.95920     3975.00624     1807.13419        2.43076       28.41854        0.00099        0.01571        0.24845       18.80000        3.01552        1.52124        0.21332        6.04887        0.00943        0.00031        0.03512        1.14333       27.85925        0.00095        0.02204        8.89199        0.10674        3.51167        1.11513       10.07832        0.02609        0.00083        0.02821      300.00000      106.57530
    5    1    1     2499.39394     1516.55207      614.63306        5.79299      106.67645        0.01390        0.02752        1.30685        2.90000        0.04310        0.47716        1.25741        8.77812        0.02001        0.00080        0.04944        0.61775      109.42704        0.01458        0.02691        3.07075        0.07412        1.08841        0.61519        8.75767        0.01923        0.04834        0.00256      300.00000       10.43404
    6    1    1     2629.99014    10917.48108     4936.06242        7.55901      102.40898        0.01281        0.00961        0.42895       16.70000       11.10023        1.30631        0.42825        5.29392        0.00700        0.00005        0.00069        5.36390      101.28076        0.01250        0.01026       16.42210        0.98197        6.48867        5.36370        5.29583        0.00699        0.00064        0.00021      300.00000        0.26737
    7    1    1     1296.27344     3337.94417      796.36698        5.66398      197.45545        0.04762        0.10081        0.93658       31.20000        1.94919        0.79772        0.93684        6.54571        0.01058        0.00003       -0.00021        1.88864      195.34990        0.04660        0.10123       31.55066        1.15901        0.63699        1.88891        6.36061        0.01006        0.00002       -0.00027      300.00000        2.40816
    8    1    1     2064.44184     1819.96214      645.72767        0.59132       13.48774        0.00022        0.06332        1.20134        8.50000        0.38895        0.53269        1.20187       15.00872        0.05577        0.00012       -0.00047        0.82202       22.32228        0.00061        0.02851       13.35321        0.08315        1.21360        0.82220       19.53068        0.09415        0.00037       -0.00018      300.00000      143.48588
    9    1    1     1411.43064    34340.30395    14965.50427        8.48930      171.90108        0.03609        0.01399        1.06240       26.40000       35.25640        0.67811        1.05646        8.07659        0.01588        0.00117        0.00600       31.16204      171.76039        0.03602        0.01405       26.40297        1.89636        3.93210       31.16253        8.07603        0.01614        0.00736       -0.00049      300.00000        0.17280
   10    1    1     2447.45166     1532.20647      598.64078        2.42797       45.54967        0.00253        0.04045        0.56793       14.20000        0.05552        1.16665        0.56791        5.13732        0.00657        0.00274        0.00003        1.15856       47.57576        0.00276        0.02420       15.50124        0.14761        0.48319        1.15612       10.12598        0.02570        0.00039        0.00244      300.00000       68.01789
   11    1    1     1546.02788     4125.06593     2025.94018        7.51408      175.05680        0.03743        0.02886        1.20231       17.50000        2.69232        0.54033        1.19423       14.16579        0.04873        0.06337        0.00808        1.87560      175.08919        0.03742        0.02915       17.36124        0.36292        2.23825        1.82546       14.16583        0.05214        0.01787        0.05014      300.00000        1.37018
   12    1    1     2387.59084    19473.06920     8434.83696        2.16872       32.33530        0.00128        0.02587        0.23765       27.70000       20.48003        1.50063        0.23393        7.88886        0.01564        0.03312        0.00370       12.60349       27.65119        0.00093        0.03344       22.94608        0.24176        9.36139       12.60267        6.89458        0.01168        0.04154        0.00082      300.00000      124.22712
   13    1    1     5128.23727     3258.93133     1235.29019        2.14909       29.05434        0.00103        0.02129        0.74880       21.90000        1.67193        1.02069        0.71387       24.45414        0.15418        0.01358        0.03488        2.09038       22.88937        0.00064        0.01047       35.06353        0.64250        0.72622        2.04472       24.86761        0.16032        0.00098        0.04566      300.00000      150.80304
   14    1    1     1766.00212     1571.55089      526.90048        0.17419        3.46475        0.00001        0.04830        0.51953       10.50000        0.15301        1.21834        0.51622        7.70175        0.01450        0.01522        0.00340        1.13915        3.37537        0.00001        0.06833       10.75099        0.30685        0.45236        1.12073        2.17257        0.00120        0.00100        0.01843      300.00000      178.00736
   15    1    1     5303.10969     2462.25450      964.33274        0.09261        0.97218        0.00000        0.01346        0.74641       13.70000        1.11353        0.98904        0.74552        4.88372        0.00596        0.03507        0.00097        1.33556        5.29519        0.00003        0.00462       20.28743        0.46123        1.09582        1.30197        4.53740        0.00530        0.00091        0.03359      300.00000      151.60493
   16    1    1     1550.95641    24817.07463    10055.48964        8.47070      156.43652        0.02989        0.01177        0.89362       17.00000       25.02294        0.87894        0.85562       12.38285        0.03639        0.00169        0.03795        3.24241      156.79266        0.03000        0.01166       17.03322        0.38991       23.13730        3.23032       12.38356        0.03892        0.02502        0.01209      300.00000        0.13621
   17    1    1     1679.06660     2482.61062     1060.13341        8.38270      147.73393        0.02666        0.01128        1.21707       10.30000        1.16475        0.51771        1.21686       12.39135        0.03827        0.00210        0.00024        1.81938      147.96728        0.02665        0.01151       10.02322        0.05860        1.02258        1.81785       12.39099        0.03767        0.00143        0.00153      300.00000        0.34538
   18    1    1     1384.74323     2175.00832      852.63013        1.77368       55.14136        0.00371        0.11433        0.65161        7.00000        0.72759        1.08463        0.64994        5.73437        0.00823        0.00001        0.00166        1.14396       55.70399        0.00378        0.09686        3.33331        0.01283        1.32549        1.14388        4.84206        0.00584        0.00135        0.00008      300.00000       93.77037
   19    1    1     1398.71055    79798.26865    29397.71734        7.06910      193.39096        0.04568        0.04573        0.33583       46.90000       81.44419        1.39934        0.33523       11.56274        0.03289        0.07048        0.00055       11.45086      193.49799        0.04568        0.04584       46.85730        0.19572       71.53289       11.45007       11.55075        0.03331        0.06983        0.00079      300.00000        0.41332
   20    1    1      902.91201   151010.39155    59562.47271        1.67779       65.22733        0.00520        0.17940        1.38955       47.00000      152.77659        0.34451        1.39005        6.16432        0.00943        0.06604       -0.00045       82.18672       62.90147        0.00482        0.38312       65.85865        4.84985       67.22492       82.18177       17.10169        0.07362        0.04766        0.00495      300.00000      114.76759
   21    1    1     4382.66234     2411.63828      587.96691        4.78316       65.67703        0.00527        0.01776        0.92425       22.30000        1.16590        0.81157        0.92300       13.44712        0.04439        0.00007        0.00131        1.65997       71.63718        0.00626        0.01619       22.18164        0.69639        0.54397        1.66006       13.55146        0.04570        0.00073       -0.00008      300.00000       89.63827
   22    1    1     3935.22863    18807.67535     8573.10473        0.58110        6.77043        0.00006        0.01652        0.07915       19.90000       19.47038        1.65583        0.07874        2.08921        0.00107        0.00345        0.00046        6.84964       10.54648        0.00014        0.00470       24.97478        0.04310       14.31311        6.84939        6.85559        0.01158        0.00421        0.00025      300.00000      144.74652
   23    1    1     1920.21856     1736.83044      694.50636        0.39369        7.27823        0.00006        0.04168        0.33742       10.20000        0.23107        1.41838        0.31619       15.63620        0.05865        0.00320        0.02131        0.65125       18.48305        0.00042        0.05514        8.08318        0.01340        1.32513        0.63130       13.11148        0.04391        0.00122        0.01995      300.00000      147.73845
   24    1    1     1235.04634     2401.88646      553.34458        8.32464      201.61494        0.04965        0.02199        1.34114       21.10000        0.96759        0.40021        1.33436       16.20363        0.06625        0.00868        0.00684        1.83461      201.36545        0.04938        0.02206       21.19975        0.51424        0.35477        1.83337       16.20372        0.06565        0.01481        0.00124      300.00000        0.09794
   25    1    1     1166.07813     1632.79734      674.99679        1.45036       47.11009        0.00271        0.12615        0.51843        4.10000        0.02087        1.21765        0.51691       15.66732        0.06141        0.01994        0.00146        1.28651       43.60717        0.00232        0.17448       13.33060        0.01974        0.47767        1.26208        5.14411        0.00633        0.00011        0.02443      300.00000      119.20749
   26    1    1     3571.38705     1888.62136      540.04132        0.74541       11.61779        0.00016        0.02950        0.62949       16.40000        0.58323        1.10514        0.62943        3.94491        0.00388        0.00000        0.00004        0.95684       25.73141        0.00081        0.00651       22.32819        0.55405        0.82328        0.95698        6.24803        0.00963        0.00028       -0.00013      300.00000      102.99071
   27    1    1     1335.61495     1881.83877      857.25290        8.75415      170.88317        0.03566        0.01087        0.79200       31.10000        0.31132        0.94221        0.79236        9.52797        0.02255        0.00002       -0.00044        1.75168      170.87758        0.03558        0.01100       31.09792        0.17223        0.12163        1.75202        9.52713        0.02242        0.00008       -0.00034      300.00000        0.18021
   28    1    1     1525.05498     2079.97900      587.32778        5.84004      169.99471        0.03529        0.06819        0.62309       13.40000        0.69686        1.11097        0.62360        9.78936        0.02376        0.00781       -0.00050        0.85252      168.94674        0.03481        0.06765       14.25712        0.38389        1.20319        0.84554        9.75542        0.02314        0.00076        0.00698      300.00000        1.87684
   29    1    1     1496.22858     1675.65225      721.36706        8.80884      149.62462        0.02734        0.00789        1.38319       24.70000        0.04372        0.35751        1.37705       14.08225        0.05000        0.01536        0.00613        0.05645      149.67166        0.02735        0.00778       24.73324        0.36574        1.36597        0.04666       14.08233        0.04806        0.01367        0.00979      300.00000        0.10220
   30    1    1     1222.96901     2603.82547     1228.26363        2.91163       95.95827        0.01125        0.12141        0.24478        7.90000        0.82982        1.49164        0.24293        9.96387        0.02486        0.05019        0.00189        1.05501      112.64861        0.01541        0.12584       18.08419        0.03600        1.52780        1.01265        2.55496        0.00155        0.01233        0.04236      300.00000       64.20885
   31    1    1     2101.85057    15595.64223     6740.20896        8.61542      112.90165        0.01557        0.00541        0.89668       18.80000       16.20940        0.83736        0.89721        3.73723        0.00346        0.01767       -0.00047        9.29910      112.62912        0.01548        0.00527       18.93433        1.50587        7.14046        9.29791        3.74053        0.00350        0.01588        0.00119      300.00000        0.58907
   32    1    1     1470.87281   792184.46124   307564.60169        0.37210       12.78221        0.00020        0.14392        0.09897       14.90000      753.87417        1.63522        0.09935        9.57719        0.02267        0.02686       -0.00046      186.81655       33.49409        0.00137        0.03433       32.74346        0.03417      568.82981      186.77044       16.43790        0.06384        0.02184        0.04611      300.00000      147.06516
   33    1    1     2486.86107     1836.91326      502.69134        6.76284      113.29547        0.01568        0.01860        0.80369       13.00000        0.54433        0.93156        0.80301        2.90272        0.00207        0.00151        0.00075        0.92880      114.12572        0.01588        0.01921       12.38864        0.42817        0.92219        0.92773        2.86259        0.00201        0.00117        0.00107      300.00000        7.87274
   34    1    1     2135.48757     4951.39577     2050.64361        0.03967        0.63328        0.00000        0.03112        1.17493       25.10000        3.93114        0.56508        1.16948       15.19096        0.05622        0.00484        0.00546        3.47620        5.83949        0.00004        0.03256       27.20090        0.48298        1.71916        3.46805       14.39862        0.05240        0.00000        0.00815      300.00000      173.89248
   35    1    1     5498.11565     1470.55899      618.05964        0.65628       11.12556        0.00015        0.03495        1.32222       12.00000        0.04602        0.42058        1.31399       10.74614        0.02804        0.00647        0.00819        0.68475       32.65552        0.00130        0.00387       32.87268        0.13712        1.00918        0.68221        6.94735        0.01210        0.01008        0.00254      300.00000       71.02287
   36    1    1     1567.77389     1676.30597      579.49472        6.67680      171.32337        0.03585        0.04457        1.35275        9.90000        0.11780        0.38223        1.35234       10.82211        0.02883        0.00045        0.00030        0.93612      171.37207        0.03587        0.04449        9.95860        0.27133        0.64480        0.93629       10.82724        0.02893        0.00094       -0.00018      300.00000        0.08602
   37    1    1     1745.34124     2398.53914      919.12068        7.79956      150.04869        0.02750        0.01770        0.84391       16.60000        1.07502        0.89018        0.84439       10.94787        0.02969        0.00370       -0.00051        1.21983      149.69195        0.02727        0.01770       16.75659        0.25860        1.33495        1.21631       10.94752        0.02929        0.00006        0.00352      300.00000        0.84735
   38    1    1     5565.70990     1478.53878      672.59836        1.90932       12.83362        0.00020        0.00532        1.51346        9.60000        0.02807        0.25750        1.47706       13.28270        0.04553        0.00002        0.03638        0.29569       26.27395        0.00084        0.01008       11.29077        0.01614        1.46254        0.28162       12.72824        0.03910        0.02572        0.01407      300.00000       74.18076
   39    1    1     2063.35315     3025.88744      464.29141        7.43002      131.99344        0.02128        0.01727        1.48859       48.70000        1.59373        0.24542        1.48915       11.75292        0.03427        0.00995       -0.00047        1.35762      131.89538        0.02123        0.01729       48.70120        1.66003        0.31368        1.35460       11.75316        0.03467        0.00598        0.00302      300.00000        1.75888
   40    1    1     4508.37895     3284.89531     1209.77151        1.59869       21.77355        0.00058        0.02208        1.57278       38.50000        2.01059        0.16556        1.56901        5.22262        0.00685        0.01550        0.00371        2.53937       16.99489        0.00035        0.00237       39.37778        0.91452        0.31208        2.52408        9.21383        0.02160        0.00363        0.01529      300.00000      107.27380
   41    1    1     2961.69722     2330.07197      462.25782        2.97874       39.19820        0.00188        0.01927        1.28425       20.90000        0.99372        0.45206        1.28250        5.13132        0.00646        0.00013        0.00179        1.52958       35.16323        0.00151        0.01925       21.14575        1.06321        0.13201        1.52999        6.37644        0.01005        0.00216       -0.00041      300.00000       74.13857
   42    1    1     2035.99555     3822.59738     1268.47560        8.58560      116.51759        0.01658        0.00591        0.94815       23.80000        3.03596        0.78591        0.94865        5.23546        0.00679        0.02609       -0.00050        1.70523      116.45875        0.01654        0.00611       23.73628        1.70131        1.38803        1.68102        5.23460        0.00702        0.00114        0.02422      300.00000        0.47132
   43    1    1     1433.98735     1790.12327      535.63604        0.12878        3.61617        0.00002        0.09629        0.66625       12.50000        0.27023        1.07715        0.65741       10.22845        0.02646        0.00154        0.00890        0.36490       29.59280        0.00107        0.08495       21.65276        0.61720        1.02041        0.36133       12.96742        0.04224        0.00718        0.00357      300.00000      149.81808
   44    1    1     3340.40345     1760.30676      708.22401        0.65982       13.07304        0.00021        0.04774        0.45290       15.00000        0.27774        1.28475        0.44981       13.86284        0.04823        0.00284        0.00304        0.89225       43.22468        0.00228        0.00562       39.91625        0.09116        1.10852        0.88727        7.61141        0.01458        0.00000        0.00499      300.00000       88.38154
   45    1    1     7348.12794     2117.86300      765.05761        6.40213       61.95131        0.00469        0.00675        0.76107       11.20000        0.84370        0.97882        0.75575        8.33733        0.01751        0.00388        0.00534        0.82367       47.53950        0.00275        0.01043       18.17331        0.79528        0.97540        0.81608        5.37695        0.00730        0.00159        0.00759      300.00000      144.23185
   46    1    1     3285.89805     2359.70026     1030.11862        0.79135       15.94787        0.00031        0.04929        0.37169       12.60000        0.84439        1.36848        0.36609       10.76867        0.02825        0.02805        0.00552        0.50402       38.63520        0.00182        0.05818       27.13524        1.25856        0.85884        0.47132        6.06856        0.00877        0.00028        0.03269      300.00000       81.12385
   47    1    1     2475.51693    10854.50261     4929.75502        5.02412      107.75582        0.01418        0.04200        1.24842       21.20000       10.64243        0.52503        1.20953        2.44972        0.00142        0.00876        0.03882       10.49098      119.41473        0.01737        0.04558       17.18029        0.10426        1.81764       10.44751        2.98744        0.00231        0.00414        0.04347      300.00000       48.91101
   48    1    1     1721.12582     2342.32435      466.84620        8.04494      147.56375        0.02659        0.01450        1.01858       19.60000        1.01850        0.71557        1.01899        7.24407        0.01302        0.01474       -0.00046        0.96211      147.84297        0.02665        0.01449       19.59673        1.05423        0.73623        0.96260        7.24515        0.01302        0.01478       -0.00049      300.00000        1.28494
   49    1    1     1869.03723     1549.71957      613.75083        4.36417      115.77711        0.01637        0.06958        0.51287       19.10000        0.02107        1.22796        0.50661        7.90182        0.01520        0.02660        0.00625        0.83888      117.55843        0.01679        0.06826       17.13797        0.01425        0.90392        0.83419        9.00512        0.02040        0.02715        0.00470      300.00000        9.76624
   50    1    1     1784.06353    14038.62329     6557.88739        1.67719       34.40461        0.00145        0.04995        0.14724       13.80000       14.42830        1.62627        0.10830        8.49629        0.01865        0.00661        0.03906        7.62132       15.97107        0.00031        0.03928       18.83981        0.08026        8.47812        7.60660        8.83708        0.01986        0.03931        0.01473      300.00000      137.37107
   51    1    1     5691.03387     1705.53701      827.22883        5.85305       64.00623        0.00500        0.00960        0.72114       19.80000        0.18650        1.03572        0.69885        2.33952        0.00140        0.00102        0.02235        0.38752       63.84362        0.00497        0.01159       14.37584        0.28151        1.24881        0.38070        6.18995        0.00967        0.01631        0.00682      300.00000       91.72042
   52    1    1     2903.69951     1959.68926      527.02974        3.50074       49.33780        0.00297        0.02129        1.42616       19.10000        0.29899        0.31623        1.41833       25.49937        0.16427        0.00709        0.00780        1.34108       60.52981        0.00447        0.02142       19.85945        0.35424        0.33532        1.33952       25.66421        0.16477        0.01569        0.00155      300.00000       40.32883
   53    1    1     2556.37700     2346.98164      501.31294        3.98172       58.55393        0.00419        0.02222        1.58405       26.90000        0.96229        0.21953        1.51503        8.29126        0.01800        0.06422        0.06906        1.28404       54.18484        0.00357        0.02347       25.97319        0.94053        0.50593        1.24720        8.92446        0.01891        0.09806        0.03684      300.00000       59.91410
   54    1    1     1760.88073     1702.99106      780.81294        1.04133       22.18851        0.00060        0.05485        1.40017       31.90000        0.06867        0.33432        1.40024        5.73435        0.00819        0.00172        0.00002        1.29331        6.55486        0.00005        0.05380        6.61230        0.00271        0.47325        1.29383       13.14916        0.04291        0.00249       -0.00052      300.00000      155.20040
   55    1    1     4468.95145     4866.93912     2207.34625        6.03405       71.89980        0.00631        0.01103        0.64373       27.30000        4.02812        1.10877        0.62580        3.27188        0.00257        0.00918        0.01793        1.16004       74.97799        0.00685        0.01266       26.57855        2.95339        1.66453        1.14284        3.09033        0.00243        0.00981        0.01720      300.00000       52.58294
   56    1    1     1715.07807     3577.34266     1525.17429        3.14433       90.56341        0.01002        0.09130        0.51703       45.70000        2.06734        1.21918        0.51539       14.62119        0.05243        0.08311        0.00169        2.84924       94.80187        0.01092        0.04938       51.49929        0.23470        0.79365        2.81530       14.55350        0.05038        0.05215        0.03394      300.00000       41.28459
   57    1    1     4052.03086     1576.75322      698.00077        1.63576       11.17449        0.00015        0.00555        0.67561        3.40000        0.23458        1.06208        0.67249        7.95476        0.01547        0.00210        0.00313        0.74467       29.62458        0.00107        0.01436       13.50306        1.14041        0.08875        0.74289        3.45984        0.00294        0.00335        0.00179      300.00000      108.12038
   58    1    1      835.68919     1638.30162      633.11201        8.94566      257.08473        0.08072        0.02015        1.10116        2.00000        0.06545        0.63549        1.09908        5.57768        0.00779        0.04647        0.00206        1.07615      257.18584        0.08068        0.02023        1.94080        0.00997        0.73166        1.05837        5.58237        0.00795        0.03060        0.01778      300.00000        0.24947
   59    1    1     1843.27687    39353.18534    16950.98302        8.31785      136.08711        0.02262        0.01007        0.39243       29.40000       40.66965        1.34785        0.38671       13.88405        0.04695        0.00317        0.00575       28.68638      136.28641        0.02267        0.01024       29.33026        0.05491       13.67085       28.67819       13.88443        0.04680        0.00086        0.00819      300.00000        0.63089
   60    1    1     4619.50406     1731.81997      715.24497        8.02334       58.76033        0.00422        0.00233        1.53632        8.60000        0.50573        0.21630        1.51826        7.74420        0.01530        0.01813        0.01808        0.83668       58.13128        0.00412        0.00207        8.94502        0.04627        1.35730        0.83704        7.74443        0.01482        0.03708       -0.00036      300.00000        4.42851
   61    1    1     4047.64114     5728.26792     2720.55315        0.20335        3.77796        0.00002        0.04214        1.30327       12.90000        4.93392        0.44153        1.29304        4.31157        0.00450        0.00111        0.01032        5.01043       15.44734        0.00029        0.06695       11.40380        1.24022        0.39841        5.00419        4.23357        0.00436        0.00583        0.00624      300.00000      148.21915
   62    1    1     1753.07366     1640.84168      583.69570        7.80177      151.31557        0.02796        0.01798        1.26816       18.00000        0.13729        0.46673        1.26784       11.85067        0.03458        0.00040        0.00027        0.33434      151.47528        0.02801        0.01823       17.85582        0.46777        1.06975        0.33407       11.85034        0.03458        0.00042        0.00027      300.00000        0.75559
   63    1    1     3685.83231     3426.74359     1585.70591        1.20778       20.58570        0.00052        0.03496        0.90172       18.40000        2.21700        0.83737        0.89720        1.14205        0.00033        0.00015        0.00450        2.45645       26.33589        0.00085        0.00412       22.64198        0.15796        1.35381        2.45435        8.15511        0.01630        0.00258        0.00210      300.00000      100.55663
   64    1    1     2416.58464    57413.23933    23778.08094        4.56723      102.73522        0.01289        0.04891        0.51771       20.80000       59.50253        1.22360        0.51096       14.52233        0.05321        0.00285        0.00674       56.53986      113.94599        0.01583        0.05122       20.04067        0.13564        4.56965       56.52799       14.20529        0.04879        0.00070        0.01186      300.00000       46.23626
   65    1    1     1417.87545     7445.96568     3846.46624        8.88043      157.26742        0.03021        0.00810        0.14668       12.80000        7.36001        1.61360        0.12097        7.67829        0.01410        0.00944        0.02568        5.77170      157.07469        0.03011        0.00810       12.87509        0.25916        3.09426        5.74123        7.67825        0.01405        0.00473        0.03048      300.00000        0.74834
   66    1    1     2089.28460     2246.00177     1102.41196        0.06605        1.02186        0.00000        0.02923        0.13366       21.50000        0.78276        1.60150        0.13307        4.33322        0.00469        0.01540        0.00053        0.61338       22.82462        0.00064        0.04194        7.76038        0.09477        1.79828        0.61386        2.19063        0.00119        0.01704       -0.00048      300.00000      154.54406
   67    1    1     1755.39248     5998.81047     2015.23398        0.98488       19.81653        0.00048        0.04897        1.08238       48.80000        5.34628        0.65890        1.07566        7.32649        0.01306        0.00630        0.00675        2.84972       47.19859        0.00272        0.07022       28.95557        4.15651        0.04702        2.83708       10.83434        0.02836        0.00180        0.01264      300.00000      126.95491
   68    1    1     1648.21191     2123.53256      868.36331        6.46972      163.92445        0.03282        0.04559        0.50567        9.80000        0.69137        1.22943        0.50513        7.54586        0.01421        0.02900        0.00060        0.23555      162.28434        0.03207        0.04688        9.07327        0.49887        1.72088        0.20548        7.56509        0.01365        0.00020        0.03008      300.00000        1.79290
   69    1    1     1701.20164     1875.58561      741.66744        8.46741      145.09556        0.02571        0.01015        1.41704       14.10000        0.31479        0.32706        1.40751       12.96865        0.04257        0.02884        0.00964        0.55347      144.74496        0.02553        0.01022       14.16975        0.65144        0.87839        0.51964       12.96829        0.04334        0.00378        0.03383      300.00000        1.02343
   70    1    1     3709.50556     1431.13395      634.35773        8.20503       68.07472        0.00566        0.00275        1.24506        8.70000        0.00480        0.49938        1.23518        7.60841        0.01403        0.01906        0.00985        1.41907       67.67616        0.00559        0.00313        8.31423        0.00366        0.33157        1.40381        7.60844        0.01473        0.01298        0.01526      300.00000        1.36142
   71    1    1     3255.48002     6065.29774     2558.00894        5.51051       78.72589        0.00757        0.01736        0.44800       24.30000        5.41343        1.29003        0.44453        8.39478        0.01722        0.01001        0.00345        3.95582       82.18569        0.00822        0.02649       26.57244        0.24337        2.95265        3.95620        3.50490        0.00305        0.01400       -0.00037      300.00000       36.08249
   72    1    1     1907.13207     1663.02501      592.62310        6.85108      144.91175        0.02565        0.02899        0.92240       19.10000        0.20910        0.82817        0.90639        1.22796        0.00038        0.00324        0.01595        1.19501      144.24162        0.02536        0.02857       19.49509        0.12050        0.63854        1.18540        1.22047        0.00036        0.00960        0.00960      300.00000        3.09287
   73    1    1     3897.14155     3951.03427     1206.43940        3.27699       47.07964        0.00271        0.02250        0.93402       31.70000        2.85299        0.82946        0.90510       10.72011        0.02953        0.01913        0.02893        2.22971       49.14324        0.00295        0.00953       38.81812        1.19214        1.19253        2.22863        7.78656        0.01515        0.04834        0.00108      300.00000       28.38658
   74    1    1     2247.22796    53810.35341    23118.04659        7.96703      115.89242        0.01640        0.00944        0.01458       14.60000       55.73542        1.72437        0.01020        6.81882        0.01135        0.01068        0.00439        7.27614      115.37554        0.01625        0.00939       14.71333        1.27179       48.92740        7.27098        6.81938        0.01134        0.00991        0.00516      300.00000        0.21879
   75    1    1     1675.77589     1769.93207      621.72005        1.01333       25.72545        0.00081        0.07791        0.86520       14.30000        0.21325        0.86891        0.86565       14.15750        0.04976        0.00125       -0.00042        1.41224       33.15349        0.00134        0.05482       11.92167        0.02096        0.55922        1.41219       10.44576        0.02718        0.00134        0.00005      300.00000      126.00152
   76    1    1     2948.21946     2021.39524      767.21380        7.41963       90.74943        0.01006        0.00821        0.79532       29.00000        0.76816        0.94494        0.78963        9.23900        0.02079        0.01331        0.00562        1.88149       91.01144        0.01009        0.00816       28.98607        0.22018        0.40053        1.88197        9.25477        0.02120        0.01914       -0.00048      300.00000        0.39102
   77    1    1     2067.09268     1703.81978      830.41562        1.54736       28.16396        0.00097        0.03949        0.97472       16.00000        0.01445        0.76675        0.96782        9.54794        0.02217        0.01656        0.00699        0.36482       54.40273        0.00360        0.04412       20.75267        0.08349        1.30405        0.36524        6.70625        0.01116        0.02387       -0.00043      300.00000       89.02695
   78    1    1     1635.70674     7011.72747     3332.53260        3.00321       90.02889        0.00990        0.09986        0.63429       20.90000        6.22984        1.10244        0.63213        5.41106        0.00717        0.00836        0.00224        3.19547      104.78200        0.01338        0.07657       20.87383        0.63104        4.13934        3.19424       10.28856        0.02646        0.00959        0.00124      300.00000       22.23835
   79    1    1     2270.13567    78007.03131    35281.03166        8.27980      110.21826        0.01484        0.00681        1.45629       27.00000       80.85216        0.29585        1.43871        4.09343        0.00403        0.04107        0.01760       73.99107      110.64903        0.01495        0.00670       26.99070        0.47846        8.12251       73.98573        4.09243        0.00408        0.05323        0.00534      300.00000        0.38552
   80    1    1     1213.31016   161426.96758    62517.36416        0.53142       15.16670        0.00028        0.09920        1.45641       29.60000      161.72840        0.28594        1.44863       13.00138        0.04271        0.00697        0.00783      137.44864       32.08001        0.00125        0.14249       37.29666        0.13532       25.80818      137.42595       18.42517        0.08135        0.00262        0.02269      300.00000      152.11361
   81    1    0       81.57890******************************        1.13885       17.01367        0.00035        0.02690        0.78873       32.20000 27997962.31759        4.81233        0.76364       12.05660        0.03726        0.01343        0.02499  4775508.35249        0.00000        0.00000        0.00000       22.89551        0.00047 23222459.75224  4775508.35249        0.00000        0.00000        0.00000        0.00000      300.00000        0.00000
   82    1    1     2482.18361     1449.01577      736.72254        7.41018      111.32377        0.01514        0.01243        0.45680        1.60000        0.00012        1.27886        0.45570       13.63859        0.04650        0.02580        0.00118        0.80483      109.97026        0.01476        0.01265        2.16146        0.00022        0.93075        0.80383       13.63907        0.04648        0.02598        0.00100      300.00000        2.75969
   83    1    1     2158.43423     2306.67080      720.58488        5.12544      121.43657        0.01801        0.05055        0.85521       37.20000        0.75364        0.87896        0.85560        6.03892        0.00901        0.03749       -0.00040        1.08231      122.06176        0.01818        0.04874       39.39510        1.11415        0.33381        1.04914        2.72077        0.00176        0.00392        0.03317      300.00000       25.62767
   84    1    1     8507.42903    36009.27953    15128.17705        3.64467       30.09350        0.00111        0.00722        0.29221       36.10000       37.89861        1.48035        0.25422       11.50233        0.03140        0.00018        0.03800       32.82439       24.00970        0.00070        0.04167       27.19664        0.86778        5.89932       32.82440       11.54942        0.03321        0.04402       -0.00001      300.00000       44.47349
   85    1    1     1339.75761     2136.87443      933.66303        7.32290      200.63864        0.04917        0.04252        0.80851       15.80000        0.46652        0.99034        0.74423       10.82533        0.03063        0.00282        0.06428        1.59884      201.33787        0.04931        0.04292       15.47164        0.28726        0.35104        1.56224       10.82569        0.02783        0.03331        0.03660      300.00000        0.05773
   86    1    1     2083.56183     1616.58978      684.44841        5.79372      127.22832        0.01977        0.03913        0.70757        6.60000        0.00542        1.02711        0.70745       13.59826        0.04606        0.00267        0.00008        0.51205      130.61499        0.02077        0.03894        5.21684        0.00571        1.22101        0.51246       13.59489        0.04587        0.00338       -0.00041      300.00000        7.78156
   87    1    1     2127.28092     1657.53001      694.43892        4.65696      117.22930        0.01678        0.06061        0.20181       10.00000        0.07425        1.53281        0.20175        5.63038        0.00781        0.01877        0.00013        0.94338      111.96449        0.01528        0.05496       12.55316        0.02329        0.86331        0.92512        6.91221        0.01149        0.00114        0.01826      300.00000       27.55256
   88    1    1     4710.00023     1393.70821      701.31004        6.98226       58.20677        0.00414        0.00435        1.02485       11.90000        0.00788        0.71127        1.02329        8.23350        0.01696        0.02469        0.00151        1.40345       57.48061        0.00403        0.00438       12.01123        0.01067        0.35068        1.38123        8.23389        0.01625        0.00468        0.02222      300.00000        0.53079
   89    1    1     1916.84248     2912.24289      908.01275        4.51027      134.47332        0.02209        0.08648        1.15577       33.70000        1.45092        0.57998        1.15458        2.36358        0.00140        0.00181        0.00115        0.96716      125.23347        0.01904        0.06914       38.31436        1.33341        0.89956        0.96719        5.39625        0.00718        0.00296       -0.00004      300.00000       38.16704
   90    1    1      905.74772    59783.81801    24993.66119        8.94719      238.10036        0.06924        0.01725        1.31858       24.50000       61.37820        0.41649        1.31807        7.86065        0.01520        0.00025        0.00049        2.21394      238.18805        0.06923        0.01728       24.52316       26.32448       34.57477        2.21352        7.86077        0.01521        0.00032        0.00041      300.00000        0.06282
   91    1    1     1577.34491     2338.38541      824.54103        5.06519      156.59658        0.02995        0.08679        0.59628       28.20000        0.89679        1.16101        0.57355        2.60712        0.00163        0.00291        0.02274        2.26556      156.70263        0.02979        0.08889       26.59672        0.14506        0.23541        2.24638        4.12336        0.00434        0.00631        0.01918      300.00000       12.54860
   92    1    1     2629.95579     3021.46190     1191.51390        1.31507       16.12805        0.00032        0.01805        0.60842       10.90000        1.86411        1.12835        0.60621       16.16941        0.06405        0.00271        0.00221        1.96437       28.40641        0.00098        0.01254       16.68959        0.29133        1.35395        1.96485       15.44997        0.05925        0.00358       -0.00047      300.00000      132.26050
   93    1    1     1894.48227    56305.66948    23529.70135        6.91531      141.93294        0.02460        0.02685        0.33272       24.80000       58.08178        1.42730        0.30726        8.36610        0.01674        0.00880        0.02547       48.81935      141.44996        0.02443        0.02639       24.91328        0.10743       10.88970       48.81989        8.36767        0.01737        0.03417       -0.00054      300.00000        0.46063
   94    1    1     3375.88437     1737.29350      570.48758        1.18668       15.93877        0.00031        0.02172        0.69098        9.10000        0.19291        1.10025        0.63431       16.82030        0.06649        0.00023        0.05671        0.87975       20.22430        0.00050        0.00692       18.08444        0.22003        0.88576        0.82770       17.00612        0.07521        0.00474        0.05205      300.00000      128.40311
   95    1    1     2908.12701     2055.05706      555.69314        3.80837       52.20380        0.00333        0.01962        0.55299       21.80000        0.64881        1.18108        0.55348       14.35673        0.05099        0.00025       -0.00055        1.64869       67.38265        0.00553        0.01735       30.32109        0.43536        0.32163        1.64899       10.73226        0.02844        0.00007       -0.00030      300.00000       38.73503
   96    1    1     3199.80115     1951.78713      622.49956        2.10613       32.04879        0.00125        0.02703        1.49762       23.80000        0.48123        0.23858        1.49598       10.06585        0.02485        0.00626        0.00163        0.58035       20.92492        0.00053        0.00795       27.18103        1.05586        0.60722        0.57727        9.04349        0.02000        0.00492        0.00308      300.00000      108.82063
   97    1    1     2542.95089     1629.30871      638.09528        5.05341       76.79208        0.00720        0.02100        1.26856       29.10000        0.07804        0.46559        1.26897       12.40644        0.03821        0.00524       -0.00046        1.61226       72.84962        0.00647        0.03681       28.04853        0.08257        0.11412        1.61201       10.39120        0.02659        0.00503        0.00025      300.00000       23.78515
   98    1    1     2802.62762     6959.09052     3660.44250        0.42171        6.45469        0.00005        0.02856        0.77728       14.20000        6.58370        0.98049        0.75407        6.64825        0.01059        0.00030        0.02316        1.38010       20.06114        0.00049        0.01509        8.58677        0.10908        6.82518        1.37931       11.36525        0.03175        0.01925        0.00079      300.00000      155.28048
   99    1    1     1624.18409     1629.01257      701.09046        6.32046      166.14847        0.03372        0.05068        1.13543       17.60000        0.03042        0.59898        1.13558        5.42201        0.00725        0.00630       -0.00016        0.77575      164.26937        0.03285        0.04887       19.04267        0.03996        0.95792        0.76987        5.42164        0.00716        0.00029        0.00589      300.00000        2.20089
  100    1    1     2395.93012     2883.54609      861.81489        4.05910       86.94359        0.00923        0.04680        0.45207       21.10000        1.32930        1.28772        0.44685       24.88527        0.15594        0.01584        0.00519        0.78279      101.91554        0.01268        0.04649       17.08709        1.72316        0.58234        0.75490       24.95399        0.14869        0.00074        0.02789      300.00000       30.62991
