    1    1    1     1750.91236     1749.82785      833.95139        1.92851       36.89198        0.00166        0.04303        0.16478       17.00000        0.05313        1.58418        0.15038        8.61635        0.01888        0.01647   -33197.36952        1.31447       37.45775        0.00171        0.05807       14.27134        0.01146        0.48086        1.28981        5.71156        0.00781        0.00776        0.02466      300.00000      119.05333
    2    1    1     1522.61485    56878.18980    22506.90739        6.54790      176.32055        0.03797        0.05059        1.10334       20.60000       58.57019        0.63132        1.10324       14.69770        0.05381        0.02696        0.00011        8.03934      175.39687        0.03757        0.04879       21.07049        0.06318       52.23245        8.01135       14.70096        0.05160        0.00125        0.02799      300.00000        0.47049
    3    1    1     2682.26172     1471.93062      577.75285        2.79517       28.41383        0.00099        0.01163        1.59452       17.10000        0.07101        0.14139        1.59318       12.15097        0.03624        0.00000        0.00130        0.66763       16.69490        0.00034        0.02859        5.42862        0.20786        0.91682        0.66737       11.67127        0.03395        0.00062        0.00025      300.00000      125.98523
    4    1    1     1889.33661     3335.33654     1289.63552        7.70102      138.79576        0.02353        0.01614        0.99731       18.70000        2.22673        0.74018        0.99439        3.45633        0.00300        0.00846        0.00290        2.19466      138.53972        0.02339        0.01632       18.67795        0.33890        1.43361        2.18874        3.46423        0.00292        0.00554        0.00592      300.00000        1.39829
    5    1    1     1597.44218     2049.99834      658.97993        1.28998       32.01395        0.00125        0.07397        1.20593       17.70000        0.63398        0.53269        1.20187       10.36741        0.02624        0.03245        0.00407        1.15882       29.15288        0.00104        0.06954       20.24671        0.52862        0.71352        1.12946       11.01845        0.03120        0.00378        0.02935      300.00000      135.96534
    6    1    1     1541.48740    28777.49509    12857.14707        1.69036       38.35156        0.00180        0.06107        0.42279       33.70000       29.72041        1.39378        0.34079       17.89492        0.07445        0.00015        0.08199        8.50584       35.15173        0.00151        0.07756       28.80108        0.32232       22.73774        8.43174        8.41148        0.01856        0.01094        0.07410      300.00000      126.91571
    7    1    1     3207.11104     1585.09146      736.33169        6.35519       84.82468        0.00879        0.01297        1.38766       13.50000        0.01001        0.35162        1.38295        8.08008        0.01592        0.02544        0.00476        1.19199       88.87070        0.00962        0.01668        9.61608        0.00505        0.56401        1.17090        8.07961        0.01566        0.00939        0.02109      300.00000       10.04375
    8    1    1     1559.88475     3364.76072     1706.85395        6.64819      173.22529        0.03665        0.04627        0.30509        9.90000        1.87018        1.42914        0.30543        4.72759        0.00552        0.08427       -0.00030        2.89162      174.42086        0.03687        0.04603        9.95125        0.09134        0.67667        2.83681        4.73675        0.00584        0.02874        0.05481      300.00000        1.32586
    9    1    1     1232.02908  5042884.90619  1631217.66401        3.36436       76.18861        0.00709        0.05554        0.16422       39.30000     4357.88036        1.59398        0.14059        5.23425        0.00702        0.00145        0.02354     3001.07054       89.78677        0.00984        0.21143       92.43391        0.18879     1356.39718     3001.04686        1.58536        0.00064        0.00432        0.02368      300.00000      101.34292
   10    1    1     1795.68034     1588.20652      504.68986        6.31287      149.91638        0.02745        0.04143        1.12142       29.00000        0.12557        0.61325        1.12132        7.07665        0.01247        0.00412        0.00007        1.26220      149.59617        0.02732        0.04279       28.78071        0.18973        0.40835        1.26142        6.91738        0.01176        0.00356        0.00078      300.00000        2.90450
   11    1    1     1366.09969     8836.25182     4042.93532        3.91164      114.52658        0.01602        0.08868        0.09097       19.00000        8.28745        1.64463        0.08993       16.36781        0.06694        0.00001        0.00103        3.09315      137.83130        0.02320        0.11749       35.14762        0.36744        6.57891        3.09200        7.67623        0.01447        0.00004        0.00115      300.00000       31.89632
   12    1    1     1880.84527     4766.24945     2374.13081        8.29358      130.73202        0.02087        0.00947        0.91939        7.00000        3.45255        0.88497        0.84959        3.49095        0.00285        0.01093        0.06980        0.18032      131.11075        0.02098        0.00954        6.73210        0.87436        4.20536        0.10720        3.48937        0.00319        0.00728        0.07312      300.00000        1.23871
   13    1    1     2135.35351     2485.20571     1048.41728        6.32719      128.31077        0.02011        0.03012        0.22390       20.90000        1.18879        1.51027        0.22430        4.63723        0.00534        0.01893       -0.00037        1.30043      127.56023        0.01987        0.02962       21.19721        0.02823        1.61158        1.28415        4.69730        0.00531        0.00242        0.01628      300.00000        4.67384
   14    1    1      985.05555     1897.74726      723.82049        7.81926      266.07711        0.08647        0.05496        0.85137       11.50000        0.27734        0.88267        0.85189        4.36751        0.00473        0.00164       -0.00052        0.79084      265.96544        0.08622        0.05522       11.44082        1.01014        0.21112        0.79058        4.37893        0.00472        0.00091        0.00026      300.00000        0.41453
   15    1    1     1407.29867     3308.81342     1429.15196        1.48104       41.13956        0.00207        0.09217        1.20517       18.60000        2.05356        0.52895        1.20562        2.64963        0.00174        0.07209       -0.00039        1.74123       74.73398        0.00680        0.06634       20.89446        0.35104        1.71988        1.70933        9.94074        0.02544        0.04503        0.03190      300.00000      104.88961
   16    1    0      815.99694 21151991.03173  7025268.81008        5.67567      163.58064        0.03268        0.06877        0.92604       31.00000    18217.48770        0.82186        0.91270       12.15414        0.03567        0.04281        0.01332     1279.32198        0.00000        0.00000        0.00000      178.51589        0.15293    16939.94698     1279.32198        0.00000        0.00000        0.00000        0.00000      300.00000        0.00000
   17    1    1     1647.00230     7764.83121     4124.22630        4.43743      114.42158        0.01599        0.06522        0.17745       11.40000        7.40907        1.55763        0.17694       17.25620        0.07326        0.00452       -0.00512        7.27839       91.94557        0.01032        0.07810       15.14953        0.00900        1.86460        7.27208       16.05283        0.06270        0.00002        0.00631      300.00000       30.31842
   18    1    1     1887.00030     1643.62426      606.79596        3.72114       91.15888        0.01015        0.06315        1.62628       10.10000        0.09446        0.10781        1.62675       11.54346        0.03298        0.01776       -0.00059        0.61631       97.38038        0.01154        0.04965        8.06290        0.36169        0.85971        0.60645       13.70566        0.04552        0.00817        0.00985      300.00000       22.09809
   19    1    1     1064.25933     9556.87895     3717.93727        7.64253      250.91765        0.07689        0.05476        0.91926       30.70000        9.34911        0.82650        0.90806        5.52693        0.00775        0.01800        0.01121        5.82510      250.63461        0.07638        0.05491       30.82422        0.65281        4.63467        5.79662        5.52890        0.00785        0.00055        0.02849      300.00000        0.26370
   20    1    1     2493.74824   790318.53153   294395.25949        4.99349       90.66231        0.01004        0.03022        0.18696       23.20000      754.59124        1.56294        0.17162        2.85946        0.00197        0.00001        0.01527      154.94453       93.89410        0.01076        0.04685       21.75738        0.03340      601.33627      154.93935        3.37392        0.00277        0.00912        0.00518      300.00000       17.25435
   21    1    1     4385.34720     1680.42994      793.25142        5.28098       81.05731        0.00802        0.02075        0.54717       12.00000        0.02390        1.18795        0.54661       12.52537        0.03915        0.00648        0.00059        0.76786       76.81003        0.00719        0.01391        5.79299        0.09311        0.88495        0.76839       15.37169        0.05851        0.00790       -0.00053      300.00000      109.54804
   22    1    1     1263.46204    11164.68849     4804.58522        4.09151      159.46822        0.03106        0.15447        1.61213       25.50000       10.56089        0.13993        1.59463        4.98676        0.00634        0.00002        0.01742        8.10723      162.66043        0.03227        0.17440       26.23881        0.30376        3.86308        8.10764        4.83939        0.00582        0.01829       -0.00041      300.00000        9.43528
   23    1    1     4657.79463   235518.47445    95046.16632        1.47425       17.86030        0.00039        0.01754        0.16180       15.50000      234.59740        1.57754        0.15702       14.03521        0.04958        0.00728        0.00482        7.42755       11.54181        0.00016        0.03884       20.46390        0.04501      228.85152        7.42415       13.90720        0.04856        0.00019        0.00341      300.00000      114.53528
   24    1    1     2992.31630     1554.24314      657.99918        6.53975       93.07560        0.01058        0.01416        0.84710       10.30000        0.08664        0.88715        0.84741       10.70848        0.02831        0.00063       -0.00022        0.33474       96.89370        0.01146        0.01564        7.74962        1.22404        0.26011        0.33466       10.71044        0.02858        0.00000        0.00009      300.00000        9.92790
   25    1    1     2284.72136     1506.16495      629.43302        6.56281      120.87230        0.01784        0.02359        1.48023       25.60000        0.03301        0.25813        1.47644        0.80756        0.00016        0.00855        0.00376        0.53060      120.67661        0.01778        0.02238       26.08238        0.05937        1.17839        0.53106        0.73973        0.00014        0.01284       -0.00046      300.00000        3.87703
   26    1    1     1532.57700     1475.49223      609.70688        1.40259       31.81318        0.00124        0.06160        1.63274        9.20000        0.08657        0.11413        1.62043        3.33017        0.00268        0.00485        0.01234        0.55122       42.25968        0.00217        0.05348       14.74294        0.21262        1.06709        0.54939        2.73706        0.00188        0.01535        0.00183      300.00000      130.36519
   27    1    1     1885.36611     1711.14932      870.74642        2.10665       44.88979        0.00246        0.05299        1.65069        8.80000        0.01502        0.08811        1.64645        5.56084        0.00778        0.00083        0.00421        0.78796       46.01367        0.00258        0.05614       10.29524        0.00713        0.95673        0.78838        2.20452        0.00120        0.00616       -0.00042      300.00000       84.16472
   28    1    1    20321.70630     1444.79731      607.18621        3.76575       48.95739        0.00293        0.01772        1.25999        2.50000        0.02329        0.52785        1.20671        4.00970        0.00379        0.00199        0.05326        1.18345       43.88159        0.00235        0.00897        6.26596        0.22804        0.38773        1.14055        9.08859        0.02139        0.00560        0.04290      300.00000       15.07935
   29    1    1     1955.57050     1551.82480      608.67911        1.34510       24.23898        0.00072        0.03894        0.54421       11.00000        0.01627        1.20246        0.53210       11.89986        0.03593        0.01133        0.01211        1.01082       61.07872        0.00453        0.04424       13.44959        0.01997        0.74085        0.99694        9.75324        0.02418        0.00527        0.01387      300.00000      104.12487
   30    1    1     1592.41068     1953.93406      715.12248        3.08065       62.11970        0.00471        0.04495        1.39491       34.90000        0.33096        0.33925        1.39532       16.44739        0.06683        0.00639       -0.00030        0.33736       32.33074        0.00127        0.11029       14.36165        1.18095        0.48865        0.33048       16.83461        0.06891        0.00057        0.00688      300.00000      105.24149
   31    1    1     1582.14970     1543.86710      607.37709        8.98873      134.62159        0.02213        0.00526        1.01060       29.30000        0.04265        0.72408        1.01048       10.39207        0.02690        0.00005        0.00008        1.48443      134.62308        0.02209        0.00538       29.28194        0.04617        0.24602        1.48498       10.39275        0.02677        0.00082       -0.00054      300.00000        0.09169
   32    1    1     1481.08093     7247.37564     3342.01713        8.54518      160.00896        0.03127        0.01155        0.78716       11.20000        6.22984        1.03887        0.69570       15.35752        0.05463        0.00267        0.09140        3.11449      159.88827        0.03117        0.01161       11.23153        0.10968        4.79072        3.06407       15.35747        0.05560        0.04275        0.05042      300.00000        0.88002
   33    1    1     1560.19426     1741.46052      688.63398        0.49526       12.69100        0.00020        0.08000        1.30327       28.40000        0.12210        0.46700        1.26756        5.47988        0.00775        0.01305        0.03575        0.42725       19.03342        0.00044        0.07460       24.70648        0.03631        1.44231        0.38546        5.75194        0.00856        0.00388        0.04180      300.00000      174.70599
   34    1    1     2358.39959    19166.33643     8313.63605        3.32197       34.13876        0.00142        0.01147        0.44242       45.40000       19.59649        1.29575        0.43882        3.54589        0.00307        0.02743        0.00353        7.23335       14.85940        0.00027        0.07898       39.39273        1.29853       12.72416        7.23382        3.09122        0.00237        0.04039       -0.00046      300.00000      121.43436
   35    1    1     2894.25656     1405.51040      647.36784        3.62027       54.60013        0.00364        0.02414        0.88163        9.30000        0.01365        0.85659        0.87797        6.13316        0.00945        0.00012        0.00364        0.61859       41.83577        0.00213        0.01861        7.02419        0.07950        1.03243        0.61522       12.29298        0.03694        0.00102        0.00336      300.00000       56.83813
   36    1    1      918.60132    27399.98067    12726.42343        8.79510      247.08841        0.07457        0.02183        0.10616       20.80000       28.35641        1.63249        0.10208       16.97815        0.07037        0.00003        0.00417        5.00961      247.07248        0.07448        0.02192       20.79787        1.95200       23.12946        5.00953       16.97807        0.07102        0.00338        0.00008      300.00000        0.33421
   37    1    1     2231.99583     5130.89549     2337.72609        5.24197      114.58786        0.01604        0.04232        0.40044       20.20000        4.02033        1.33370        0.40087       17.04022        0.07206        0.00754       -0.00052        4.23370      112.80769        0.01551        0.04347       19.47816        0.27299        1.25261        4.22774       17.10698        0.07125        0.00291        0.00595      300.00000       17.16224
   38    1    1     2359.03336     1816.32844      734.75965        1.96555       34.94412        0.00149        0.03711        0.83420       11.40000        0.44373        0.90003        0.83453        3.94492        0.00384        0.00042       -0.00029        1.40907       37.13197        0.00168        0.03465       16.16998        0.03228        0.74244        1.40943        1.24297        0.00038        0.00034       -0.00036      300.00000      103.21741
   39    1    1     8192.33076     1729.90217      755.66917        3.74653       18.22287        0.00041        0.00248        1.55434       13.70000        0.19865        0.23918        1.49538        7.59982        0.01506        0.05744        0.05893        1.46046       20.42088        0.00051        0.01538       18.59965        0.27193        0.30635        1.35537        1.00495        0.00027        0.01267        0.10509      300.00000       72.01335
   40    1    1     1894.94266     1518.90417      641.16544        7.52998      139.84171        0.02388        0.01824        1.63616       21.50000        0.02406        0.11610        1.61846        6.83356        0.01191        0.00448        0.01773        0.75022      139.58500        0.02373        0.01794       21.72198        0.02322        0.98843        0.74747        6.83411        0.01143        0.01986        0.00275      300.00000        1.01753
   41    1    1     2430.72802     1679.70098      867.02193        0.03333        0.53370        0.00000        0.03131        1.72053        4.80000        0.00117        0.01412        1.72044        9.08591        0.02034        0.00481        0.00013        1.60887       29.32793        0.00105        0.01754       20.71037        0.02069        0.13140        1.60403        7.09132        0.01266        0.00001        0.00484      300.00000      141.36473
   42    1    1     2053.16117     2902.31114     1235.56691        6.14388      128.97232        0.02032        0.03350        1.58176        4.80000        1.69986        0.16960        1.56497        5.73442        0.00838        0.00000        0.01674        2.23670      128.90643        0.02027        0.03348        4.89005        0.12301        1.09134        2.22015        5.73300        0.00837        0.00025        0.01655      300.00000        1.43259
   43    1    1     1177.40862    18822.76378     8430.12979        8.36573      208.86270        0.05328        0.02285        0.16359       12.90000       19.35155        1.57464        0.15992       15.44879        0.05995        0.00212        0.00365        9.29617      208.63962        0.05305        0.02298       12.96630        0.07761       11.71411        9.29445       15.44835        0.05972        0.00432        0.00172      300.00000        0.58607
   44    1    1     3169.55188     1656.66056      813.81118        6.45253       89.11178        0.00970        0.01360        0.61834        2.40000        0.00085        1.11896        0.61561       11.94341        0.03491        0.00023        0.00277        1.25798       88.51680        0.00956        0.01349        3.22818        0.00064        0.47653        1.25847       11.94320        0.03538        0.00299       -0.00049      300.00000        7.34410
   45    1    1     2386.18654    11049.95081     4764.97081        5.44629      113.49076        0.01573        0.03730        0.37021       42.50000       11.03739        1.36723        0.36734        9.16685        0.02056        0.02335        0.00289        3.49951      118.30141        0.01707        0.04896       38.74403        3.17095        6.09821        3.47959        9.50897        0.02171        0.01538        0.01992      300.00000       32.87983
   46    1    1     2977.27011     1550.84848      627.25204        7.10822       90.60361        0.01003        0.00982        0.69354        7.40000        0.18768        1.05499        0.67958        5.49456        0.00729        0.01108        0.01401        0.41552       92.31045        0.01038        0.01013        6.36066        0.10626        1.42236        0.39293        5.49573        0.00724        0.00254        0.02259      300.00000        1.16688
   47    1    1     3027.41954     1520.83857      651.46856        7.89915       88.25642        0.00951        0.00573        1.39477        6.10000        0.00337        0.33968        1.39489       12.82903        0.04097        0.10093       -0.00008        1.17279       87.44004        0.00933        0.00612        5.65430        0.00808        0.65134        1.07826       12.82953        0.04350        0.00381        0.09453      300.00000        1.37166
   48    1    1     1789.58090     2140.25073      795.09215        0.45409       11.54554        0.00016        0.07879        1.71261       19.50000        0.47435        0.07607        1.65849       14.65121        0.05587        0.05350        0.05413        1.47350       29.21804        0.00104        0.03573       28.47350        0.32149        0.53727        1.41663       11.31965        0.03339        0.04895        0.05687      300.00000      151.36801
   49    1    1     1704.65415     2942.19505      938.27518        3.43904       94.38334        0.01088        0.08111        1.35885       21.10000        1.67410        0.38296        1.35161        7.58890        0.01400        0.09106        0.00736        1.04684      100.50423        0.01224        0.08543       17.34584        1.30701        1.06260        1.04584        2.47440        0.00150        0.09732        0.00100      300.00000       12.04226
   50    1    1     3493.96314     2152.41156      652.64731        2.13713       25.27910        0.00078        0.01631        1.48756       22.10000        0.65517        0.28822        1.44634       16.51445        0.07055        0.00019        0.04123        1.36585       39.18619        0.00187        0.01970       18.77318        0.34630        0.71650        1.32323       16.26664        0.06850        0.00007        0.04262      300.00000       53.83086
   51    1    1     2356.08811     3273.58791     1379.96556        6.25394      117.10699        0.01675        0.02608        0.88905       18.90000        2.12246        0.85645        0.87811       11.71599        0.03323        0.00598        0.01092        2.00483      116.83397        0.01666        0.02736       18.28532        0.12303        1.73269        2.00008       11.71737        0.03455        0.01086        0.00475      300.00000        7.45533
   52    1    1     2368.47502     1747.99604      776.91194        4.45832       66.85038        0.00546        0.02200        0.51170       13.80000        0.01051        1.22534        0.50923       20.68367        0.10473        0.00030        0.00257        0.56355       94.02388        0.01076        0.06740       15.28979        0.03216        1.15171        0.56089       14.92060        0.05448        0.00000        0.00266      300.00000       25.35602
   53    1    1     8345.39284     2113.64086      706.57834        1.73879       19.82708        0.00048        0.01540        1.03863       27.10000        0.75762        0.70819        1.02638        2.81726        0.00201        0.01074        0.01221        2.03980       12.60924        0.00019        0.00645       19.34748        0.30481        0.15496        2.02478        8.58809        0.01877        0.00811        0.01502      300.00000      140.11564
   54    1    1     2458.46405     1762.13322      908.70070        0.59112       11.67147        0.00017        0.04745        1.69350       15.20000        0.07993        0.06694        1.66762        7.00848        0.01260        0.03046        0.02588        1.71443       39.53206        0.00191        0.01737       13.71020        0.01763        0.12353        1.68425       10.98672        0.02878        0.02740        0.03017      300.00000      112.55762
   55    1    1     4989.58338     1400.80824      655.15025        4.37918       61.05861        0.00455        0.01919        0.29426        3.50000        0.04252        1.43975        0.29481        5.02444        0.00625        0.00203       -0.00049        0.22221       49.26591        0.00296        0.00760       13.44623        0.02601        1.53779        0.22198        6.54485        0.01055        0.00144        0.00023      300.00000       71.83826
   56    1    1     2244.78302     9473.73510     3989.92209        3.84052       67.56443        0.00558        0.03222        0.62340       12.10000        9.29913        1.11733        0.61724       16.35522        0.06744        0.01940        0.00621        7.32681       68.77470        0.00577        0.04296       12.26436        0.05239        3.66985        7.29868       16.11413        0.06668        0.00005        0.02813      300.00000       41.75153
   57    1    1     1962.32652     1544.57906      560.64105        0.74371       14.95820        0.00027        0.04913        0.57257        6.30000        0.09875        1.16709        0.56748        3.63604        0.00333        0.03886        0.00513        1.36639       12.38993        0.00019        0.04544        6.01880        0.27506        0.17450        1.36498        9.25751        0.02144        0.04700        0.00141      300.00000      145.66035
   58    1    0      924.55121 12800366.30314  4052245.13220        7.76467      150.92269        0.02782        0.01832        0.86604       16.30000    11007.92006        0.87506        0.85950        5.33842        0.00693        0.00071        0.00657      956.12475        0.00000        0.00000        0.00000      160.34899        0.07204    10053.52561      956.12475        0.00000        0.00000        0.00000        0.00000      300.00000        0.00000
   59    1    1     2519.75934   159793.25620    65165.89959        6.87554      110.19582        0.01483        0.01654        0.08041       27.90000      161.67613        1.71465        0.01991        4.80287        0.00541        0.00242        0.06051      145.35051      109.28825        0.01458        0.01643       27.37785        0.39187       17.69125      145.32802        4.78935        0.00587        0.03979        0.02249      300.00000        3.63691
   60    1    1     1561.26961     1636.82707      578.83629        3.02459       83.19869        0.00845        0.08396        1.26025       13.10000        0.09307        0.47442        1.26014       11.39529        0.03200        0.00220        0.00006        0.39635       78.70743        0.00754        0.06539       13.22359        0.35329        1.07790        0.39554       14.53168        0.05273        0.00115        0.00081      300.00000       62.60858
   61    1    1     1867.60170     6506.21084     2714.41260        3.78798       97.26321        0.01155        0.06897        1.46177       36.70000        5.67204        0.29131        1.44325       10.38731        0.02594        0.05160        0.01854        3.84256      104.86793        0.01340        0.05957       44.33035        0.77964        2.81396        3.84302        3.34844        0.00278        0.07128       -0.00047      300.00000        7.11561
   62    1    1     2732.69046    94319.09036    39739.16821        6.03980      105.88897        0.01369        0.02385        0.26840       17.00000       96.55311        1.47346        0.26110        7.09875        0.01272        0.00036        0.00738       92.59398      103.56467        0.01309        0.02337       17.28180        0.00595        5.69606       92.58631        7.19411        0.01307        0.00010        0.00767      300.00000       16.13427
   63    1    1     2957.28069     2222.37051     1107.08501        6.54501       92.52228        0.01046        0.01395        0.07789       24.00000        0.70215        1.66017        0.07439        2.25235        0.00124        0.01148        0.00351        0.22403       93.07880        0.01057        0.01473       23.74614        0.75179        1.47327        0.21102        2.04883        0.00101        0.00195        0.01301      300.00000        4.59401
   64    1    1     1563.33659     6180.01170     2615.15045        1.24625       27.47332        0.00092        0.05843        1.14683       26.90000        5.33620        0.60150        1.13307       17.67074        0.07537        0.00746        0.01373        6.38447       49.42126        0.00297        0.07675       24.46377        0.46142        0.23258        6.38325       13.58428        0.04613        0.02241        0.00122      300.00000      123.33451
   65    1    1     1384.27996     2306.39426      505.10453        7.54547      193.16337        0.04557        0.03447        0.73449       29.40000        0.81570        1.00090        0.73366       15.36527        0.05802        0.00214        0.00089        1.13024      193.52805        0.04566        0.03468       29.28686        0.98124        0.44037        1.12833       15.36495        0.05912        0.00000        0.00191      300.00000        0.26380
   66    1    1     4605.94278     1553.14151      593.55459        5.14242       54.75763        0.00366        0.01019        1.68138        5.40000        0.01325        0.06373        1.67084       19.57343        0.09708        0.03134        0.01056        1.39837       63.01255        0.00484        0.00855        1.31203        0.00324        0.34916        1.39568       19.49795        0.09535        0.04113        0.00269      300.00000       32.96167
   67    1    1     3915.85545   392182.66983   155299.51677        6.44472       73.30238        0.00656        0.00924        0.50775       35.10000      384.36895        1.22637        0.50819        7.35454        0.01338        0.00048       -0.00053      142.61976       72.98755        0.00650        0.00908       35.12592        0.32047      243.16342      142.61989        7.42629        0.01372        0.00003       -0.00013      300.00000       10.67632
   68    1    1     1228.15484    53653.55702    21927.81337        3.66449      130.76604        0.02088        0.13464        1.12844       46.00000       54.74180        0.62009        1.11447        3.25029        0.00269        0.00144        0.01400        1.91510      132.13488        0.02131        0.14827       47.12511       27.36242       27.18774        1.91371        2.72831        0.00183        0.01335        0.00139      300.00000       28.27698
   69    1    1     1534.39341     1826.10627      766.63572        7.78915      170.10685        0.03534        0.02291        0.11348        7.00000        0.35325        1.62880        0.10576        3.46058        0.00291        0.01230        0.00767        1.85454      170.04009        0.03530        0.02300        6.89113        0.02756        0.22553        1.83464        3.45921        0.00306        0.00000        0.01990      300.00000        0.98039
   70    1    1     2383.48761   144561.45630    59453.11759        7.13200      112.52432        0.01546        0.01494        0.75121       14.40000      145.06862        1.09096        0.64361       12.75002        0.03744        0.00314        0.10763       52.56797      112.68779        0.01550        0.01416       14.84198        0.09396       94.24154       52.46872       12.75109        0.04304        0.00566        0.09925      300.00000        0.58644
   71    1    1     1722.32050    15210.34520     6984.57912        4.66828      144.39775        0.02547        0.09139        0.19053        4.70000       15.34441        1.54634        0.18823        5.58165        0.00781        0.00201        0.00226        2.33948      141.81929        0.02455        0.07322       10.87722        0.00570       14.74366        2.33503        9.29720        0.02109        0.00028        0.00445      300.00000       21.34731
   72    1    1     1715.22758     2562.97218     1081.92785        4.67985      113.02616        0.01560        0.05564        1.15159       14.30000        1.21739        0.58628        1.14829        7.41151        0.01379        0.00048        0.00335        0.89160       98.29996        0.01179        0.06277       19.90015        1.47855        0.59000        0.89211        2.50307        0.00155        0.00451       -0.00051      300.00000       30.27498
   73    1    1     2358.89953     2406.59700      896.49308        8.75083       95.49603        0.01114        0.00341        1.04012       25.70000        0.93717        0.72590        1.00867       13.04740        0.04056        0.01022        0.03144        1.29811       95.61292        0.01116        0.00340       25.68150        0.72091        0.65824        1.29254       13.04766        0.04289        0.03382        0.00556      300.00000        0.84071
   74    1    1     1294.74157   253497.66662    98516.43442        5.49943      194.33526        0.04612        0.10639        0.01544       17.00000      249.56950        1.72006        0.01450        9.34959        0.02148        0.03362        0.00093       67.16845      193.34473        0.04563        0.10738       16.79283        0.05108      184.11228       67.13915        9.62636        0.02381        0.00404        0.02930      300.00000        3.02695
   75    1    1     2387.49960     1525.45977      608.72869        2.37155       37.51944        0.00172        0.02885        1.11259        1.30000        0.01020        0.62169        1.11287        9.56109        0.02256        0.05444       -0.00014        0.30442       60.81276        0.00451        0.02683       13.45387        0.15358        1.34771        0.25027        7.35215        0.01272        0.00229        0.05415      300.00000       73.81897
   76    1    1      935.95206     2589.76528      923.59878        1.72492       61.27283        0.00459        0.14952        0.19444       48.80000        0.93236        1.55731        0.17725       15.80356        0.06011        0.01109        0.01722        1.71026      118.75012        0.01717        0.30077        8.12905        0.08573        0.76253        1.69963        8.56017        0.01774        0.01523        0.01064      300.00000      103.27646
   77    1    1     2595.33944     1521.48930      580.31315        6.30212      105.71857        0.01365        0.02072        0.83806        8.10000        0.06237        0.90444        0.83012       13.50267        0.04428        0.00300        0.00792        1.03447      105.26010        0.01350        0.02065        8.38972        0.26607        0.50746        1.02366       13.50516        0.04415        0.00021        0.01081      300.00000        5.17368
   78    1    1     1982.36613     1431.63538      752.94244        8.58380      121.01479        0.01789        0.00639        0.63446        7.00000        0.00394        1.11733        0.61724        6.16045        0.00913        0.00001        0.01715        1.31279      121.27625        0.01795        0.00633        7.01685        0.00326        0.43929        1.29598        6.16073        0.00914        0.00038        0.01682      300.00000        0.96662
   79    1    1     2250.14062     1526.73899      585.38395        4.00985       84.21856        0.00866        0.04521        0.45868        7.60000        0.06770        1.27557        0.45900        3.11346        0.00239        0.00136       -0.00035        0.69915       71.11858        0.00617        0.03139        7.35692        0.07494        1.02817        0.69950        8.67477        0.01859        0.00116       -0.00034      300.00000       23.58105
   80    1    1     1644.89415   154327.17118    63176.61058        4.71070      107.95992        0.01424        0.04991        1.34460       36.80000      155.53375        0.45022        1.28434        2.41660        0.00152        0.01726        0.06029       38.04132       91.29646        0.01017        0.08858       30.66889        0.12491      119.07488       37.99029       14.48733        0.05455        0.01700        0.05103      300.00000       41.68188
   81    1    1     1623.15398     1662.41297      572.42024        0.52634        9.57149        0.00011        0.04028        0.26298       39.20000        0.10228        1.47448        0.26009        2.98527        0.00224        0.00790        0.00298        1.08106       75.49639        0.00693        0.13649       24.08429        0.34804        0.29134        1.07855        9.43362        0.02231        0.00410        0.00252      300.00000      116.77177
   82    1    1     2914.03592     4205.19196     1975.16261        5.90113       96.93291        0.01148        0.02148        1.13532        8.30000        3.06028        0.63958        1.09499        3.51878        0.00293        0.07854        0.04040        4.03285       92.91325        0.01054        0.02317        6.33241        0.02142        0.74053        4.03170        3.74361        0.00344        0.11763        0.00115      300.00000       17.76016
   83    1    1     1800.57614     1955.12828      529.37776        2.80941       69.73143        0.00594        0.06930        0.69909       15.60000        0.33381        1.03981        0.69475       18.17373        0.08061        0.10735        0.00431        0.48479       65.70565        0.00524        0.06201       19.50851        0.67250        0.98914        0.41429       17.89964        0.07484        0.04739        0.07050      300.00000       53.57241
   84    1    1     1971.44247     1897.86910      750.97027        4.94921      131.38586        0.02108        0.06499        1.52572       19.30000        0.28726        0.22785        1.50671        7.77130        0.01541        0.00026        0.01904        0.85788      128.99158        0.02029        0.05760       22.05810        0.44986        0.72735        0.85086        8.27590        0.01729        0.01231        0.00702      300.00000       20.14469
   85    1    1     3386.16939     1666.36133      730.68945        5.05467       72.40012        0.00640        0.01865        1.62437       13.30000        0.14447        0.14289        1.59168        9.49404        0.02321        0.02097        0.03270        0.94489       48.98727        0.00292        0.01769       12.34749        0.66326        0.32160        0.88924       11.26263        0.02983        0.00078        0.05565      300.00000        9.98950
   86    1    1     1586.74612     4167.98617     1715.26231        0.73807       14.72578        0.00026        0.04835        1.73558       17.60000        3.17642        0.00742        1.72714       13.16307        0.04205        0.01576        0.00849        0.76896       25.09191        0.00077        0.11304       27.27505        0.29073        3.84138        0.75125        4.23966        0.00432        0.00666        0.01771      300.00000      152.43374
   87    1    1     4084.08562     1437.54933      569.10890        3.86347       46.35818        0.00262        0.01496        0.47621       20.80000        0.02950        1.25951        0.47505        3.48591        0.00304        0.00011        0.00110        1.20390       31.32829        0.00120        0.00632       27.52772        0.07874        0.48863        1.20351        4.99787        0.00615        0.00103        0.00039      300.00000       39.78688
   88    1    1     1905.08894     5172.77534     2309.98288        4.72527       91.92411        0.01032        0.03590        1.74512       32.40000        4.12739        0.02345        1.71112       13.42655        0.04646        0.03571        0.03398        4.50785      102.77654        0.01290        0.07188       32.68853        0.23838        1.18393        4.43990        5.07161        0.00673        0.00268        0.06795      300.00000       28.89052
   89    1    1     2630.99500     1693.63802      795.47624        7.87142      100.84163        0.01242        0.00763        0.59662       11.90000        0.02478        1.18463        0.54994       13.54300        0.04332        0.01506        0.04657        0.56959      100.57912        0.01235        0.00729       12.26729        0.02944        1.16994        0.56042       13.54287        0.04641        0.04943        0.00917      300.00000        1.28194
   90    1    1     1432.45294     5218.24737     2295.50893        6.51498      189.54564        0.04388        0.05950        0.77572       28.10000        4.18163        0.96046        0.77410        3.98388        0.00397        0.01866        0.00161        5.25313      188.23017        0.04308        0.05871       28.67119        0.23121        0.45229        5.23431        3.96919        0.00402        0.00139        0.01882      300.00000        1.82352
   91    1    1     2228.05503     1517.51155      602.65694        0.59305       14.60769        0.00026        0.07384        0.86685        3.60000        0.00318        0.87120        0.86336        7.59440        0.01409        0.00595        0.00353        0.69384       49.82075        0.00303        0.01775       33.60963        0.11005        0.99287        0.68432        8.33567        0.01759        0.00024        0.00952      300.00000      101.77895
   92    1    1     7992.76659     1699.39857      753.21556        3.44181       46.77543        0.00267        0.01989        1.71580       18.40000        0.12562        0.01954        1.71503        5.58525        0.00767        0.00429        0.00083        0.96520       50.74170        0.00313        0.01893       22.05726        0.33899        0.54113        0.96491        9.70388        0.02348        0.00462        0.00028      300.00000      122.60872
   93    1    1     1362.98680     1670.59368      612.59853        1.00086       33.36853        0.00136        0.13440        1.21451       21.80000        0.03428        0.57467        1.15989        6.62454        0.01142        0.00490        0.05465        0.43710       32.10993        0.00125        0.08339       32.43394        0.15704        1.25099        0.38888       11.47787        0.03420        0.01157        0.04822      300.00000      144.71560
   94    1    1     2737.28785     1598.20305      656.28416        2.50916       38.92387        0.00185        0.02754        0.35250       30.70000        0.04633        1.44989        0.28468        8.44906        0.01669        0.00240        0.06783        0.24027       16.73295        0.00034        0.01744       36.40601        0.07038        1.52804        0.20412        5.07698        0.00612        0.03461        0.03616      300.00000      110.77111
   95    1    1     5051.69044     6807.90432     3025.98754        2.29315       37.20911        0.00169        0.03047        0.68892       22.10000        6.47022        1.12151        0.61305        2.85104        0.00213        0.00111        0.07591        6.40646       48.36554        0.00285        0.00487       24.88087        0.15578        1.68130        6.36742        8.05669        0.01539        0.04939        0.03904      300.00000        4.69675
   96    1    1     1885.08429     3962.74061     1499.64139        5.31570      136.81216        0.02286        0.05804        0.53929       35.00000        2.49867        1.19977        0.53479        9.80445        0.02345        0.01207        0.00451        2.43055      138.84208        0.02353        0.05462       35.79952        0.80564        1.01042        2.42025        9.75117        0.02303        0.00637        0.01030      300.00000       12.90689
   97    1    1     2684.47962     2357.52930      973.15758        6.57597       99.10412        0.01200        0.01574        1.58300       17.00000        1.14597        0.15120        1.58337       18.09730        0.08088        0.00617       -0.00037        1.73215       99.88069        0.01218        0.01645       16.43825        0.05824        1.09340        1.72795       18.09698        0.08234        0.00020        0.00420      300.00000        0.55734
   98    1    1     1636.71402     6013.50096     2787.65141        0.99812       21.96943        0.00059        0.05858        1.20791       23.80000        5.29143        0.53240        1.20216        3.72482        0.00338        0.01030        0.00581        5.25501        5.43304        0.00004        0.06301       23.89345        0.25059        1.47541        5.24904       13.36138        0.04500        0.01553        0.00596      300.00000      160.11182
   99    1    1     1531.95782     8049.88480     3642.53950        3.97674      121.95144        0.01816        0.09669        1.50083       49.40000        7.40925        0.27472        1.45984       10.34976        0.02771        0.00726        0.04103        7.48003      118.86328        0.01716        0.08051       49.77772        0.45522        1.24447        7.45122       11.57654        0.03443        0.02280        0.02881      300.00000       18.81003
  100    1    1     2050.57026     1514.97399      574.16158        2.64051       37.84534        0.00175        0.02334        1.37743       30.40000        0.06773        0.39566        1.33891        1.94959        0.00098        0.00165        0.03845        1.29130       39.45844        0.00189        0.04386       15.71547        0.03459        0.44732        1.28517        8.40253        0.01718        0.03238        0.00613      300.00000      115.94454
