    1    1    1     1676.03331     1682.40749      687.99382        0.19939        4.70096        0.00003        0.06786        1.61199        7.90000        0.08162        0.14930        1.58526        9.70539        0.02417        0.00025   -33197.35711        0.69619       19.03119        0.00044        0.05756       16.97236        0.50527        0.60863        0.69654       12.66827        0.03989        0.02724       -0.00035      300.00000      163.17303
    2    1    1     3184.86908     1503.23059      638.61645        5.28469       89.61291        0.00981        0.02531        1.31246        2.90000        0.06494        0.42179        1.31278        7.07537        0.01244        0.03137       -0.00038        0.77120       91.74559        0.01025        0.02462        3.06531        0.02018        1.03838        0.74139        7.02245        0.01268        0.00080        0.02982      300.00000       41.67968
    3    1    1     2756.86904    12584.39971     5484.11174        6.22891       99.38868        0.01206        0.01903        1.03176       16.10000       12.86761        0.70904        1.02552        3.41218        0.00283        0.00254        0.00626        6.62743       98.28280        0.01180        0.01782       17.03966        0.76195        7.21501        6.62676        3.40190        0.00289        0.00797        0.00066      300.00000        6.03697
    4    1    1     2193.18290     1435.91500      693.57219        2.23157       41.30052        0.00208        0.03975        0.52335       14.30000        0.02854        1.21960        0.51497        6.94206        0.01170        0.00287        0.00833        0.50522       31.76694        0.00123        0.03973       10.10176        0.03594        1.22799        0.49417        8.45068        0.01728        0.00050        0.01105      300.00000       95.08613
    5    1    1     1560.34174    18878.16359     9012.07751        1.82686       49.07407        0.00294        0.08519        1.30560       40.90000       19.03937        0.42847        1.30610        7.00795        0.01216        0.04389       -0.00047       11.33793       46.01008        0.00259        0.06473       42.81101        0.35819        9.08732       11.33748        9.70488        0.02318        0.04368        0.00044      300.00000      110.06238
    6    1    1     2507.26545     2178.75228      574.36148        6.56837      109.53639        0.01465        0.01931        1.01743       25.50000        0.65302        0.73412        1.00044       17.27844        0.07186        0.00025        0.01696        0.92907      107.96304        0.01423        0.01957       25.55640        0.95551        0.50401        0.92821       17.27881        0.07456        0.01369        0.00086      300.00000        2.69684
    7    1    1      847.21747     1917.39960      814.88836        8.13946      301.15946        0.11077        0.05643        1.58516        8.40000        0.00325        0.18055        1.55401       13.95171        0.04638        0.00000        0.03115        0.30828      301.36297        0.11060        0.05671        8.30546        0.00423        1.42503        0.30847       13.95206        0.04843        0.02927       -0.00019      300.00000        0.04556
    8    1    1     2070.72782    39826.46169    16239.04150        7.99947      126.62795        0.01958        0.01102        0.76959       43.20000       40.13299        0.99224        0.74232        4.86721        0.00608        0.00607        0.02723       26.05168      126.73633        0.01959        0.01114       43.21592        0.62242       15.22053       26.02449        4.86575        0.00608        0.00615        0.02718      300.00000        1.21299
    9    1    1     2509.51976     1483.55413      750.59144        6.91319      108.90816        0.01449        0.01582        0.65182       25.70000        0.03166        1.09622        0.63835       13.83237        0.04862        0.02319        0.01351        0.71642      109.19247        0.01454        0.01570       25.72285        0.03358        1.02068        0.71204       13.82805        0.04666        0.03424        0.00439      300.00000        1.54579
   10    1    1     2544.53401     1738.35373      638.95320        5.02840      119.60863        0.01747        0.05163        0.84861       16.80000        0.17479        0.88763        0.84694        5.68965        0.00810        0.00201        0.00165        0.83597      115.52906        0.01628        0.04710       18.71683        0.78541        0.29244        0.83515        6.38583        0.01002        0.00302        0.00082      300.00000       72.14799
   11    1    1     2602.22697     1680.77654      643.75828        1.71104       22.89916        0.00064        0.02123        1.58661       26.00000        0.18293        0.17538        1.55919       14.69896        0.05546        0.05942        0.02751        0.18560       29.38752        0.00105        0.02279       18.28666        0.14268        1.59307        0.17507       16.46674        0.06871        0.06779        0.01053      300.00000      111.67324
   12    1    1     4541.52822     2596.91435      620.53901        4.86795       66.46974        0.00540        0.01738        1.46239       30.60000        1.19069        0.27979        1.45478       12.09948        0.03698        0.00016        0.00763        1.78484       40.96250        0.00205        0.00559       43.55924        0.94081        0.24389        1.78530        5.27933        0.00690        0.00869       -0.00045      300.00000       26.83830
   13    1    1     2409.47901     2739.92840     1175.04416        2.66030       74.27801        0.00674        0.08847        0.33731        2.30000        1.28919        1.44064        0.29392        5.18191        0.00695        0.03029        0.04344        0.63427       62.21271        0.00473        0.02034       27.41659        0.14289        2.28491        0.63333       12.50287        0.03841        0.07405        0.00094      300.00000       46.51651
   14    1    1     2588.41443     1711.26379      543.15430        2.37507       23.41339        0.00067        0.01120        1.47643       19.60000        0.33747        0.26160        1.47296       13.79873        0.04781        0.01927        0.00342        0.51759       16.83022        0.00035        0.03230       14.92134        0.28733        1.27098        0.50342       11.73889        0.03325        0.01266        0.01417      300.00000      160.72762
   15    1    1     1716.58113     1741.76332      570.01500        0.41727       12.33870        0.00019        0.10660        1.71170        7.00000        0.24365        0.02665        1.70791        4.16453        0.00436        0.01306        0.00381        1.36181       35.63521        0.00155        0.03778       11.13535        0.40592        0.20677        1.36207       17.11793        0.07284        0.01955       -0.00026      300.00000      133.42865
   16    1    1     1606.45874   302270.24842   121688.22604        4.68535      114.62455        0.01605        0.05705        1.25874       23.00000      298.89323        0.47523        1.25933       12.86488        0.04101        0.00023       -0.00049      115.52987      112.56106        0.01545        0.14236       16.55445        0.04338      184.99540      115.52424        3.63773        0.00333        0.01170        0.00563      300.00000       23.98730
   17    1    1     2051.41298     1753.36614      763.33347        4.40037      100.38911        0.01231        0.05126        1.47700       17.10000        0.02043        0.30862        1.42594       13.16034        0.04502        0.01588        0.05113        1.72949      106.24044        0.01369        0.06217       18.10109        0.02298        0.07425        1.65934       10.81091        0.02730        0.00062        0.07015      300.00000        5.40137
   18    1    1     1227.26137     3074.67350     1337.37493        7.42683      218.75327        0.05844        0.04751        1.41506       14.20000        1.81221        0.39286        1.34170       13.86532        0.04485        0.01100        0.07334        0.99334      218.56147        0.05801        0.04746       14.57452        0.40075        2.19259        0.95398       13.86481        0.04968        0.04011        0.03936      300.00000        0.26981
   19    1    1     1564.81565     3313.56929     1457.80619        6.14835      168.32193        0.03460        0.05693        0.77326       15.10000        1.99701        0.99520        0.73937        5.52693        0.00727        0.00757        0.03395        1.51290      167.16860        0.03406        0.05798       14.59785        1.03363        1.18840        1.50882        5.57531        0.00781        0.03706        0.00408      300.00000        1.09044
   20    1    1     1267.76493     2095.38254      735.10525        2.32255       66.62288        0.00542        0.09508        1.08662       20.00000        0.57505        0.65105        1.08351       11.42779        0.03194        0.01418        0.00308        1.29422       57.40959        0.00400        0.11930       13.01401        0.06485        0.93756        1.29446        9.70269        0.02341        0.01599       -0.00024      300.00000      104.86936
   21    1    1     1439.92847    27282.28882    11221.17719        1.08946       34.39662        0.00144        0.12030        0.19357       42.60000       28.15418        1.54265        0.19192       18.64927        0.08531        0.00062        0.00160       14.03130       30.77906        0.00115        0.05573       33.02209        3.40344       12.43718       14.03190       25.46939        0.16085        0.00845       -0.00059      300.00000      139.79434
   22    1    1     6559.89946     8771.24513     4160.77869        3.24642       37.36839        0.00171        0.01448        1.51335       10.80000        8.66409        0.22659        1.50797       17.48713        0.07702        0.00522        0.00530        3.98852       34.96458        0.00149        0.00619       12.71444        0.01173        6.36931        3.97139       20.89584        0.11128        0.01391        0.01713      300.00000       52.04997
   23    1    1     2070.08325     3425.81143     1743.79744        7.05517      132.26456        0.02137        0.02156        0.52819       18.00000        1.94543        1.22466        0.50991        9.87954        0.02490        0.00935        0.01832        1.16190      131.49895        0.02103        0.02268       17.57030        0.24754        2.28140        1.15026        9.88495        0.02479        0.01612        0.01164      300.00000        1.40733
   24    1    1     4612.02607     1930.12687      841.05513        0.10489        1.28027        0.00000        0.01819        0.04012       12.00000        0.46994        1.69434        0.04023        4.28674        0.00453        0.02994       -0.00010        0.89739       16.74479        0.00034        0.01108       14.85015        0.70060        0.60315        0.87934       11.80298        0.03351        0.01101        0.01805      300.00000      111.58085
   25    1    1     1852.11753     2397.26295      921.29479        7.71076      140.62612        0.02415        0.01647        0.21403        8.40000        1.10338        1.54418        0.19038       14.66169        0.05148        0.00064        0.02364        1.34166      140.61583        0.02415        0.01646        8.41174        0.27233        1.24266        1.32295       14.66113        0.05485        0.00222        0.01871      300.00000        1.73205
   26    1    1     2990.79490     1488.89037      671.54202        5.92599       96.89323        0.01147        0.02118        1.06288        3.60000        0.02040        0.69363        1.04094       14.96421        0.05369        0.00276        0.02201        1.51129      101.31875        0.01249        0.02023        3.47198        0.03618        0.22373        1.49497       14.96763        0.05395        0.00815        0.01632      300.00000       25.45971
   27    1    1     4926.68122     1687.00219      583.55965        3.36725       60.55330        0.00448        0.03502        1.16900        7.00000        0.31353        0.56508        1.16948        6.54221        0.01062        0.00978       -0.00052        0.94769       61.18592        0.00457        0.01301       10.05296        0.14987        0.96140        0.94306       10.25032        0.02563        0.00534        0.00463      300.00000       96.53395
   28    1    1     1292.13802    93542.43772    39028.06544        4.22708      130.62898        0.02084        0.09579        0.40642       37.30000       95.36204        1.32764        0.40693        7.85646        0.01528        0.00003       -0.00048       48.43573      108.29167        0.01431        0.16119       25.48840        0.04755       48.46871       48.43283       20.24381        0.10026        0.00030        0.00290      300.00000       40.14865
   29    1    1     2509.01509     1379.61016      631.60139        8.36614      102.37499        0.01280        0.00549        0.07140        0.80000        0.00231        1.67192        0.06264        1.21363        0.00037        0.00302        0.00884        1.04107      102.06769        0.01271        0.00553        1.08204        0.00083        0.69672        1.03936        1.22838        0.00038        0.01009        0.00171      300.00000        3.03171
   30    1    1     1727.80668     2339.40160      815.81856        4.21194      113.44148        0.01572        0.07288        0.77504       28.60000        0.74741        0.97248        0.76208       10.73593        0.02784        0.02486        0.01295        1.31272      112.28369        0.01539        0.08942       24.39307        0.43886        0.75679        1.27480        9.84298        0.02299        0.00007        0.03792      300.00000        6.25325
   31    1    1     2537.81942     1718.06586      777.46076        4.88258       95.72291        0.01119        0.03575        0.61997        3.40000        0.11278        1.11615        0.61842       13.66859        0.04674        0.00023        0.00154        0.38869      102.24965        0.01271        0.05286        3.09185        0.07638        1.38102        0.38897       10.76933        0.02883        0.00233       -0.00028      300.00000       33.67442
   32    1    1     1473.71170    72674.36068    29836.53595        1.17643       21.09322        0.00054        0.03872        1.09619       25.40000       73.45317        0.65071        1.08385       22.51062        0.12249        0.03221        0.01231        2.83586       20.43808        0.00051        0.17733       36.06958        1.83921       70.29266        2.83480       30.82938        0.23750        0.01096        0.00106      300.00000      149.78399
   33    1    0       31.44628******************************        1.66997       43.05011        0.00226        0.07890        0.04227       14.79990618703817.50699   -13818.54094        0.04039        7.75984        0.01508        0.03412        0.00191473055547.66509        0.00000        0.00000        0.00000       49.73045        0.00100145634455.55996473055547.66509        0.00000        0.00000        0.00000        0.00000      300.00000        0.00000
   34    1    1     2531.12808     5643.04690     2508.35605        7.23992      104.77254        0.01341        0.01217        0.17911       14.40000        5.27774        1.56014        0.17443       13.18638        0.04241        0.00191        0.00467        3.83809      104.55326        0.01333        0.01223       14.42342        0.33733        2.83647        3.83853       13.18644        0.04315        0.00630       -0.00044      300.00000        2.35449
   35    1    1     1580.04364     1805.47066      817.78041        0.97188       27.73648        0.00094        0.09854        1.32256       10.20000        0.01317        0.41187        1.32269       12.95302        0.04139        0.04014       -0.00009        1.42961       44.11152        0.00236        0.06644       15.96318        0.13037        0.20544        1.39431       19.08285        0.09391        0.00048        0.03530      300.00000      113.51067
   36    1    1     1422.69991     2181.24584      862.27131        5.45215      185.76867        0.04215        0.09964        0.59938       34.40000        0.45261        1.13459        0.59998        8.13996        0.01642        0.02700       -0.00055        0.65517      186.62887        0.04225        0.10137       32.51621        0.49744        1.04160        0.64142        9.27596        0.02077        0.01319        0.01374      300.00000       14.10688
   37    1    1     3109.59272     1760.33853      797.96659        0.80177       21.27601        0.00055        0.08545        0.89511        6.90000        0.10125        0.84375        0.89082        7.08449        0.01225        0.00438        0.00432        1.42581       38.21767        0.00178        0.00623       28.25374        0.06677        0.38750        1.42553       13.65506        0.04649        0.00817        0.00028      300.00000       84.91394
   38    1    1     1770.13727     2619.50517      941.31366        3.70913       84.91794        0.00881        0.05521        0.43984       16.40000        1.22123        1.29523        0.43933       10.87961        0.02912        0.01179        0.00043        2.40363       89.49499        0.00975        0.05918       16.01304        0.25065        0.30330        2.40120       10.22912        0.02562        0.00910        0.00243      300.00000       40.62176
   39    1    1     1362.80165     1951.65002      496.12563        0.25626        6.46432        0.00005        0.07767        0.67049       25.40000        0.40059        1.06642        0.66815       14.33103        0.05147        0.01564        0.00227        0.91410       43.03676        0.00224        0.13372       37.22355        0.65669        0.53226        0.90048       12.46913        0.03951        0.00380        0.01363      300.00000      146.97512
   40    1    1     1628.47988     1825.79677      504.55970        1.49792       42.13522        0.00217        0.09447        1.52933       10.20000        0.26872        0.22523        1.50934       14.08216        0.05065        0.00085        0.02000        0.74451       75.81380        0.00701        0.05663       28.24189        0.25706        1.03285        0.74380       14.03102        0.04916        0.02420        0.00070      300.00000       78.10023
   41    1    1     1044.66239     5961.31200     2535.87113        0.75092       23.14806        0.00065        0.11540        0.20973       46.50000        4.96324        1.57993        0.15463        5.81379        0.00795        0.00772        0.05506        2.35552       51.11918        0.00317        0.25094       39.27023        1.05276        3.20357        2.30274        5.78102        0.00869        0.00998        0.05278      300.00000      164.70407
   42    1    1     2155.92023     1642.22194      563.11908        3.36223       70.71503        0.00611        0.04792        1.49501       11.50000        0.05468        0.24024        1.49432       19.73348        0.09576        0.00002        0.00068        0.27172       69.13641        0.00582        0.04754       12.52727        0.30044        1.21435        0.27093       20.15127        0.09981        0.00005        0.00080      300.00000       27.34712
   43    1    1     2756.08133     3797.18276     1307.41772        8.70742       84.47394        0.00872        0.00278        1.20230       35.80000        2.58643        0.55790        1.17667       11.19766        0.02998        0.01354        0.02566        2.94164       84.71531        0.00876        0.00276       35.78738        0.81229        0.59319        2.91548       11.19767        0.03216        0.01085        0.02616      300.00000        0.80898
   44    1    1     2808.12896     6109.16024     2846.15278        0.06619        1.58618        0.00000        0.07013        0.01331       24.70000        5.46745        1.72336        0.01120        8.18985        0.01680        0.02082        0.00210        4.93633       32.04853        0.00125        0.00819       38.12828        0.26103        2.04024        4.92680       14.07503        0.05014        0.01469        0.00953      300.00000      118.73087
   45    1    1     1784.00577     3097.96431     1088.36048        6.83882      149.34497        0.02724        0.03100        1.42242       21.30000        1.65968        0.35328        1.38128       10.26069        0.02723        0.13320        0.04114        1.09118      150.31767        0.02754        0.03111       21.14286        1.19651        1.10757        1.08981       10.26131        0.02633        0.17383        0.00137      300.00000        1.08355
   46    1    1     3153.71895     1418.11199      662.99009        1.46384       14.49573        0.00026        0.01172        0.75385       15.20000        0.01386        0.98104        0.75353       10.00311        0.02495        0.00002        0.00030        0.79912        9.69248        0.00011        0.01354        7.85041        0.00672        0.93401        0.79961       11.23530        0.03121        0.00096       -0.00048      300.00000      143.69528
   47    1    1     2897.70591     1830.62960      711.50069        7.61788       90.34258        0.00997        0.00721        0.30278        9.70000        0.43179        1.47796        0.25660       11.83716        0.03310        0.00699        0.04619        1.02128       90.24172        0.00992        0.00725        9.69861        0.46266        0.72183        0.98188       11.83702        0.03322        0.01364        0.03940      300.00000        1.86440
   48    1    1     1765.71355    11805.22362     5090.96145        5.47966      149.50350        0.02730        0.06362        0.34977       32.90000       11.57742        1.40449        0.33007        8.56204        0.01872        0.00609        0.01958        3.49921      153.03742        0.02859        0.06741       31.29836        6.81978        3.01457        3.47401        8.43324        0.01701        0.00085        0.02520      300.00000       16.49842
   49    1    1     2417.93477     3105.05084     1336.55563        1.58310       24.32342        0.00072        0.02811        0.70128       10.40000        1.98035        1.05389        0.68067       12.03039        0.03698        0.00607        0.02062        1.54599       21.41394        0.00056        0.01766       11.29177        0.11396        2.08016        1.52344       13.36208        0.04279        0.00629        0.02255      300.00000      131.46515
   50    1    1     4634.04679     1490.22012      584.06805        5.34975       61.88943        0.00468        0.01167        0.97645        2.10000        0.00588        0.79650        0.93807        8.67732        0.01786        0.02430        0.03844        0.81660       72.60730        0.00643        0.02093       15.05517        0.04862        0.89358        0.80198        4.69752        0.00561        0.04557        0.01462      300.00000      111.87017
   51    1    1     2449.98919     4213.22066     1869.59388        4.15639       79.29024        0.00768        0.03677        1.42191       17.40000        3.28546        0.31567        1.41889        3.50990        0.00301        0.00480        0.00301        1.32413       73.61005        0.00661        0.02832       19.05403        1.32729        2.37847        1.31733        6.22379        0.00942        0.00105        0.00680      300.00000       16.85462
   52    1    1     2716.40522     3392.18595     1578.90568        5.45704       95.85400        0.01122        0.02646        0.02552        6.90000        2.17041        1.70865        0.02592        9.81477        0.02393        0.00247       -0.00030        1.53108       99.75657        0.01215        0.03527        7.12954        0.16357        2.21073        1.53117        7.40203        0.01351        0.00234       -0.00009      300.00000       24.59806
   53    1    1     1776.74596     2752.44979      791.49292        5.94313      146.98380        0.02639        0.04832        1.27987       16.50000        1.53000        0.45572        1.27885        8.15943        0.01636        0.00287        0.00103        1.92381      146.02847        0.02591        0.04776       17.10953        0.76886        0.57364        1.92316        8.15522        0.01660        0.00294        0.00066      300.00000        1.50719
   54    1    1     2812.37197     3329.39565     1415.45682        2.39855       39.59047        0.00191        0.03136        0.79359       22.50000        2.26488        0.96003        0.77454        2.47649        0.00157        0.00025        0.01908        1.95795       24.69939        0.00074        0.01411       19.64875        0.72107        1.34372        1.93972        7.53629        0.01366        0.00233        0.01822      300.00000       93.24090
   55    1    1     1439.37753     1657.08595      596.06990        1.85538       42.39637        0.00220        0.06158        0.31827       26.10000        0.05001        1.45987        0.27470       15.64122        0.06336        0.03142        0.04356        0.79081       49.78844        0.00301        0.09030       17.05170        0.02592        0.97871        0.76284       13.44773        0.04318        0.05477        0.02797      300.00000      119.12422
   56    1    1     2595.48601     2892.93336     1159.93586        6.41645      103.34322        0.01304        0.01864        0.89016       15.80000        1.82023        0.84770        0.88686        6.56384        0.01082        0.00593        0.00335        0.80738      102.79948        0.01288        0.01918       15.49562        0.11087        2.63680        0.80665        6.56510        0.01076        0.00864        0.00073      300.00000        0.94885
   57    1    1     1246.67831     7023.75336     3117.38247        1.76401       55.33511        0.00374        0.11644        0.28744       35.20000        6.02171        1.45978        0.27479       14.89311        0.05360        0.00285        0.01269        1.09356       36.41907        0.00160        0.13185       60.07950        3.96979        2.74182        1.07459        4.52597        0.00492        0.00201        0.01897      300.00000      123.38841
   58    1    1     1499.65661     2715.43128      860.93485        6.74476      179.08418        0.03917        0.04693        1.26490       16.70000        1.52666        0.47130        1.26326        0.97703        0.00023        0.00997        0.00162        2.29319      179.52352        0.03918        0.04661       16.89590        0.28437        0.68924        2.28795        0.98570        0.00024        0.00635        0.00524      300.00000        0.30428
   59    1    1     2243.28735     1909.06982      780.17074        4.15667       70.16263        0.00601        0.02879        0.83303       17.00000        0.21849        0.90103        0.83354       22.16807        0.12157        0.00609       -0.00054        0.48319       94.13289        0.01080        0.06676       20.90675        0.77144        0.70476        0.48368       17.07554        0.07238        0.00569       -0.00049      300.00000       25.53651
   60    1    1     1364.58445    18897.28607     8227.25296        8.67395      169.25160        0.03499        0.01151        0.34648       17.20000       19.72459        1.40150        0.33306       16.82696        0.07194        0.00561        0.01339       14.49371      169.40381        0.03499        0.01170       17.08030        0.05004        6.91476       14.49415       16.82638        0.07003        0.02141       -0.00044      300.00000        0.67023
   61    1    1     3101.42296     2589.03305      357.05079        6.95189       86.18337        0.00907        0.00970        1.47422       30.60000        1.16860        0.34982        1.38474        9.04394        0.02158        0.00551        0.08952        1.20716       84.85972        0.00878        0.00986       30.63825        1.33438        0.36157        1.20734        9.03888        0.02032        0.09644       -0.00018      300.00000        2.36792
   62    1    1     2277.27061     1822.97723      727.51995        1.48597       26.99098        0.00089        0.03940        1.41187       33.90000        0.43341        0.32273        1.41183        5.63038        0.00781        0.01877        0.00011        1.37126       41.94431        0.00215        0.02702       26.08426        0.18587        0.60219        1.35390       13.49245        0.04640        0.00000        0.01736      300.00000      110.71377
   63    1    1     4791.10452     1414.78651      676.88677        0.18866        1.06867        0.00000        0.00392        0.99539        2.50000        0.02896        0.73869        0.99588       10.15614        0.02559        0.00755       -0.00049        0.63061       12.27487        0.00018        0.00501        1.90151        0.00390        1.12992        0.62451       10.91248        0.03002        0.00046        0.00610      300.00000      158.27298
   64    1    1     1842.71408     1949.69522      622.87174        7.52076      143.32452        0.02509        0.01927        1.72262       19.10000        0.39793        0.03175        1.70282       12.39094        0.03921        0.01234        0.01983        0.70528      143.34401        0.02502        0.01940       19.05752        1.43135        0.02744        0.67363       12.39096        0.03951        0.00022        0.03165      300.00000        1.54371
   65    1    1     1602.99731     2133.94858      608.97494        6.69591      166.45700        0.03384        0.04164        0.48305       16.40000        0.61270        1.28409        0.45047       14.52006        0.05019        0.00810        0.03260        0.78734      167.34652        0.03411        0.04158       16.27606        0.35264        1.22556        0.76885       14.52070        0.05069        0.02168        0.01850      300.00000        0.63382
   66    1    1     2324.63366     1547.25064      631.41032        0.60725       14.46301        0.00026        0.06903        0.68210        4.20000        0.01346        1.06124        0.67332       10.22576        0.02537        0.00002        0.00876        0.08067       20.79160        0.00053        0.01899       20.21706        0.03204        1.66580        0.07426       14.75383        0.05297        0.00048        0.00641      300.00000      153.69112
   67    1    1     4135.37925     6494.96611     3255.13458        0.74759       12.19936        0.00018        0.03234        0.98094       24.40000        5.90767        0.75337        0.98119       18.49722        0.08506        0.00195       -0.00023        6.88518       27.27274        0.00091        0.00332       22.57233        0.03574        0.75452        6.88536       17.79856        0.07816        0.00367       -0.00018      300.00000       94.38062
   68    1    1     1912.39278   213242.39502    83798.94779        3.66053       60.39768        0.00446        0.02879        1.39571       32.80000      213.94869        0.33836        1.39621       10.60969        0.02785        0.01989       -0.00051       66.67712       63.15598        0.00486        0.08685       37.07905        0.11815      148.82371       66.67534       11.66146        0.03334        0.01977        0.00178      300.00000       70.62925
   69    1    1     2144.85121     1529.96293      729.57159        6.45010      124.07678        0.01880        0.02639        1.23129       24.60000        0.06204        0.51257        1.22199        7.30878        0.01295        0.05773        0.00928        1.68530      123.86129        0.01873        0.02610       24.78360        0.07179        0.04663        1.67864        7.30058        0.01345        0.05979        0.00666      300.00000        0.25942
   70    1    1     1870.89376     2635.15990      645.51676        6.19205      142.44316        0.02478        0.03985        1.39776       28.70000        1.19088        0.33648        1.39808        6.49823        0.01043        0.00006       -0.00039        1.11893      142.80815        0.02471        0.03842       29.24710        1.33661        0.47120        1.11931        6.44538        0.01027        0.00010       -0.00038      300.00000        2.09633
   71    1    1     2695.19557     2234.77843      994.17806        2.50028       34.81219        0.00148        0.02220        0.36216       31.80000        0.74990        1.38425        0.35031        7.46121        0.01412        0.00600        0.01182        2.06283       37.98238        0.00176        0.02264       25.11466        0.13011        0.25484        2.06296       14.26081        0.05016        0.01778       -0.00013      300.00000       87.93767
   72    1    1     1900.33492     1918.53147      798.12807        1.20015       25.95671        0.00082        0.05631        0.98209        6.80000        0.34109        0.76479        0.96978       10.50617        0.02668        0.03600        0.01228        0.55804       35.93452        0.00157        0.04535       13.39368        0.17514        1.36772        0.53021       13.56711        0.04395        0.01600        0.02782      300.00000      112.19487
   73    1    1     1698.65001     1494.75814      632.90292        6.51946      157.52400        0.03031        0.04100        0.59753        5.90000        0.00215        1.15660        0.57796        3.53418        0.00319        0.00976        0.01958        0.53030      156.25565        0.02979        0.04149        6.02669        0.01301        1.19641        0.52738        3.47459        0.00303        0.02651        0.00292      300.00000        0.25486
   74    1    1    11302.11332     1506.04841      566.21768        4.34554       48.89544        0.00292        0.01254        1.29986       12.50000        0.13294        0.43425        1.30032        1.36362        0.00046        0.02155       -0.00041        0.85123       56.17655        0.00385        0.00810       16.51464        0.29088        0.72892        0.85126        3.31091        0.00270        0.01884       -0.00003      300.00000       67.46518
   75    1    1     3272.74442     2667.39975      819.68292        1.99824       20.43730        0.00051        0.01227        0.64832       21.30000        1.50333        1.08940        0.64517       10.09597        0.02492        0.02662        0.00314        1.99790       15.32563        0.00029        0.01581       14.86354        0.84602        0.42716        1.97995        5.23592        0.00659        0.01160        0.01795      300.00000      122.49462
   76    1    1     1547.40798     1699.53124      610.73754        6.68030      173.98923        0.03697        0.04588        0.78047       25.20000        0.09342        0.95356        0.78101       18.77436        0.08721        0.01475       -0.00052        0.37781      174.04260        0.03695        0.04613       25.18526        0.20783        1.24180        0.37833       18.75455        0.08729        0.01446       -0.00053      300.00000        0.75912
   77    1    1     5760.69787    49754.66596    21061.76389        7.19112       44.56155        0.00243        0.00226        1.54450        8.80000       51.28957        0.19761        1.53696        7.09671        0.01272        0.02677        0.00753       13.99375       43.30607        0.00229        0.00216        9.41367        0.03868       38.99290       13.99280        7.09350        0.01236        0.03377        0.00095      300.00000        7.94369
   78    1    1     2654.04083     1920.80469      615.67852        4.27952      101.16071        0.01250        0.05575        1.51576       18.80000        0.36719        0.23013        1.50444        5.10391        0.00630        0.03190        0.01139        0.56324       82.41319        0.00824        0.02936       31.43436        1.06368        0.54439        0.52030        6.49482        0.00998        0.00062        0.04294      300.00000       37.37365
   79    1    1     3369.70191     1603.76343      639.28394        2.51564       36.83258        0.00166        0.02452        0.56284       18.70000        0.16169        1.17732        0.55725        6.02069        0.00883        0.04614        0.00559        1.28259       52.71131        0.00339        0.01096       17.00254        0.06625        0.54519        1.27710       10.51550        0.02786        0.04678        0.00549      300.00000       40.29116
   80    1    1     2048.80144     1814.44859      667.26752        7.76417      129.52071        0.02049        0.01350        1.53552       34.10000        0.19286        0.20977        1.52479       16.82031        0.07170        0.04104        0.01068        1.08084      129.63605        0.02052        0.01367       34.06035        0.21764        0.64791        1.06173       16.82047        0.06798        0.03631        0.01911      300.00000        0.43581
   81    1    1     7399.79253    21219.37201     9400.46714        0.37156        4.08070        0.00002        0.01471        1.31977       29.30000       22.07511        0.41451        1.32006       13.15434        0.04301        0.00022       -0.00034        6.41820       35.51808        0.00153        0.10916       43.95028        5.24981       12.04021        6.41737       13.53407        0.04502        0.00342        0.00083      300.00000      101.70588
   82    1    1      865.94195     2256.22743      578.05089        8.46692      279.90813        0.09569        0.03779        1.41983       24.80000        0.68739        0.34174        1.39283       12.06712        0.03479        0.03098        0.02695        1.68246      280.02832        0.09558        0.03789       24.82283        0.38031        0.38852        1.65318       12.06671        0.03474        0.02871        0.02928      300.00000        0.22180
   83    1    1     2555.43570     8897.59327     3910.53758        3.32865       47.75772        0.00279        0.02236        0.65385       18.30000        9.02749        1.08359        0.65098        7.03212        0.01241        0.00312        0.00291        6.94440       40.95075        0.00205        0.02441       19.05962        2.16871        1.65619        6.94200        5.16182        0.00652        0.00335        0.00239      300.00000       77.38118
   84    1    1     1563.74496     1472.09311      682.14650        7.20650      171.28530        0.03583        0.03316        0.27188       16.80000        0.02652        1.46334        0.27122        7.40927        0.01370        0.01613        0.00062        0.54307      171.24131        0.03573        0.03325       16.80061        0.02133        1.20764        0.53211        7.41258        0.01330        0.00625        0.01096      300.00000        0.85786
   85    1    1     1585.36674     1893.45757      610.18086        0.06129        1.25857        0.00000        0.05150        0.65089       14.60000        0.33296        1.08638        0.64819       10.40089        0.02713        0.03102        0.00279        0.70564        6.65159        0.00005        0.11088       26.49310        1.03205        0.29158        0.68702        9.40096        0.02124        0.01846        0.01862      300.00000      175.89816
   86    1    1     1722.50389    38078.65289    16744.14219        0.92912       20.39022        0.00051        0.05831        0.65578       16.80000       39.40475        1.12837        0.60619        3.18499        0.00263        0.00240        0.04953        3.10576       38.08050        0.00177        0.03746       35.85117        1.30430       36.76641        3.05472       11.15303        0.02932        0.00775        0.05104      300.00000      141.20267
   87    1    1     1589.33654     5453.45483     2493.57365        4.78385      149.24192        0.02720        0.09166        1.07666       29.10000        4.26123        0.65741        1.07715        7.10747        0.01253        0.04892       -0.00045        1.96692      148.94637        0.02690        0.09316       28.02850        0.36307        3.67052        1.95896        7.68078        0.01491        0.04012        0.00796      300.00000       10.41689
   88    1    1     1545.45699     1586.11482      648.91472        2.28943       65.47100        0.00524        0.09464        1.36198       13.30000        0.01059        0.40921        1.32535        7.61680        0.01497        0.00037        0.03667        0.48786      104.46647        0.01323        0.06277       29.71409        0.04157        1.27653        0.46679        2.29435        0.00135        0.01370        0.02106      300.00000       59.21575
   89    1    1     7821.17557     1738.95676      639.01673        0.06289        0.76260        0.00000        0.01796        0.73023        7.00000        0.34279        1.01451        0.72005        8.01478        0.01556        0.00280        0.01021        0.15893        8.15535        0.00008        0.01034        9.59530        0.67808        1.24356        0.15812        9.13339        0.02083        0.01203        0.00081      300.00000       85.55281
   90    1    1     2109.87487     1710.31429      739.69776        4.78162      131.43993        0.02110        0.07119        0.73110        7.80000        0.00564        1.05604        0.67852        5.57341        0.00732        0.00382        0.05252        0.50310      126.78749        0.01963        0.06315       15.18902        0.01471        1.23343        0.50116        5.77580        0.00818        0.05401        0.00194      300.00000       47.29408
   91    1    1     1296.28114     4553.50161     2079.67815        5.07300      201.75079        0.04971        0.14345        1.08912       30.50000        3.05299        0.66801        1.06655        7.00844        0.01177        0.03460        0.02255        3.76782      193.61634        0.04573        0.13445       32.14438        0.09814        0.98055        3.71212        9.35203        0.02278        0.00017        0.05570      300.00000       19.91945
   92    1    1     2955.55249     1755.89356      672.65114        3.38483       58.13146        0.00413        0.03190        1.05497       15.90000        0.25207        0.69110        1.04346        9.78252        0.02315        0.04508        0.01158        1.21185       31.97767        0.00125        0.01235       21.11956        0.15511        0.69195        1.16369        9.42257        0.02305        0.00684        0.04816      300.00000       61.06503
   93    1    1     2933.15826    10149.34363     4874.31846        4.32566       70.57487        0.00608        0.02643        0.28602        3.40000        9.93832        1.48827        0.24630        4.16656        0.00449        0.01329        0.03965        6.01176       62.07798        0.00471        0.02663        7.24220        0.00815        5.67493        5.98291        8.68308        0.01937        0.01734        0.02884      300.00000        4.42142
   94    1    1     2077.41644     1990.56865      469.59771        6.98381      128.79777        0.02026        0.02128        1.40029       15.70000        0.51596        0.33665        1.39792       18.92865        0.08979        0.05990        0.00233        1.19178      128.44244        0.02011        0.02110       15.94189        0.43467        0.63905        1.17721       18.92816        0.09112        0.04631        0.01457      300.00000        1.43198
   95    1    1     1802.09815     2447.79326     1042.74018        1.21294       29.88747        0.00109        0.07306        1.34019        4.70000        1.10993        0.43084        1.30372        3.17911        0.00261        0.04685        0.03645        1.83689       43.71769        0.00232        0.04739       11.05000        0.00583        1.01606        1.83619        6.97876        0.01216        0.08391        0.00071      300.00000      108.63611
   96    1    1     4404.67185     1815.58015      600.44449        3.86370       54.52991        0.00363        0.02070        0.63997       15.60000        0.44086        1.10562        0.62894       11.95006        0.03620        0.00334        0.01094        0.63931       51.18451        0.00320        0.00861       21.68318        0.63397        0.90961        0.63661       13.04862        0.04167        0.01396        0.00270      300.00000       35.12529
   97    1    1     1950.13302     1572.12504      720.81526        8.11965      129.57365        0.02051        0.01060        0.68570        7.20000        0.08608        1.05841        0.67616        6.19310        0.00971        0.00549        0.00951        1.63496      129.25297        0.02037        0.01051        7.52234        0.05338        0.13369        1.63381        6.19308        0.00959        0.01398        0.00115      300.00000        1.16863
   98    1    1     2253.30048    11013.18857     5112.89769        7.37138      118.06263        0.01702        0.01431        1.57756        8.30000       11.35379        0.17215        1.56241        5.22235        0.00694        0.00235        0.01523        6.53636      117.58881        0.01688        0.01480        7.75325        0.01920        6.53509        6.53359        5.22463        0.00685        0.01496        0.00277      300.00000        1.48722
   99    1    1     3246.79673    40708.40660    17123.10490        5.44595       77.33598        0.00730        0.01732        0.31449        9.00000       41.91092        1.50049        0.23407       14.85236        0.05132        0.02480        0.08047        2.66665       61.96034        0.00468        0.02858       16.01964        0.01991       40.98812        2.65872        9.19626        0.02137        0.09730        0.00792      300.00000       16.06662
  100    1    1     1598.34852     2019.35644      795.48800        1.92453       36.83468        0.00166        0.04308        0.52064        5.70000        0.29512        1.21376        0.52080       24.47598        0.14906        0.00128       -0.00019        0.88479       33.99382        0.00140        0.12483       10.33414        0.27299        0.85484        0.88293       18.69833        0.08572        0.00005        0.00185      300.00000      122.34723
