    1    1    1     1765.72312    11643.23071     5221.44162        0.21909        4.33310        0.00002        0.04775        1.47342       30.40000       11.67952        0.28203        1.45253       12.40714        0.03935        0.00028   -33197.36293        2.23528       24.19578        0.00071        0.04858       41.71859        2.76757        8.43917        2.22603       10.45257        0.02649        0.00456        0.00925      300.00000      163.32397
    2    1    1     1433.13090     1702.51952      549.69290        1.08068       25.36825        0.00079        0.06651        1.37281       30.50000        0.18555        0.40700        1.32757        9.77150        0.02257        0.00091        0.04523        1.18026       28.95149        0.00102        0.12684       21.55263        0.19648        0.54150        1.14006        3.48417        0.00288        0.00717        0.04020      300.00000      144.90808
    3    1    1     5330.41506     1834.57824      892.21551        5.07447       48.54853        0.00288        0.00830        0.43626       20.90000        0.27736        1.29802        0.43654        6.92235        0.01183        0.00638       -0.00028        0.22178       36.23281        0.00160        0.01798       34.16803        1.53274        0.25797        0.22057        4.07893        0.00416        0.00479        0.00121      300.00000       50.89174
    4    1    1     2514.40346    19440.44073     8683.08565        5.27798      110.94987        0.01503        0.03894        1.28245       49.90000       20.51296        0.46115        1.27341        3.96089        0.00381        0.00171        0.00901        2.08099      114.69962        0.01603        0.03902       50.47623        0.21366       19.95370        2.08079        3.33808        0.00278        0.00986        0.00020      300.00000       37.92596
    5    1    1     1427.70305     5320.56471     2582.45736        6.72595      187.13353        0.04277        0.05177        1.31159       21.40000        4.02650        0.43064        1.30392        6.04892        0.00924        0.02796        0.00770        3.45215      187.12009        0.04266        0.05208       21.32613        0.19973        2.12997        3.43119        6.03038        0.00929        0.01457        0.02096      300.00000        0.73978
    6    1    1     1125.37598     1534.23261      599.87198        8.19275      224.77357        0.06171        0.03023        1.47148        6.90000        0.00235        0.26355        1.47102        9.15808        0.02092        0.00010        0.00045        0.66868      224.86829        0.06155        0.03047        6.75963        0.00242        1.06652        0.66788        9.15833        0.02062        0.00007        0.00080      300.00000        0.29580
    7    1    1     2691.21898     1560.45027      618.22606        4.95355      106.20626        0.01378        0.04237        1.59670        4.30000        0.01545        0.13765        1.59691        5.51846        0.00752        0.04781       -0.00020        1.05705      114.46620        0.01593        0.03982       11.40317        0.02532        0.71380        1.01639        3.15341        0.00257        0.00678        0.04066      300.00000       61.82353
    8    1    1     4393.56704     2345.76798      900.58423        3.19323       28.86028        0.00102        0.00896        1.59625       16.10000        1.21617        0.16295        1.57162        6.04391        0.00874        0.00775        0.02465        0.87414       27.62549        0.00093        0.00697       22.84366        0.19611        1.91681        0.84553        3.23401        0.00250        0.00438        0.02861      300.00000       73.73453
    9    1    1     1841.41645    40992.37057    17129.73268        0.39495        7.74665        0.00007        0.04691        0.59194       22.70000       43.00633        1.15521        0.57936        3.65886        0.00340        0.03109        0.01263        0.94642        8.18793        0.00008        0.05048       32.11918        0.83211       42.97307        0.89470       11.15430        0.03235        0.00045        0.05172      300.00000      174.83868
   10    1    1     2669.91715   108389.85582    42869.02679        4.22207       83.62800        0.00854        0.03938        0.93190       24.40000      109.46656        0.80266        0.93190       12.50079        0.03852        0.03744        0.00007       13.10148       68.31030        0.00569        0.02512       31.18015        0.26248       97.88824       13.06772       12.12811        0.03790        0.00414        0.03376      300.00000        1.23872
   11    1    1     1457.87534     3426.21573     1424.88431        6.55314      184.30218        0.04149        0.05512        1.16911       25.50000        2.02607        0.59005        1.14452        5.50062        0.00775        0.06583        0.02454        2.26679      183.89137        0.04123        0.05460       25.81070        0.35404        1.23039        2.17701        5.51031        0.00704        0.00134        0.08978      300.00000        0.88509
   12    1    1     1794.80244     2816.47327     1234.69407        1.89404       45.42924        0.00252        0.06774        0.56478       16.50000        1.43644        1.19728        0.53729        7.77118        0.01442        0.00000        0.02747        1.53236       33.63916        0.00138        0.04899        8.11054        0.00945        1.66415        1.52903        3.64343        0.00333        0.02350        0.00333      300.00000      105.81077
   13    1    1     2932.33010   435046.50767   170475.96999        6.76985       94.37932        0.01088        0.01286        0.32622       15.20000      426.14336        1.41320        0.32137       15.72685        0.06032        0.00996        0.00485      261.90712       94.24546        0.01085        0.01304       14.78377        0.12544      165.85714      261.89511       15.73985        0.05990        0.00339        0.01201      300.00000        4.06887
   14    1    1     1710.38891     1531.06160      650.91563        5.87012      153.66191        0.02884        0.05485        1.68677        1.20000        0.09193        0.05686        1.67770        8.30901        0.01747        0.00727        0.00905        0.78951      153.35773        0.02870        0.05408        0.92459        0.00245        1.03944        0.78456        8.53333        0.01833        0.01149        0.00495      300.00000        3.73191
   15    1    1     1931.57188    99740.44029    38918.49092        8.24278      130.73934        0.02088        0.00985        1.21782       34.40000      101.80747        0.52486        1.20970       17.27062        0.07242        0.00014        0.00821       50.67811      130.72234        0.02087        0.00989       34.35957        0.13100       52.73351       50.67747       17.26899        0.07334        0.00674        0.00064      300.00000        0.24172
   16    1    1     1873.54375     4296.20975     1829.70950        4.21796      101.20909        0.01251        0.05781        0.62984       23.30000        3.24061        1.12654        0.60802        9.82883        0.02471        0.00183        0.02183        2.94031       88.80819        0.00963        0.07175       21.73538        0.74303        1.28835        2.94011        8.05024        0.01596        0.02481        0.00020      300.00000        9.11295
   17    1    1     1127.08491     4657.36642     2076.10176        8.49566      214.69316        0.05629        0.02170        0.20213       21.70000        3.47368        1.58999        0.14457       10.55322        0.02903        0.02034        0.05759        2.97924      214.68415        0.05612        0.02179       21.74766        0.29480        1.93488        2.97868       10.55273        0.02739        0.07895        0.00057      300.00000        0.05892
   18    1    1     2730.48337     2786.21140      643.20031        7.68617       96.02530        0.01126        0.00780        1.11229       27.30000        1.55702        0.63469        1.09988        9.18246        0.02038        0.00011        0.01240        1.90341       95.96832        0.01124        0.00771       27.31665        0.81248        0.57547        1.90369        9.18389        0.02083        0.01240       -0.00028      300.00000        1.25113
   19    1    1     2141.26486     1549.87491      622.26319        2.51363       46.48247        0.00264        0.03913        0.83160        9.30000        0.04826        0.92982        0.80475       13.43101        0.04629        0.00568        0.02683        1.37179       47.06319        0.00270        0.04244        2.49523        0.01512        0.43741        1.33947       11.46200        0.03382        0.00013        0.03232      300.00000       81.68335
   20    1    1     2643.85011     1905.78080      712.42328        0.31149        7.22225        0.00006        0.06559        1.04062       13.90000        0.33631        0.70128        1.03329       11.72396        0.03341        0.02270        0.00731        1.24096       36.79316        0.00165        0.01018       31.66679        0.29591        0.59791        1.21684       13.86940        0.04927        0.00409        0.02412      300.00000      115.15771
   21    1    1     2601.99144     1668.83356      762.13584        1.29417       21.55885        0.00057        0.03332        1.55246       34.50000        0.09381        0.18573        1.54883        3.28729        0.00271        0.00083        0.00360        1.39589       20.44937        0.00051        0.01348       36.33142        0.14413        0.28752        1.39635        9.66948        0.02311        0.00479       -0.00046      300.00000      140.25057
   22    1    1     2410.56876     1862.92551      737.48808        1.81863       37.32941        0.00170        0.04976        1.03701       19.20000        0.28593        0.69756        1.03700       15.39938        0.05846        0.01437       -0.00005        0.41931       43.13437        0.00227        0.02151       17.52665        0.53809        1.08158        0.41930       16.71907        0.06959        0.01245        0.00001      300.00000       82.25880
   23    1    1     2109.20752     3934.11277     1670.28250        0.01205        0.21619        0.00000        0.03930        0.36974       20.20000        2.93163        1.36861        0.36595        9.58001        0.02306        0.00145        0.00384        0.28951       12.87147        0.00020        0.03461       24.47507        0.85765        3.53310        0.28665        8.15554        0.01669        0.00202        0.00287      300.00000      165.74421
   24    1    1     1714.77531    16932.67677     7334.43884        1.11612       23.35489        0.00067        0.05281        0.18578        9.00000       17.58241        1.58929        0.14527        1.32099        0.00041        0.02045        0.04062        7.64734       14.56357        0.00026        0.04335       16.60948        0.03276       11.70725        7.58768        1.85501        0.00081        0.00006        0.05966      300.00000      149.72752
   25    1    1     2322.19692     1741.21227      635.79528        1.65139       43.18687        0.00228        0.08125        0.71080        5.80000        0.20815        1.03119        0.70337        9.73936        0.02395        0.09606        0.00739        0.35854       48.14020        0.00283        0.02276       22.09313        0.13098        1.57953        0.26856       15.13710        0.05310        0.00594        0.08998      300.00000       85.70975
   26    1    1     2345.77762     1653.60498      600.02300        4.47632       99.37605        0.01206        0.04813        0.94726       15.00000        0.03889        0.79803        0.93653       16.82031        0.07170        0.04104        0.01072        1.40220      104.01580        0.01318        0.04587       21.09109        0.02910        0.36079        1.39674       15.57554        0.05910        0.04688        0.00546      300.00000       29.04980
   27    1    1     2273.33414     1586.41612      659.17704        2.89077       61.43320        0.00461        0.05055        0.94436        9.80000        0.11104        0.80812        0.92644        8.09183        0.01575        0.00113        0.01785        0.67416       53.98651        0.00355        0.02806       22.34190        0.58382        0.61560        0.66187        9.96309        0.02519        0.00519        0.01229      300.00000       55.21094
   28    1    1     1950.38474     1462.60249      623.03580        4.28988      103.56879        0.01310        0.05809        0.94846        7.40000        0.02043        0.80201        0.93256        3.72484        0.00353        0.00000        0.01597        0.75469      111.36152        0.01513        0.06070        1.69545        0.01088        0.98602        0.75526        2.41253        0.00144        0.01674       -0.00057      300.00000        7.57600
   29    1    1     1884.32846     2451.96693      945.36849        4.40192      115.79379        0.01638        0.06814        1.34567       11.40000        1.15651        0.41840        1.31616        5.16658        0.00686        0.00577        0.02951        1.34839      107.83778        0.01413        0.06170       11.41677        0.23377        1.32908        1.32865        7.76587        0.01540        0.01525        0.01974      300.00000        9.85874
   30    1    1     5523.32300    32627.20329    13144.09838        1.52247       15.76503        0.00030        0.01279        1.62227       28.80000       34.11338        0.12372        1.61085       15.19387        0.05585        0.04555        0.01144        0.78430       33.49736        0.00137        0.00223       23.35918        0.68443       34.39716        0.75677       18.27355        0.07975        0.02462        0.02753      300.00000       94.82252
   31    1    1     1606.81675     1754.09538      562.67956        0.11188        2.04484        0.00001        0.04079        1.45978       34.30000        0.18851        0.29031        1.44425       10.30777        0.02561        0.00007        0.01545        0.97701       54.26324        0.00356        0.13732       24.21313        0.63219        0.23261        0.96716        8.41297        0.01792        0.00447        0.00985      300.00000      146.71736
   32    1    1     3435.72577    12892.08029     5735.62281        0.62735       17.90379        0.00039        0.09908        0.27070       32.90000       13.00606        1.56984        0.16473       14.65118        0.05694        0.00057        0.10594        5.05223       17.85001        0.00039        0.00363       52.76160        0.72157        9.08456        5.02365       15.76987        0.05936        0.08185        0.02858      300.00000      140.07272
   33    1    1     4662.81915     1615.52413      698.97373        5.70353       83.15175        0.00844        0.01751        1.36231        7.00000        0.00244        0.40133        1.33324       11.92024        0.03651        0.05762        0.02910        1.27444       81.86871        0.00817        0.01767        7.08682        0.00303        0.51297        1.22102       11.92196        0.03698        0.03293        0.05341      300.00000      129.37460
   34    1    1     3652.63233     4585.49397     1750.30984        0.66597        7.67546        0.00007        0.01615        1.08085       22.40000        3.81748        0.69292        1.04165        5.46842        0.00709        0.00001        0.03922        4.86361       31.06460        0.00117        0.02121       15.80600        0.26268        0.42044        4.85362        8.12862        0.01673        0.02872        0.00999      300.00000      126.99637
   35    1    1     1353.97309     8142.95593     3906.68909        8.10378      187.74471        0.04305        0.02250        0.92632       17.50000        7.77007        0.80817        0.92640       15.42373        0.05868        0.00121       -0.00007        1.39107      187.44494        0.04291        0.02234       17.67794        1.67893        6.43444        1.39159       15.42374        0.05896        0.00136       -0.00052      300.00000        0.65185
   36    1    1     1821.89644     1660.04665      725.21853        8.64987      129.15110        0.02037        0.00686        0.07361       14.60000        0.23763        1.66100        0.07356       11.60772        0.03321        0.00429        0.00006        0.96193      128.95289        0.02030        0.00701       14.51950        0.02273        0.98829        0.96105       11.60722        0.03311        0.00360        0.00088      300.00000        0.09230
   37    1    1     3043.19070    90482.13432    37079.66276        6.31223       97.73962        0.01167        0.01762        0.50022       32.10000       91.96046        1.25789        0.47667       14.84289        0.05641        0.00746        0.02365       54.05577       96.39545        0.01135        0.01815       31.78944        0.24193       39.43216       54.02077       14.81590        0.05218        0.00037        0.03501      300.00000       19.85801
   38    1    1     2410.19562     1639.48981      609.53239        4.26531       92.84896        0.01053        0.04735        1.17770        8.70000        0.21634        0.55654        1.17803        5.79769        0.00830        0.00230       -0.00037        1.59942       97.28806        0.01149        0.04164       16.61836        0.17449        0.18972        1.59804        2.53492        0.00158        0.00073        0.00139      300.00000       33.07814
   39    1    1     4136.46468     2899.70215     1349.12009        0.50785        5.43960        0.00004        0.01398        0.60405        3.60000        1.60066        1.13000        0.60457       11.49343        0.03277        0.01550       -0.00045        2.68885       11.94454        0.00017        0.00415       18.35412        0.17669        0.47816        2.68574       12.24024        0.03664        0.01233        0.00312      300.00000      144.12824
   40    1    1     6189.04867     3048.30885     1404.11729        0.49885        5.71316        0.00004        0.01598        0.20776       19.00000        1.78434        1.53147        0.20309        8.64597        0.01823        0.01570        0.00470        2.32530       19.65721        0.00047        0.01179       14.91457        0.09895        1.10441        2.31962        7.93423        0.01586        0.01676        0.00568      300.00000      120.70954
   41    1    1     1366.45797     1998.21985      652.40102        2.68298       61.18044        0.00457        0.05894        0.60725       57.50000        0.36915        1.12872        0.60584       10.67899        0.02852        0.00000        0.00130        1.17776       33.84497        0.00140        0.17108       40.53831        0.19831        0.64554        1.17735        3.51272        0.00304        0.00003        0.00041      300.00000      111.73355
   42    1    1     2192.76961     2148.44701      960.94131        1.82551       21.44563        0.00056        0.01629        0.66856        6.10000        0.43389        1.12793        0.60663       21.12676        0.10465        0.01266        0.06199        0.98940       33.15722        0.00134        0.08864       19.89353        0.23533        0.94107        0.98229       13.52619        0.04447        0.06430        0.00711      300.00000      135.34952
   43    1    1     2207.35363     1876.65053      727.72482        0.16576        4.26162        0.00002        0.08071        0.95040       10.00000        0.24041        0.78558        0.94898       16.09337        0.06477        0.03188        0.00130        0.45262       45.76553        0.00256        0.01491       44.81476        0.48001        1.14398        0.45052       10.53227        0.02778        0.03191        0.00210      300.00000      121.70133
   44    1    1     1636.01894    21706.67619    10022.82336        4.63824      149.36588        0.02725        0.09941        1.45083       38.60000       22.73692        0.28340        1.45116        6.49823        0.01043        0.00006       -0.00028        2.86769      141.98845        0.02457        0.08020       39.18651        1.81181       19.79348        2.86814       11.06549        0.03040        0.00009       -0.00044      300.00000       15.68011
   45    1    0     1697.73551  3229247.14743  1050695.02565        8.13100      101.93696        0.01269        0.00650        0.03330       15.50000     2819.77483        1.71673        0.01784       10.30777        0.02561        0.00007        0.01546      910.96552        0.00000        0.00000        0.00000       94.35212        0.01648     1910.74612      910.96552        0.00000        0.00000        0.00000        0.00000      300.00000        0.00000
   46    1    1     1854.77805     2107.33978      987.48738        6.38877      142.92855        0.02495        0.03618        0.26302       12.60000        0.34782        1.47853        0.25604       20.15568        0.10253        0.01042        0.00697        0.11658      143.01646        0.02497        0.03618       12.62136        1.02899        0.93853        0.11489       20.15569        0.09963        0.01856        0.00169      300.00000        0.10957
   47    1    1     1707.05905     6193.46638     2427.00706        8.49597      139.64014        0.02382        0.00918        0.53393       40.80000        5.43421        1.22360        0.51097        1.85351        0.00082        0.03061        0.02295        0.92761      139.49342        0.02375        0.00918       40.79986        2.91547        3.37731        0.87601        1.86397        0.00090        0.00196        0.05160      300.00000        1.10849
   48    1    1     6144.83768     1573.20144      756.30504        2.97634       42.63770        0.00222        0.02284        0.57412        2.10000        0.00027        1.16546        0.56911        5.07072        0.00627        0.00650        0.00502        1.66211       37.23083        0.00169        0.01155       16.58496        0.01821        0.06946        1.66069        4.25923        0.00445        0.01022        0.00142      300.00000       88.38328
   49    1    1     3004.89311     1424.32528      610.60468        1.79780       19.34308        0.00046        0.01368        0.54209        8.20000        0.02617        1.20930        0.52526        9.71584        0.02272        0.00001        0.01685        1.59217       26.37424        0.00085        0.02405       10.71615        0.02059        0.16011        1.58242        5.82084        0.00821        0.00845        0.00975      300.00000      117.70403
   50    1    1     2102.35981     9909.00655     4391.82562        4.52318      122.29305        0.01827        0.07101        0.58130       24.90000        9.65281        1.15931        0.57525       12.05702        0.03665        0.01560        0.00606        1.45032      118.02981        0.01699        0.05030       29.55115        0.71927        9.23759        1.44177       13.67162        0.04726        0.01321        0.00854      300.00000       33.21015
   51    1    0      980.85439 11908048.92272  3863065.78479        0.80687       15.73442        0.00030        0.04614        0.15375       24.80000    10235.74972        1.58394        0.15063        7.12423        0.01241        0.00162        0.00318     4883.45260        0.00000        0.00000        0.00000       37.36088        0.02479     5353.57760     4883.45260        0.00000        0.00000        0.00000        0.00000      300.00000        0.00000
   52    1    1     2222.86127     2258.89285      688.92389        6.54879      119.29726        0.01738        0.02315        1.44883       27.90000        0.75262        0.29417        1.44040       11.11031        0.02996        0.00806        0.00318        1.16016      119.29958        0.01734        0.02358       27.76691        0.85319        0.47287        1.16072       11.11011        0.03059        0.01643       -0.00056      300.00000        0.65466
   53    1    1     1740.35730     1627.77503      655.62839        6.25322      152.40360        0.02837        0.04418        1.04214        8.70000        0.07011        0.71816        1.01640        8.30353        0.01649        0.00254        0.02576        0.34467      151.86941        0.02810        0.04563        8.08989        0.22980        1.22942        0.34490        8.12641        0.01630        0.02806       -0.00023      300.00000        1.14854
   54    1    1     1243.57646     2379.43914      732.87818        7.45812      216.01793        0.05699        0.04547        1.27875       28.50000        0.94366        0.47670        1.25786        6.45876        0.01066        0.01342        0.02089        0.60616      215.61230        0.05663        0.04597       28.43072        1.32428        0.76248        0.59125        6.47799        0.01012        0.02001        0.01490      300.00000        0.00762
   55    1    0     1184.47220  8641731.15211  2851716.55053        5.43088       95.47170        0.01113        0.02661        1.20630       32.70000     7400.76911        0.53790        1.19667        3.46316        0.00304        0.02657        0.00966      500.76509        0.00000        0.00000        0.00000      110.36035        0.05021     6901.53283      500.76509        0.00000        0.00000        0.00000        0.00000      300.00000        0.00000
   56    1    1     2592.92728     1755.44799      610.53819        3.27524       90.70019        0.01005        0.08361        1.48830        7.30000        0.17203        0.28469        1.44988        8.67732        0.01786        0.02430        0.03114        1.12047       62.00032        0.00468        0.01766       32.33163        0.09562        0.75814        1.11618       10.32962        0.02604        0.05824        0.00429      300.00000       17.75888
   57    1    1     2005.38666     2518.59463      869.45215        5.16256      129.51797        0.02049        0.05638        0.56697       16.20000        1.09258        1.17197        0.56259       15.34829        0.05749        0.00579        0.00427        1.29141      129.79510        0.02048        0.04797       20.61222        0.22926        1.31476        1.29156       15.35649        0.05868        0.00911       -0.00015      300.00000       15.32826
   58    1    1     4530.82349     1760.64676      851.39229        0.36677        4.59227        0.00003        0.01912        0.57559       20.50000        0.04598        1.16928        0.56528       14.05934        0.05007        0.00358        0.01027        1.35440       15.91867        0.00031        0.02065       25.00300        0.19779        0.22452        1.33875       16.33374        0.06429        0.00170        0.01565      300.00000      165.59679
   59    1    1     1308.68695   253933.25771   105727.72110        8.39269      188.81366        0.04354        0.01827        1.46957       27.70000      251.01904        0.26457        1.46999        6.47264        0.01040        0.01065       -0.00045       59.18418      188.66414        0.04345        0.01828       27.67264        0.25528      193.31706       59.18141        6.47585        0.01026        0.00749        0.00277      300.00000        0.28437
   60    1    1     3370.84822    42920.87539    17118.51358        1.40947       32.57772        0.00130        0.06395        1.27297       25.40000       45.24893        0.46127        1.27330       14.51656        0.05238        0.01865       -0.00042        8.39548       25.20790        0.00078        0.01157       17.32043        0.23291       38.41119        8.33692        7.29459        0.01250        0.05502        0.05856      300.00000      104.27644
   61    1    1     4335.19249     8054.55665     3509.11511        6.88371       64.55513        0.00509        0.00565        0.39688       30.60000        7.87034        1.33741        0.39715        6.42702        0.01020        0.00674       -0.00031        2.12371       65.88673        0.00530        0.00548       30.62857        1.01647        6.47068        2.11774        6.42438        0.01040        0.00026        0.00597      300.00000        6.86196
   62    1    1     4888.22039     2094.51612      631.85855        3.68153       59.80570        0.00437        0.02786        1.40470       15.00000        0.72958        0.35254        1.38202        4.73298        0.00573        0.00357        0.02265        0.98870       66.63112        0.00541        0.00847       13.92457        0.72672        0.75168        0.98074       10.78099        0.02937        0.01802        0.00796      300.00000       66.55520
   63    1    1     1978.61444   109184.95470    43376.95654        2.63960       46.26740        0.00261        0.03491        0.46464       36.90000      110.21454        1.28733        0.44723       14.96012        0.05705        0.06607        0.01733       44.96267       23.47375        0.00067        0.03567       48.33714        0.17899       66.80267       44.91657        9.67907        0.02429        0.12217        0.04611      300.00000      118.72271
   64    1    1     2875.53753     1518.23989      621.02696        3.90527       58.72660        0.00421        0.02341        1.45015       15.70000        0.02854        0.31770        1.41686       12.66723        0.03818        0.00115        0.03331        0.30616       59.25494        0.00427        0.02464       18.90777        0.11377        1.35476        0.30656       10.33865        0.02655        0.03321       -0.00040      300.00000       10.79440
   65    1    1     2346.98411     1649.80219      697.95310        5.02702      109.93763        0.01476        0.04365        0.22891        5.50000        0.09816        1.50560        0.22896        9.63345        0.02310        0.00725       -0.00004        1.25045      112.26021        0.01536        0.04207        6.67343        0.00371        0.58453        1.24537        9.64924        0.02344        0.00188        0.00507      300.00000       21.43520
   66    1    1     1887.11359     2882.82774     1108.52119        2.81017       82.71025        0.00836        0.09745        0.86329       26.00000        1.35398        0.88198        0.85258        7.20346        0.01256        0.01398        0.01076        0.56123       32.59348        0.00129        0.03044       37.66949        1.84332        0.76637        0.55524        6.43482        0.01044        0.01851        0.00599      300.00000       83.38670
   67    1    1     1532.12688    10473.52549     4913.19055        2.59139       70.12436        0.00601        0.08343        0.07839       30.50000        9.80956        1.67656        0.05801       11.45660        0.03151        0.00116        0.02033        4.55537       81.72173        0.00815        0.05707       45.42129        1.68977        5.34454        4.55489        6.68756        0.01100        0.02071        0.00047      300.00000       77.31707
   68    1    1     2831.87839     1895.23803      901.34391        4.96366      104.47561        0.01333        0.04078        0.29236       18.40000        0.14793        1.44363        0.29093       14.71502        0.05314        0.02229        0.00141        0.31834      108.20936        0.01424        0.03577       20.63999        0.11975        1.46538        0.30218       14.61068        0.05437        0.00562        0.01617      300.00000       63.24055
   69    1    1     1289.18542     1680.52645      572.05044        3.09175      115.81268        0.01638        0.15499        1.21872        4.10000        0.08975        0.51535        1.21921        6.50769        0.01049        0.00023       -0.00057        0.34457      126.59249        0.01953        0.14414       13.81789        0.08659        1.40310        0.34503        5.65223        0.00790        0.00008       -0.00046      300.00000       15.16008
   70    1    1     4351.70943    67052.60886    27348.42704        0.07898        1.06181        0.00000        0.02207        1.13912       20.10000       68.80948        0.59509        1.13947        4.16749        0.00429        0.01042       -0.00041        1.53747       10.85565        0.00014        0.01278       18.33564        0.49455       68.53036        1.52494        1.45888        0.00054        0.00470        0.01253      300.00000      112.69193
   71    1    1     2783.42897     1975.11791      507.84462        8.67627       85.76854        0.00898        0.00295        1.56718       20.60000        0.58194        0.17089        1.56367        3.54589        0.00307        0.02743        0.00355        0.80868       86.01041        0.00902        0.00299       20.57933        0.83399        0.67326        0.80921        3.54890        0.00313        0.03139       -0.00053      300.00000        1.98810
   72    1    1     4179.18621     2309.33601     1053.21346        1.24322       14.87094        0.00027        0.01720        0.42111       30.50000        0.67485        1.31290        0.42167       12.82439        0.04076        0.15356       -0.00059        1.77810       30.06406        0.00110        0.00902       38.21802        0.07386        0.68542        1.69279        6.34474        0.01061        0.06255        0.08531      300.00000       60.07478
   73    1    1     1379.91910     5411.85330     2410.48676        2.31894       61.10925        0.00456        0.08025        0.83537        6.50000        4.38912        0.90173        0.83284       10.37643        0.02699        0.00015        0.00253        2.76077       68.17080        0.00565        0.19291       29.34806        1.86369        1.37794        2.75755       12.21275        0.03646        0.00074        0.00322      300.00000       77.38321
   74    1    1     1074.10912     1577.25381      552.44091        8.62838      218.78212        0.05846        0.02006        1.22804       16.50000        0.10288        0.50597        1.22860       11.14676        0.03082        0.00355       -0.00053        0.96806      218.71986        0.05834        0.02034       16.34910        0.45179        0.41920        0.96621       11.14623        0.03046        0.00160        0.00186      300.00000        0.23008
   75    1    1     1812.81667     2835.93874      678.35722        3.95034      119.02527        0.01730        0.09357        1.47896       22.80000        1.57541        0.25957        1.47500        4.08713        0.00420        0.00025        0.00406        2.29646      119.60856        0.01746        0.07080       25.56124        0.61270        0.41079        2.29235        9.14131        0.02101        0.00005        0.00411      300.00000       26.16171
   76    1    1     3906.74178    27045.26022    11328.85976        4.33046       74.85928        0.00684        0.02965        1.16696       23.50000       27.67929        0.57095        1.16362       15.36522        0.05771        0.00004        0.00332        1.98942       63.51528        0.00492        0.00981       35.03852        0.17047       27.27776        1.99000       13.97361        0.04839        0.01062       -0.00058      300.00000       34.28917
   77    1    1     1877.35115     2395.57913      317.54120        5.59131      138.73269        0.02351        0.05168        0.90488       22.90000        1.00761        0.83787        0.89670        7.37738        0.01376        0.03406        0.00813        1.72593      137.66521        0.02301        0.05001       23.72859        0.76238        0.29206        1.68974        7.41071        0.01305        0.00692        0.03619      300.00000        6.14650
   78    1    1     1646.33970     1493.93846      625.68429        6.64515      162.43281        0.03222        0.04075        0.58319       10.20000        0.02640        1.15985        0.57471        6.17585        0.00964        0.01463        0.00849        0.39006      162.72607        0.03222        0.04124        9.74184        0.02070        1.35965        0.38015        6.16305        0.00920        0.01361        0.00991      300.00000        0.49384
   79    1    1      927.71243     1808.82530      663.94596        8.86010      238.17191        0.06928        0.01897        1.05298       16.40000        0.13446        0.76683        0.96773       12.44851        0.03598        0.01118        0.08525        0.20444      238.05759        0.06906        0.01910       16.46602        0.35113        1.34032        0.17768       12.44895        0.03703        0.06860        0.02676      300.00000        0.30687
   80    1    1     2931.03008     1719.03666      655.01520        0.05018        0.57281        0.00000        0.01592        1.64112        6.40000        0.14421        0.09714        1.63743       21.82145        0.11633        0.01716        0.00371        0.98376       16.17082        0.00032        0.01417       23.87810        0.13648        0.79243        0.97694       19.24813        0.09009        0.01462        0.00682      300.00000      160.27849
   81    1    1     2898.62198     1739.85275      896.06047        4.13820       56.87772        0.00395        0.01912        0.18746        9.40000        0.15731        1.55386        0.18070        4.29270        0.00448        0.00132        0.00668        0.42867       59.21999        0.00427        0.01467        8.55210        1.11382        0.35145        0.42604        6.17511        0.00933        0.00530        0.00263      300.00000       41.97969
   82    1    1     2139.79902    21832.09446    10528.96670        7.49564      122.92236        0.01845        0.01439        1.28477       28.40000       22.98872        0.44956        1.28501       12.51909        0.03870        0.04823       -0.00026        1.33963      122.96963        0.01843        0.01436       28.41462        0.98429       22.44525        1.29390       12.51793        0.04063        0.00025        0.04573      300.00000        2.06125
   83    1    1     2817.16331     1589.81956      676.89008        4.31460       71.53010        0.00625        0.02732        1.56490        5.10000        0.02336        0.16917        1.56539       14.57008        0.05256        0.03360       -0.00053        1.24247       87.19465        0.00924        0.02791       15.64293        0.04265        0.49912        1.22909       12.04445        0.03503        0.02075        0.01339      300.00000       10.74347
   84    1    1     3432.98979     1448.38994      594.21913        2.27573       29.50261        0.00106        0.01946        1.32509        6.70000        0.04457        0.41516        1.31941        5.82399        0.00826        0.01157        0.00570        0.89346       20.34567        0.00050        0.00835       16.34492        0.45457        0.43341        0.89285        8.53572        0.01792        0.01698        0.00061      300.00000       99.85035
   85    1    1     2880.75760     1559.79902      605.66334        4.87774      104.76378        0.01340        0.04294        1.22286       13.90000        0.08144        0.53416        1.20041        7.47766        0.01431        0.00056        0.02238        1.32144       91.43201        0.01019        0.03151       23.24434        0.04522        0.47221        1.31629        6.57745        0.01055        0.01856        0.00515      300.00000       56.85150
   86    1    1     3107.05821     1498.24335      599.55259        3.93358       52.72788        0.00340        0.01855        0.41455        8.80000        0.07422        1.32611        0.40845        6.42707        0.01006        0.00058        0.00609        1.31826       52.78421        0.00340        0.02316        7.76339        0.06792        0.42048        1.31160        7.49557        0.01417        0.00008        0.00667      300.00000       21.18499
   87    1    1     4822.62444     2796.79811     1245.22748        5.25405       65.28532        0.00521        0.01365        0.78895       10.80000        1.56194        0.95791        0.77665       11.86000        0.03400        0.00142        0.01236        1.02402       67.08327        0.00550        0.01044       15.98399        0.93582        1.34369        1.01888       12.03832        0.03649        0.00714        0.00514      300.00000       72.32872
   88    1    1     1701.66103     1512.57362      624.52851        2.01284       37.33692        0.00170        0.04032        0.88145       27.50000        0.09212        0.85680        0.87777        6.22027        0.00945        0.00332        0.00366        1.15185       39.07473        0.00186        0.06672       19.25517        0.06396        0.59193        1.14638        5.30942        0.00687        0.00199        0.00548      300.00000      122.25321
   89    1    1     1763.68649     1637.88984      631.97093        4.65670      108.66692        0.01442        0.05209        0.36698       12.00000        0.08705        1.37965        0.35491       13.06607        0.04128        0.00220        0.01203        0.68800      118.42847        0.01710        0.06583        9.14204        0.05308        1.08439        0.68063       10.87527        0.02986        0.00541        0.00738      300.00000       18.05917
   90    1    1     1534.33341     1700.76181      624.52170        8.59496      153.41094        0.02874        0.01017        0.69351        9.30000        0.18840        1.04054        0.69402        9.34248        0.02160        0.01504       -0.00046        1.32933      153.66307        0.02882        0.01022        9.16569        0.17669        0.42819        1.31795        9.34251        0.02213        0.00264        0.01137      300.00000        0.42709
   91    1    1     2037.70999     2523.21059      893.11132        7.00590      131.58986        0.02115        0.02194        1.25042       22.30000        1.19467        0.48977        1.24480        6.85344        0.01183        0.00318        0.00560        1.64884      132.27427        0.02132        0.02200       22.18197        0.31047        0.97104        1.64746        6.86655        0.01179        0.00750        0.00138      300.00000        0.77785
   92    1    1     1181.13943     1542.87912      597.22582        8.62273      198.75886        0.04825        0.01664        1.69203        5.90000        0.04789        0.04305        1.69152       11.35349        0.03216        0.02475        0.00051        0.90591      198.59726        0.04815        0.01663        6.10644        0.02086        0.86943        0.89229       11.35392        0.03276        0.01103        0.01362      300.00000        0.24211
   93    1    1     1164.80392     3162.52213      979.05557        7.82162      225.52673        0.06212        0.03942        1.24630       36.90000        1.64094        0.51730        1.21726        6.45882        0.00995        0.00599        0.02899        2.00126      225.52397        0.06202        0.03951       36.90172        0.68554        0.70973        1.98024        6.46128        0.01002        0.01395        0.02102      300.00000        0.15866
   94    1    1     2566.94549     6910.78571     2457.52770        6.20884      105.46868        0.01359        0.02166        1.21790       44.90000        6.11137        0.51730        1.21726        7.34468        0.01327        0.07451        0.00071        3.00504      104.39126        0.01327        0.02111       44.93201        2.46185        2.44696        2.93725        7.52436        0.01482        0.00652        0.06779      300.00000        3.29904
   95    1    1     2421.13999     5345.53080     2024.46235        1.84068       29.73596        0.00108        0.03079        1.40656       30.00000        4.24471        0.34062        1.39394       21.36102        0.11585        0.00360        0.01271        3.92546       49.96472        0.00305        0.02578       37.69906        0.87911        1.15658        3.92445       23.29785        0.13336        0.01988        0.00101      300.00000       92.13746
   96    1    1     4070.79340     1934.39523      782.04818        2.61628       17.98338        0.00039        0.00538        0.77432       13.10000        0.65076        0.97701        0.75755       11.08038        0.02956        0.00019        0.01680        1.98787       20.01275        0.00049        0.01090       15.75145        0.05706        0.34773        1.98802        8.10803        0.01636        0.01719       -0.00015      300.00000      106.53824
   97    1    1     3560.82872     3578.18525     1776.93122        6.27413       85.64135        0.00896        0.01380        0.29287       20.80000        2.25374        1.44244        0.29213        4.84050        0.00585        0.00021        0.00071        3.25520       84.82233        0.00878        0.01494       20.34613        0.12222        0.61067        3.25446        4.84321        0.00577        0.00029        0.00074      300.00000       24.25352
   98    1    1     1833.48161   233991.05671    95489.31186        5.80669      146.25414        0.02612        0.05136        0.30628       19.90000      234.75334        1.43242        0.30215        8.00400        0.01611        0.00388        0.00416        4.05305      147.52099        0.02652        0.05360       20.21587        0.34308      232.09486        4.04718        7.98763        0.01553        0.00280        0.00587      300.00000       10.86266
   99    1    1     2736.32375     1470.96958      551.69149        5.50977       89.46985        0.00978        0.02243        1.62153        9.50000        0.06287        0.12176        1.61281        7.49994        0.01423        0.00589        0.00869        0.61361       80.95234        0.00800        0.02552       18.23459        0.17057        1.02928        0.61056        0.97142        0.00024        0.01127        0.00304      300.00000        8.28499
  100    1    1     1829.08357     1603.12290      616.37225        3.21571       78.60520        0.00755        0.06543        1.26193       19.90000        0.05180        0.47330        1.26127        6.25318        0.00976        0.00580        0.00060        1.53599       92.82431        0.01050        0.07863        6.40678        0.01518        0.22319        1.53285        5.94291        0.00864        0.00344        0.00314      300.00000       13.00792
