    1    1    1     2151.66532     1787.10886      749.45722        7.49840      126.36213        0.01950        0.01518        0.31208       22.90000        0.40167        1.42356        0.31100        5.65583        0.00799        0.00826   -33197.38283        1.10939      126.07545        0.01937        0.01454       23.22612        0.14682        0.88140        1.10879        5.66186        0.00800        0.00873        0.00060      300.00000        1.41860
    2    1    1     2388.22514     3408.41735     1597.53962        7.10490      113.84380        0.01583        0.01553        0.41452       21.00000        1.91880        1.35092        0.38365       16.18765        0.06741        0.00001        0.03093        1.51099      114.50875        0.01597        0.01537       20.99986        0.36934        1.77252        1.51152       16.18762        0.06498        0.03385       -0.00052      300.00000        1.70780
    3    1    1     2022.74784     2924.16833      846.02578        2.63828       46.75638        0.00267        0.03569        0.85483       19.20000        1.64353        0.87952        0.85505       15.39166        0.05893        0.00003       -0.00020        1.78677       56.10374        0.00383        0.05632       31.99370        0.85683        0.73235        1.78729       12.47896        0.03852        0.00057       -0.00052      300.00000       79.99697
    4    1    1     2183.91793     1754.73424      621.19804        6.78769      124.54493        0.01894        0.02217        1.18184       14.40000        0.43238        0.55364        1.18093        9.48197        0.02210        0.00183        0.00082        1.44938      123.89834        0.01869        0.02202       14.67510        0.11292        0.60612        1.44832        9.48202        0.02246        0.00131        0.00106      300.00000        0.96958
    5    1    1     2422.30755     6351.49696     2866.63314        7.76767      106.81651        0.01394        0.00916        0.85178       25.20000        5.80303        0.88929        0.84527        6.92461        0.01167        0.00256        0.00653        4.91463      106.43648        0.01381        0.00925       25.20376        0.39447        2.23000        4.91311        6.92542        0.01177        0.00748        0.00151      300.00000        2.44194
    6    1    1     2880.55479     3778.09892     1554.54053        2.03418       20.67961        0.00052        0.01210        0.51264       10.80000        2.80406        1.23106        0.50351       13.27357        0.04458        0.00329        0.00922        1.82354       25.49574        0.00079        0.03114       21.43428        0.59704        2.10214        1.82185       13.00302        0.04147        0.01214        0.00168      300.00000      117.17646
    7    1    1     6764.19752     2023.71996      847.53928        0.57216        5.96472        0.00004        0.01323        0.60546       13.50000        0.58337        1.13072        0.60384        8.01612        0.01608        0.00396        0.00163        0.97544       44.48057        0.00241        0.01310       26.26076        0.54301        0.80974        0.97333        4.65991        0.00544        0.00373        0.00211      300.00000       62.70310
    8    1    1     3544.80454     1605.20014      767.73824        7.42044       74.34068        0.00675        0.00551        1.04542       12.90000        0.13346        0.69219        1.04238        4.60445        0.00532        0.01260        0.00298        0.19740       75.42408        0.00694        0.00576       12.59347        0.41742        1.25437        0.19582        4.60148        0.00530        0.01406        0.00158      300.00000        1.92133
    9    1    1     2882.22695     2031.29093      543.61887        4.81933       88.66331        0.00960        0.03174        0.82745       17.70000        0.67174        0.90712        0.82744        2.83108        0.00200        0.01442        0.00007        1.31350       87.46909        0.00934        0.02966       17.46824        0.52254        0.57661        1.30668        4.38923        0.00468        0.00774        0.00682      300.00000       40.57688
   10    1    1     1325.29507     1617.16949      577.32506        7.55648      201.24767        0.04946        0.03716        1.00401        5.80000        0.11204        0.73036        1.00420        7.71810        0.01470        0.01597       -0.00023        1.43085      200.86356        0.04927        0.03731        5.80837        0.07630        0.34272        1.42760        7.71813        0.01495        0.01230        0.00325      300.00000        0.20456
   11    1    1     5736.62819     5393.07783     2502.79927        1.87820       26.64480        0.00087        0.02371        0.51232       23.40000        4.56755        1.26481        0.46975       13.59848        0.04787        0.01190        0.04257        2.10593       35.14772        0.00151        0.00246       38.87523        1.30541        2.97452        2.06500        9.50550        0.02337        0.01582        0.04093      300.00000       40.89303
   12    1    1     2834.89253     1460.22833      598.42856        2.19640       41.58896        0.00211        0.04168        1.66497        7.10000        0.00558        0.06908        1.66549       10.59381        0.02776        0.01338       -0.00045        0.79188       62.33229        0.00473        0.01379       25.44353        0.03956        0.94595        0.78641        9.12767        0.02099        0.00766        0.00547      300.00000       45.71259
   13    1    1     2008.57093     7599.80595     3555.07743        5.04226      131.76986        0.02121        0.06220        0.57657       18.20000        7.02170        1.17403        0.56053        9.84972        0.02470        0.00209        0.01605        1.49427      137.15509        0.02295        0.07077       18.93505        4.46349        2.80408        1.49119        6.82145        0.01168        0.01526        0.00308      300.00000       41.58945
   14    1    1     1993.72764    24029.14699    10131.69299        3.09505       62.64365        0.00479        0.04524        0.18832       38.80000       25.11398        1.58191        0.15265        7.72933        0.01541        0.00001        0.03572       23.28408       64.16244        0.00502        0.05474       37.51394        0.30280        3.26779       23.27927        1.48097        0.00053        0.03472        0.00481      300.00000       58.68473
   15    1    1     2717.93703     1780.15539      718.71853        1.24523       21.38416        0.00056        0.03546        1.47874       21.60000        0.42273        0.25568        1.47888        8.13063        0.01645        0.00001       -0.00011        0.95027       31.76473        0.00123        0.01586       12.11840        0.00820        1.23260        0.95001        2.34993        0.00138        0.00010        0.00026      300.00000      111.16970
   16    1    1     2041.89445     3481.71710     1522.14915        7.83483      129.39326        0.02045        0.01286        0.82173       34.00000        2.13761        0.99236        0.74221        8.55594        0.01704        0.01714        0.07959        2.87222      129.40643        0.02042        0.01260       34.06061        0.42628        0.63738        2.80873        8.55690        0.01913        0.03115        0.06349      300.00000        0.69462
   17    1    1     1288.57494     7266.10489     3402.23209        6.34107      208.09284        0.05289        0.07864        0.73337       17.50000        6.38498        1.00957        0.72500       12.40713        0.03891        0.00202        0.00837        0.81219      206.84719        0.05210        0.07886       17.78077        1.08945        6.22222        0.80838       12.41050        0.03870        0.00685        0.00382      300.00000        1.66423
   18    1    1     2023.38419     1792.11007      768.85176        1.27269       27.26062        0.00091        0.05513        0.52969       22.50000        0.06573        1.28180        0.45276       12.95834        0.04411        0.02177        0.07703        0.34822       81.66135        0.00814        0.04009       29.00659        0.42563        1.05562        0.34533        9.76729        0.02393        0.09750        0.00289      300.00000       71.21497
   19    1    1     1586.18281     1615.41563      650.83456        6.78527      169.91885        0.03526        0.04133        0.47661       20.50000        0.05116        1.25755        0.47701       16.03825        0.06387        0.00801       -0.00041        0.69549      169.50547        0.03504        0.04026       21.12186        0.05332        1.04181        0.69191       16.03719        0.06284        0.00502        0.00358      300.00000        0.28670
   20    1    1     1867.42333     2103.93432      595.95865        6.59651      144.38379        0.02546        0.03305        0.85067       32.90000        0.59516        0.88567        0.84890       20.96219        0.10999        0.00510        0.00174        0.87287      145.15718        0.02566        0.03531       32.17327        0.43929        1.02077        0.86728       20.96190        0.10703        0.00417        0.00560      300.00000        1.86296
   21    1    1     2192.75582     2279.60544     1010.35778        3.47580       77.87310        0.00741        0.05390        0.62331       15.10000        0.71570        1.12339        0.61118       12.11039        0.03546        0.02417        0.01211        1.66684       56.70352        0.00391        0.02815       23.48627        0.30276        0.52486        1.64558       13.24546        0.04485        0.01195        0.02126      300.00000       47.71575
   22    1    1     4608.40230     1793.33695      491.44672        1.38352       29.17884        0.00104        0.05329        0.96622       24.60000        0.28071        0.76982        0.96474        7.48658        0.01402        0.04285        0.00148        1.13851       35.68491        0.00155        0.02099       16.45214        0.43507        0.45007        1.11052       16.37355        0.06401        0.01775        0.02799      300.00000       39.32197
   23    1    1     2258.29151     1475.64533      643.39506        0.37326        7.17594        0.00006        0.04508        1.15334        8.60000        0.01069        0.58084        1.15373        1.64185        0.00067        0.01336       -0.00042        1.41743       16.81524        0.00035        0.02460       18.27607        0.01890        0.32292        1.41783        5.20775        0.00671        0.01315       -0.00040      300.00000      145.85205
   24    1    1     3397.84000     1395.90925      669.25154        6.05590       78.73400        0.00757        0.01307        0.45383        3.30000        0.00193        1.28474        0.44982        9.67241        0.02352        0.00957        0.00404        0.32157       78.08321        0.00744        0.01193        6.10942        0.00730        1.40965        0.32086        9.67308        0.02300        0.01334        0.00071      300.00000        3.81427
   25    1    1     8489.12093     2096.39978      634.79894        0.37694        3.66594        0.00002        0.01154        1.17080       12.00000        0.87193        0.56385        1.17072        3.70190        0.00341        0.05297        0.00002        1.57948        8.58769        0.00009        0.00966       16.62739        0.51025        0.51894        1.57358        6.10080        0.00938        0.04674        0.00590      300.00000      130.29334
   26    1    1     3618.76162     1569.18244      577.96497        4.86627       66.47944        0.00540        0.01740        0.58014       13.50000        0.19171        1.15455        0.58001       10.87753        0.02948        0.01431        0.00018        1.22075       55.38147        0.00374        0.01723       15.82897        0.19955        0.50746        1.21887       11.30333        0.03199        0.01226        0.00189      300.00000       21.00901
   27    1    1     2093.83559     1719.44133      702.73664        2.30024       37.59212        0.00173        0.03089        0.39345       13.70000        0.23260        1.34995        0.38461       10.08698        0.02468        0.02732        0.00882        0.37967       20.16647        0.00050        0.02512       21.83927        0.85873        0.77647        0.34470        8.83784        0.02014        0.00000        0.03496      300.00000      128.41698
   28    1    1     1553.06927     3288.61874     1283.07923        6.85927      173.10684        0.03660        0.04119        0.58535       23.90000        1.82738        1.17424        0.56032       14.78449        0.05602        0.01377        0.02494        0.81494      173.20099        0.03659        0.04118       23.91283        0.95779        1.79759        0.80662       14.78225        0.05304        0.03343        0.00832      300.00000        0.33840
   29    1    1     1579.41143     1608.56054      674.22952        8.68264      144.85977        0.02563        0.00837        0.71565       14.10000        0.03638        1.03918        0.69538       17.49570        0.07820        0.00104        0.02028        1.21262      144.89003        0.02562        0.00842       14.06321        0.01362        0.54794        1.20933       17.49527        0.07483        0.02140        0.00329      300.00000        1.06708
   30    1    1     2646.73630     1668.99783      590.54487        2.12500       39.28521        0.00188        0.03986        1.46324       35.50000        0.21352        0.27194        1.46263        7.99415        0.01572        0.00876        0.00062        0.29238       37.47756        0.00171        0.01750       28.40223        0.20296        1.45472        0.28800       12.47700        0.03915        0.00650        0.00438      300.00000       86.65728
   31    1    1     1529.43116    10268.48937     4439.17328        5.70143      168.51716        0.03468        0.07201        0.48799       53.00000        9.88752        1.27304        0.46152        6.85962        0.01125        0.00033        0.02640        3.72864      169.33464        0.03486        0.07388       52.51657        0.84541        7.06689        3.70692        7.09549        0.01207        0.00508        0.02172      300.00000        3.78503
   32    1    1     1973.58138    17263.22504     7412.95259        0.82641       13.63961        0.00023        0.03304        0.34038       20.60000       18.10127        1.39701        0.33756       12.91369        0.04183        0.01101        0.00273        5.33671        8.78274        0.00009        0.04576       22.62976        0.08230       14.45719        5.33483        2.70325        0.00179        0.00093        0.00188      300.00000      173.21641
   33    1    1     1958.12864     2778.05565      718.22367        1.69389       28.80252        0.00101        0.03430        1.51354       28.40000        1.21439        0.26695        1.46761       21.91714        0.12456        0.00068        0.04597        2.16179       46.18107        0.00259        0.03990       39.44291        0.76864        0.06023        2.15906       17.23375        0.07267        0.04960        0.00274      300.00000      120.62276
   34    1    1     1501.01893     1757.03628      501.59969        8.55124      158.54507        0.03070        0.01128        0.61462       15.60000        0.30808        1.13330        0.60126       13.32203        0.04285        0.00018        0.01338        0.99386      158.35266        0.03058        0.01147       15.51058        0.44996        0.60612        0.98643       13.32214        0.04313        0.00591        0.00743      300.00000        0.55656
   35    1    1     1203.05129   479241.06234   178648.58494        2.48337       52.20073        0.00333        0.05064        0.57340       43.00000      467.56409        1.17186        0.56271       20.22190        0.10363        0.01998        0.01072       18.17716        4.83161        0.00003        0.34421       69.60845        5.53144      445.30365       18.15425       22.61431        0.12253        0.00785        0.02291      300.00000      138.26956
   36    1    1     2079.93117     1662.96821      721.23564        3.30496       76.33990        0.00712        0.05805        0.31938        5.10000        0.15324        1.43120        0.30337        2.41050        0.00140        0.00197        0.01603        1.31586       71.00406        0.00615        0.03132       10.15607        0.01102        0.56449        1.31485       10.36763        0.02641        0.01710        0.00102      300.00000       42.97836
   37    1    1     1745.50434     2067.11787      924.22170        6.99537      153.40173        0.02874        0.02999        0.25257       15.10000        0.46113        1.52486        0.20971       12.15790        0.03827        0.00336        0.04296        1.55616      154.08479        0.02885        0.03080       14.44526        0.01973        0.65991        1.51506       12.15759        0.03823        0.00524        0.04110      300.00000        0.88688
   38    1    1     2427.93595     1866.70835      800.65535        2.05629       45.78488        0.00256        0.05799        1.37649       12.50000        0.35980        0.35763        1.37694        8.48648        0.01782        0.00086       -0.00043        1.06822       64.33357        0.00504        0.02070       24.99170        0.07605        0.96965        1.06858       11.50251        0.03287        0.00061       -0.00036      300.00000       46.91138
   39    1    1      984.08019  1343533.76633  3258732.92417        1.43172       40.25571        0.00198        0.09458        0.85365        5.00000        0.01121        0.88503        0.84954        4.16312        0.00423        0.12407        0.00415    -1439.84439     5193.67563       32.90827      353.63993      757.77009      397.56830      588.19003      678.38944     5321.75071       21.59004       47.91755    -2118.23384      300.00000       61.80088
   40    1    1     1945.68124     1964.07344      901.04475        1.02859       28.33438        0.00098        0.09170        0.44299       23.90000        0.33022        1.29935        0.43521        7.03915        0.01252        0.00225    -2128.12506        0.40282       23.51837        0.00067        0.01942       42.14109        0.35870        1.37439        0.39305        9.66681        0.02265        0.00136        0.00977      300.00000      135.13846
   41    1    1     1228.22917     2815.15229      593.20851        6.49267      219.26042        0.05872        0.08057        1.20957       26.90000        1.30997        0.55338        1.18118       13.02686        0.04051        0.01130        0.02835        1.10214      220.52863        0.05892        0.08083       26.81760        1.61171        0.33840        1.09421       13.00339        0.04273        0.02930        0.00793      300.00000        1.52285
   42    1    1     3957.26407     1611.65738      741.88388        5.00627       91.51427        0.01023        0.03058        0.99628       19.50000        0.02702        0.74277        0.99180        2.21711        0.00120        0.02394        0.00446        1.16681      103.03960        0.01291        0.04081       10.58219        0.00862        0.59586        1.14349        2.28145        0.00125        0.00576        0.02332      300.00000      161.90040
   43    1    1     2336.14721     1970.83417     1004.11828        3.17060       44.19817        0.00239        0.02135        0.20990        3.90000        0.24395        1.57246        0.16210       12.13372        0.03475        0.00344        0.04779        1.84264       23.90540        0.00070        0.02800        3.66193        0.00127        0.16112        1.81580       11.41746        0.03345        0.02107        0.02684      300.00000      107.16976
   44    1    1     1415.68507     3427.87698     1496.81708        6.23896      188.81562        0.04354        0.06832        0.09122       25.80000        2.15560        1.64549        0.08907        3.90868        0.00374        0.02492        0.00217        1.21157      188.72776        0.04342        0.06850       25.73285        1.32614        1.36303        1.20081        3.95313        0.00378        0.01638        0.01076      300.00000        2.51301
   45    1    1     1540.21001     1585.52251      665.97620        1.77997       50.38410        0.00310        0.09476        0.39514        0.70000        0.00541        1.33999        0.39457        4.86991        0.00592        0.00036        0.00054        1.23800       61.38742        0.00459        0.08590       10.17451        0.00871        0.49701        1.23858        6.21774        0.00957        0.00089       -0.00058      300.00000       86.95610
   46    1    1     5131.08242     1712.85346      511.99114        4.69937       30.50768        0.00114        0.00401        1.67523       29.80000        0.26564        0.06436        1.67020       15.23234        0.05841        0.00540        0.00501        1.46128       13.42115        0.00022        0.00661       33.93447        0.48014        0.08151        1.45252       12.95472        0.04244        0.00199        0.00876      300.00000       70.11379
   47    1    1     2190.57291     1619.34079      745.49505        6.24006      126.56856        0.01957        0.03068        0.98401        1.50000        0.00013        0.75577        0.97880        8.36905        0.01764        0.08127        0.00518        1.54606      126.46007        0.01948        0.03041        2.64767        0.00032        0.27399        1.46064        8.39359        0.01856        0.00025        0.08542      300.00000        7.55933
   48    1    1     2221.08884     1646.58920      679.01302        5.68450      116.07068        0.01645        0.03447        1.40161       17.10000        0.14062        0.33515        1.39942        3.86641        0.00375        0.00145        0.00225        0.71320      115.48050        0.01619        0.03456       17.30333        0.62141        0.54187        0.71229        3.76010        0.00353        0.00273        0.00091      300.00000        3.89879
   49    1    1     1426.18517     2774.33974      597.67709        8.17224      179.47236        0.03934        0.01956        0.83775       29.50000        1.38340        0.89757        0.83699        9.32870        0.02173        0.06698        0.00076        0.92856      179.30050        0.03917        0.01971       29.52026        1.33861        0.87245        0.90697        9.32878        0.02087        0.04696        0.02159      300.00000        0.53943
   50    1    1     1492.19160     1663.36767      747.98933        7.62251      177.35521        0.03842        0.02770        1.37833       18.60000        0.09548        0.35575        1.37881        2.07743        0.00107        0.00712       -0.00051        0.11003      177.40006        0.03841        0.02750       18.71259        0.68771        1.03325        0.10932        2.06445        0.00106        0.00590        0.00071      300.00000        0.48371
   51    1    1     4244.65005     1606.88963      612.01907        7.36873       63.13663        0.00487        0.00410        0.32152       17.80000        0.17527        1.41406        0.32051       15.93639        0.06346        0.00985        0.00099        0.69016       63.05342        0.00485        0.00406       17.81800        0.16525        1.05851        0.68611       15.93629        0.06384        0.00644        0.00405      300.00000        0.31702
   52    1    1     2063.48427     1750.33655      625.95649        8.37458      120.26120        0.01766        0.00752        0.69215       27.80000        0.25817        1.04206        0.69251        6.21414        0.00959        0.01796       -0.00037        0.24098      120.16962        0.01761        0.00745       27.83157        0.83918        0.93021        0.22343        6.21179        0.00928        0.00040        0.01755      300.00000        0.30824
   53    1    1     2979.99828     1596.28991      613.79961        3.34662       47.90303        0.00280        0.02222        0.35301       15.90000        0.19539        1.41406        0.32051        6.95972        0.01247        0.00042        0.03258        0.98434       61.81870        0.00466        0.02174       10.83072        0.10303        0.84206        0.98473        6.88012        0.01170        0.03284       -0.00039      300.00000       25.65218
   54    1    1     3017.37355     1634.71318      666.95231        2.89911       41.29577        0.00208        0.02270        1.05340        7.60000        0.20302        0.68564        1.04892        7.93157        0.01582        0.01729        0.00445        1.33827       23.85893        0.00069        0.01555       15.00772        0.02292        0.58612        1.33472        8.76829        0.01931        0.01709        0.00355      300.00000       97.68064
   55    1    1     3225.60769     1980.62642      623.34744        1.51682       32.62249        0.00130        0.05519        1.28359       20.40000        0.52761        0.46695        1.26762        1.61307        0.00063        0.00565        0.01606        0.88677       14.36430        0.00025        0.00549       23.70884        0.94566        0.47102        0.87461        9.34261        0.02215        0.00958        0.01216      300.00000      131.95572
   56    1    1     2208.22769     1632.93186      732.08028        1.17255       22.97830        0.00064        0.04626        1.22847       11.20000        0.01601        0.50930        1.22527       13.15809        0.04233        0.00012        0.00315        0.34897       36.68366        0.00164        0.02799       27.61963        0.69441        0.73698        0.34605       11.33682        0.03144        0.00171        0.00292      300.00000      110.19772
   57    1    1     2248.22338     1934.97964      507.25890        7.23389      117.91525        0.01698        0.01547        0.75379       14.50000        0.44042        0.98040        0.75416       10.65715        0.02820        0.11160       -0.00042        1.47612      118.65151        0.01714        0.01565       14.30078        0.53533        0.16485        1.47451       10.65694        0.02786        0.10992        0.00162      300.00000        1.85411
   58    1    1     2381.61953     1748.77783      574.90662        6.54674      113.27311        0.01567        0.02089        1.25622       19.50000        0.19319        0.57065        1.16391       15.02451        0.05961        0.00342        0.09232        1.37888      112.97944        0.01556        0.02161       19.22932        0.24405        0.36049        1.32270       15.01893        0.05303        0.04605        0.05618      300.00000        1.75461
   59    1    1     2792.99412     1667.06194      810.05962        5.04843       96.94092        0.01148        0.03356        0.68830        7.20000        0.03532        1.04584        0.68873        7.71927        0.01473        0.00016       -0.00046        0.62056      106.54499        0.01385        0.03248        4.93311        0.05148        1.09601        0.62093        7.76828        0.01500        0.00000       -0.00037      300.00000       43.15119
   60    1    1     1296.06413     1696.92216      699.41153        8.60611      181.96252        0.04044        0.01416        0.88782       32.80000        0.05430        0.90358        0.83098       10.07859        0.02387        0.00233        0.05684        0.49604      181.94913        0.04038        0.01402       32.84603        0.05168        1.25692        0.48042       10.07899        0.02586        0.04161        0.01562      300.00000        0.09048
   61    1    0      701.39250 37493371.85730 13058372.80919        6.57992      172.02015        0.03614        0.04733        0.30265       62.80000    32578.48604        1.43300        0.30156       15.25458        0.05816        0.03628        0.00116     8670.80934        0.00000        0.00000        0.00000      105.22566        0.03452    23909.56772     8670.80934        0.00000        0.00000        0.00000        0.00000      300.00000        0.00000
   62    1    1     1460.35217     7765.65323     3332.92788        8.69417      157.15474        0.03016        0.00974        0.86059       24.00000        7.24997        0.91707        0.81749       12.97054        0.04356        0.00825        0.04091        7.86619      157.10184        0.03011        0.00964       24.09139        0.04259        1.11279        7.82935       12.97040        0.04342        0.01460        0.03684      300.00000        0.52824
   63    1    1     2132.47482   333863.90122   127255.46267        2.36366       46.30351        0.00262        0.04425        0.65943       31.20000      329.50819        1.08018        0.65438       11.94834        0.03594        0.00200        0.00501      252.01569       71.04101        0.00616        0.02605       37.22401        0.26256       78.97509      252.01124       12.89899        0.04059        0.00660        0.00445      300.00000       88.13595
   64    1    1     1541.66515     3842.58770     1844.28178        3.68956      119.42148        0.01742        0.11053        0.36935       18.10000        2.77032        1.36704        0.36753        4.01827        0.00404        0.00687        0.00165        1.25069      114.80682        0.01601        0.09922       21.39642        0.04140        3.22759        1.24399        6.07963        0.00933        0.00133        0.00670      300.00000        2.67386
   65    1    1     3245.59759     6559.26717     2914.51665        6.41844       82.77297        0.00837        0.01194        0.35404        9.00000        6.01781        1.38144        0.35312        6.38138        0.01017        0.05254        0.00090        1.44056       84.42754        0.00869        0.01130        9.37156        0.70843        5.63889        1.40539        6.37975        0.00967        0.01875        0.03517      300.00000        2.39177
   66    1    1     2354.76424     1823.14647      799.93285        4.88613      116.29954        0.01652        0.05267        0.94612       21.30000        0.19335        0.79592        0.93865        9.69090        0.02372        0.03178        0.00742        0.14452      125.37993        0.01913        0.05688       19.48729        0.99407        0.80688        0.12327        9.03957        0.02089        0.01772        0.02125      300.00000       53.09509
   67    1    1     3517.34838     1478.08679      589.47703        3.82300       33.30526        0.00135        0.00791        1.20546        3.80000        0.00457        0.53494        1.19963       13.12158        0.04339        0.00316        0.00588        0.55904       57.39286        0.00401        0.02550       17.84796        0.05913        1.14158        0.55230        5.97177        0.00867        0.00288        0.00674      300.00000       41.21788
   68    1    1     2234.63977     3757.76562     1832.73672        2.24093       38.34357        0.00180        0.03396        0.37741       30.80000        2.40636        1.36119        0.37337        2.44799        0.00146        0.00003        0.00395        0.27051       64.81640        0.00512        0.03068       30.23627        0.05734        3.81301        0.26741        4.28666        0.00449        0.00106        0.00309      300.00000       81.86390
   69    1    1     1503.90181     2553.83089      892.38021        6.69844      177.90438        0.03866        0.04750        0.63659       11.30000        1.20762        1.15271        0.58186        8.81745        0.01829        0.00263        0.05475        0.39743      177.79207        0.03857        0.04734       11.49098        0.80634        1.79510        0.34097        8.82547        0.01831        0.00090        0.05646      300.00000        0.54851
   70    1    1      926.16225     1584.21472      645.61111        8.78960      243.72574        0.07255        0.02136        1.22495       10.00000        0.03032        0.52398        1.21058        8.61635        0.01888        0.01647        0.01432        1.21825      243.84462        0.07235        0.02166        9.87550        0.03659        0.50998        1.21819        8.61611        0.01849        0.03118        0.00006      300.00000        0.31390
   71    1    1     2278.21804     1854.69267      837.88389        4.97826      115.91059        0.01641        0.04980        0.08709       30.60000        0.08454        1.64888        0.08568       12.05156        0.03564        0.01175        0.00146        1.52973      123.18273        0.01842        0.05178       33.43799        0.06309        0.24314        1.52211        9.53302        0.02295        0.00499        0.00762      300.00000       37.99896
   72    1    1     1852.77984    75181.36754    30727.56320        3.49649       77.32679        0.00730        0.05243        0.08180       30.50000       77.13730        1.67953        0.05504       13.77768        0.04871        0.02781        0.02685       24.46308       88.83468        0.00961        0.05384       32.03022        0.32235       54.12927       24.43006       12.10106        0.03485        0.02188        0.03301      300.00000       40.89836
   73    1    1     1549.30384     1912.20446      685.25631        6.29761      171.51952        0.03593        0.05467        1.04355       19.90000        0.31185        0.70553        1.02904        6.33320        0.01020        0.02447        0.01454        1.40037      170.90877        0.03565        0.05556       19.58368        0.15547        0.52320        1.36709        6.32765        0.00953        0.00641        0.03328      300.00000        1.03060
   74    1    1     2751.11816     2273.73563      896.54483        8.16780       93.03426        0.01057        0.00527        1.47775       22.50000        0.90639        0.27972        1.45485       10.60480        0.02879        0.00967        0.02298        1.44114       93.17909        0.01060        0.00518       22.51462        0.26836        0.95749        1.41515       10.60437        0.02884        0.00656        0.02598      300.00000        1.04419
   75    1    1     1898.87954     3488.45545     1468.94676        1.57659       32.65857        0.00130        0.05110        0.05756       34.50000        2.25478        1.68645        0.04811        3.59111        0.00313        0.01835        0.00939        1.05898       25.79161        0.00081        0.05067       30.53095        0.27101        2.64316        1.05153       10.53793        0.02698        0.02108        0.00745      300.00000      121.48650
   76    1    1     1810.42263     5018.68458     2380.10613        3.04570       84.45829        0.00871        0.08520        0.11118        9.20000        4.06136        1.63526        0.09931        6.47474        0.01064        0.00477        0.01186        1.90312      108.94415        0.01449        0.05179       12.51762        1.90078        2.00940        1.89232       11.33506        0.03256        0.00497        0.01079      300.00000       22.68641
   77    1    1     3359.43458     1761.04680      743.92833        7.49357       83.16278        0.00845        0.00660        0.75565        9.30000        0.43514        1.01458        0.71999        6.08773        0.00881        0.00095        0.03569        1.60086       83.34826        0.00847        0.00628        9.62702        0.12254        0.48321        1.56428        6.09028        0.00881        0.00000        0.03658      300.00000        5.06661
   78    1    1     2438.90835     3036.81931     1519.41714        4.89550       99.84890        0.01218        0.03863        0.12007       22.40000        1.40675        1.61471        0.11986        7.31533        0.01333        0.00432        0.00016        2.27000      107.09047        0.01398        0.04998       15.40672        0.03212        0.82676        2.26781        7.70337        0.01487        0.00226        0.00219      300.00000       34.32576
   79    1    1      928.69021     1842.17535      772.77874        8.21573      271.56167        0.09007        0.04337        0.31497       25.00000        0.11337        1.41927        0.31530        3.89038        0.00376        0.01889       -0.00026        1.10874      271.43162        0.08994        0.04364       24.92379        0.06537        0.68133        1.10102        3.90394        0.00370        0.01097        0.00772      300.00000        0.17804
   80    1    1     1092.03362     1666.52390      567.71430        8.99476      192.63546        0.04532        0.01070        1.52663       14.10000        0.15184        0.21019        1.52438        9.16949        0.02107        0.00344        0.00225        1.04087      192.62922        0.04530        0.01072       14.08949        0.27041        0.57461        1.04138        9.16956        0.02082        0.00645       -0.00050      300.00000        0.44282
   81    1    1     2036.59610     1743.36046      552.19342        1.53462       34.29024        0.00144        0.05954        1.52651       10.50000        0.24703        0.21497        1.51960       14.44802        0.05076        0.00539        0.00696        1.59586       23.47274        0.00067        0.02342       25.62938        0.17465        0.24833        1.58830       15.65903        0.06193        0.00078        0.00756      300.00000      131.94907
   82    1    1     2527.34602     3292.01719     1404.19813        8.14053      102.34106        0.01279        0.00651        0.75742       25.80000        2.02294        0.99236        0.74221        4.69209        0.00560        0.00041        0.01525        1.83688      102.44017        0.01280        0.00643       25.82493        0.94037        0.99611        1.82109        4.68947        0.00530        0.00015        0.01579      300.00000        1.45782
   83    1    1     2667.60185     2860.40245     1171.65563        4.90706       82.45100        0.00830        0.02618        0.60493       18.10000        1.50656        1.13265        0.60192        8.17628        0.01635        0.00048        0.00301        2.16700       88.62208        0.00955        0.03579       18.16851        0.31179        0.76434        2.16490        4.82482        0.00583        0.00114        0.00210      300.00000       19.08855
   84    1    1     3103.88519     9072.40888     4165.20170        4.35967       52.72759        0.00340        0.01447        0.62369       38.40000        8.52409        1.13265        0.60192        9.82883        0.02471        0.00183        0.02179        8.40576       33.71599        0.00139        0.02330       43.47745        0.66675        1.20412        8.38010        9.32278        0.02229        0.00123        0.02566      300.00000       49.55573
   85    1    1     1476.73409     1908.01999      681.35169        2.47032       70.66066        0.00610        0.09383        0.33537        9.90000        0.25818        1.39876        0.33581       13.19159        0.04323        0.00000       -0.00037        1.33339       49.26997        0.00295        0.09220       14.35358        0.38678        0.22032        1.33383       20.01272        0.09940        0.00043       -0.00044      300.00000       86.30823
   86    1    1     2528.38608     1458.21445      621.15242        6.31693      107.95593        0.01423        0.02144        0.04224       22.40000        0.02720        1.70362        0.03095        7.49998        0.01426        0.00332        0.01127        1.01946      107.22571        0.01402        0.02138       22.45401        0.02357        0.72924        1.00911        7.54760        0.01380        0.00487        0.01035      300.00000        4.25305
   87    1    1     2398.66663     2042.03936      819.58800        4.89275       95.18125        0.01106        0.03516        0.76053       16.20000        0.48419        0.97769        0.75687       13.97000        0.04768        0.01973        0.00371        0.45151       99.55658        0.01208        0.03700       13.45428        1.37540        0.39273        0.44594       14.20206        0.05081        0.01650        0.00556      300.00000       11.13538
   88    1    0     1101.24561  8721605.58905  2840560.58126        5.83590      181.53707        0.04025        0.07793        0.57291       14.10000     7476.82456        1.18072        0.55384       10.15805        0.02634        0.00129        0.01908     1012.31779        0.00000        0.00000        0.00000      172.17536        0.08744     6466.31639     1012.31779        0.00000        0.00000        0.00000        0.00000      300.00000        0.00000
   89    1    1     1607.65915    10865.59322     4784.16958        0.54505       11.96864        0.00017        0.05872        1.11500       29.80000       10.66841        0.62119        1.11338       19.04412        0.09077        0.00581        0.00218        1.39309       57.08051        0.00398        0.07232       50.76323        6.82210        4.22372        1.39275       13.44798        0.04452        0.00035        0.00034      300.00000      129.25914
   90    1    1     1159.49806     1602.15218      614.38987        8.56631      206.51534        0.05209        0.01889        1.10386       10.60000        0.06837        0.63024        1.10432        9.44365        0.02204        0.00091       -0.00042        1.29366      206.57890        0.05202        0.01897       10.59982        0.05775        0.45167        1.29351        9.44277        0.02196        0.00038        0.00015      300.00000        0.29654
   91    1    1     2050.65010     2646.39852     1097.93674        1.85161       28.22610        0.00097        0.02741        0.64156       19.50000        1.49997        1.10392        0.63065        9.28841        0.02187        0.00468        0.01086        2.38932       19.49046        0.00046        0.06395        4.92442        0.02490        0.79552        2.38692        6.83592        0.01144        0.01478        0.00240      300.00000      129.00860
   92    1    1     1498.51817     2589.91931     1168.47609        8.07764      169.71282        0.03518        0.01874        0.72491       16.80000        1.25440        1.02728        0.70728        7.26954        0.01271        0.01044        0.01758        0.30861      169.62587        0.03512        0.01846       17.04115        0.55598        2.13348        0.29993        7.27096        0.01337        0.01865        0.00868      300.00000        0.78041
   93    1    1     1648.65937     1628.25763      689.71746        4.14334      114.76891        0.01609        0.07762        1.03671        1.30000        0.00082        0.73059        1.00397       12.24969        0.03572        0.00605        0.03268        0.69698      102.73632        0.01281        0.07069       25.16131        0.03557        1.04176        0.69238        8.23033        0.01652        0.02926        0.00460      300.00000       27.53743
   94    1    1     2570.79008     1899.42803      583.87641        4.57828       75.09372        0.00689        0.02597        1.34488       32.10000        0.37559        0.39267        1.34189       11.49936        0.03318        0.02494        0.00299        1.19450       48.61214        0.00288        0.03624       34.10810        0.51258        0.41285        1.18918        9.35630        0.02205        0.02304        0.00531      300.00000       33.88773
   95    1    1     3235.22320     2327.51281      508.26862        7.82282       78.39748        0.00751        0.00476        1.62223       25.40000        1.04094        0.12192        1.61265       10.20937        0.02638        0.00056        0.00950        0.82325       78.70561        0.00755        0.00471       25.39689        1.02193        0.93950        0.81407       10.20848        0.02527        0.00208        0.00918      300.00000        3.27912
   96    1    1     2489.45671     2928.05640     1489.53697        3.41695       53.28474        0.00347        0.02623        0.33826       13.60000        1.40151        1.39765        0.33692        5.82200        0.00832        0.00010        0.00138        1.55845       57.07858        0.00397        0.01946       18.66048        0.20801        1.37951        1.55713        4.95651        0.00603        0.00011        0.00132      300.00000       65.53503
   97    1    1     5722.32342     1855.73017      551.32515        4.38856       44.17517        0.00238        0.00999        0.52592       27.70000        0.46486        1.21173        0.52284       10.40940        0.02650        0.02199        0.00313        1.37355       41.50511        0.00210        0.00806       24.42589        0.36000        0.46553        1.36205       12.99402        0.04282        0.01131        0.01150      300.00000       83.51255
   98    1    1     1446.22592   229467.55016    89576.20443        8.36467      170.14744        0.03536        0.01518        1.60004       17.70000      228.48552        0.13664        1.59792        7.46409        0.01365        0.00534        0.00213       96.08916      170.16898        0.03534        0.01514       17.85970        0.04426      134.08677       96.08892        7.46768        0.01390        0.00705        0.00024      300.00000        0.31879
   99    1    0     5970.76605   481592.99001   181923.91206        6.79953       49.87215        0.00304        0.00353        0.14811       40.30000      470.53567        1.58875        0.14581       19.62782        0.09436        0.00873        0.00232      147.93033        0.00000        0.00000        0.00000       26.99697        0.00983      324.44211      147.93033        0.00000        0.00000        0.00000        0.00000      300.00000        0.00000
  100    1    1     8422.67898     1961.61875      519.04867        0.14114        0.92780        0.00000        0.00528        1.42679       26.00000        0.48828        0.32051        1.41406        5.49134        0.00766        0.04608        0.01278        1.38139        4.37724        0.00002        0.00574       23.61879        0.55906        0.31986        1.33097        8.28720        0.01619        0.01232        0.05042      300.00000      154.41933
