    1    1    1     3621.37436     1560.06915      615.31816        2.63557       66.86812        0.00546        0.07316        0.81788        8.90000        0.00674        0.98003        0.75453        4.16666        0.00454        0.00009   -33197.32054        0.58752       42.94847        0.00225        0.00567       39.65567        0.11473        1.11429        0.58540        3.57160        0.00313        0.06030        0.00212      300.00000       31.17098
    2    1    1     2596.26783     1444.75092      607.27922        1.67280       27.32057        0.00091        0.03167        0.93834       10.00000        0.00775        0.81672        0.91785        8.16515        0.01704        0.00220        0.02057        1.35909       16.42578        0.00033        0.01733       13.07443        0.03762        0.35178        1.35957       10.41089        0.02681        0.02167       -0.00048      300.00000      127.42260
    3    1    1     1729.80790    35927.42461    14749.46647        6.66910      155.81629        0.02965        0.03702        1.16342       26.00000       37.04354        0.57781        1.15676        8.58298        0.01792        0.00037        0.00664       33.10229      154.79689        0.02921        0.03798       25.72086        1.50941        4.16921       33.09897        8.58487        0.01802        0.00363        0.00332      300.00000        0.54974
    4    1    1     2310.09468     1497.87076      673.24823        3.20802       66.09569        0.00534        0.04651        0.36248       10.20000        0.00560        1.37181        0.36275        5.59711        0.00774        0.04372       -0.00028        0.46692       71.52303        0.00623        0.03634       20.55796        0.06813        1.22114        0.46602        2.71689        0.00184        0.04259        0.00090      300.00000       23.07678
    5    1    1     1316.59356     1524.90662      593.94747        7.80926      198.58356        0.04816        0.03081        1.27879        8.40000        0.00480        0.45533        1.27924       10.01578        0.02491        0.01147       -0.00040        0.57599      198.51691        0.04808        0.03099        8.26158        0.06235        1.10108        0.57582       10.01372        0.02470        0.01108        0.00017      300.00000        0.69630
    6    1    1     3455.32709     1534.87574      532.24610        1.99739       31.21205        0.00119        0.02863        1.31620       11.30000        0.12308        0.41786        1.31671       12.05170        0.03596        0.01338       -0.00050        0.93066       48.73201        0.00289        0.00915        8.52522        0.51292        0.42269        0.91960       15.06271        0.05752        0.00049        0.01106      300.00000       56.37641
    7    1    1     3415.87550     1696.57237      554.17556        3.31074       53.41836        0.00349        0.02831        0.91935       17.30000        0.33332        0.81490        0.91967        7.76470        0.01498        0.00187       -0.00031        1.66622       56.18320        0.00386        0.01496       20.71883        0.38257        0.02645        1.66454        9.48409        0.02206        0.00012        0.00168      300.00000       26.21819
    8    1    1     4133.30357     1597.07877      763.02857        7.18589       68.40520        0.00571        0.00535        0.68034        7.10000        0.04043        1.06319        0.67138       10.21383        0.02639        0.00189        0.00893        0.09225       67.62399        0.00558        0.00453        8.28035        0.42428        1.26212        0.08953       10.21357        0.02616        0.00838        0.00271      300.00000        5.21351
    9    1    1     1542.24444     1925.11292      741.01829        0.52539       11.10827        0.00015        0.05445        1.26999       31.40000        0.32527        0.46463        1.26994       11.60772        0.03321        0.00429        0.00006        1.51551       61.67389        0.00461        0.07902       27.71015        0.34171        0.17996        1.51166       11.15286        0.03038        0.00079        0.00385      300.00000      130.90776
   10    1    1     1360.84413     2667.28085     1195.90858        7.14519      198.85211        0.04829        0.04630        1.17930       13.50000        1.17886        0.56645        1.16811       10.38180        0.02733        0.02040        0.01115        2.36306      198.88161        0.04823        0.04541       14.23599        0.04791        0.51066        2.35591       10.38341        0.02722        0.02443        0.00716      300.00000        0.54227
   11    1    1     1416.25333     2012.97591      940.02733        8.03050      182.34951        0.04061        0.02236        0.59549       22.70000        0.45045        1.19863        0.53594        5.74653        0.00862        0.00171        0.05950        1.70109      182.45578        0.04053        0.02212       22.81421        0.19109        0.30809        1.68612        5.75859        0.00844        0.04652        0.01497      300.00000        0.10519
   12    1    1     3406.72967     1559.85655      631.26932        8.31234       71.54705        0.00625        0.00280        1.27419       22.40000        0.09474        0.46348        1.27108        6.07153        0.00925        0.00006        0.00311        1.19934       71.63345        0.00626        0.00280       22.41329        0.07819        0.55204        1.19909        6.07196        0.00908        0.00305        0.00025      300.00000        1.73604
   13    1    1     5478.89504     1650.34857      801.49207        1.67719       34.69359        0.00147        0.05079        0.53950        4.00000        0.00151        1.19863        0.53594        8.12331        0.01658        0.00086        0.00354        0.32408       24.40818        0.00073        0.00380       22.02111        0.02507        1.41448        0.32111       12.63973        0.04009        0.00110        0.00297      300.00000       96.90971
   14    1    1     1121.48714    47715.64653    20062.76815        8.90938      193.96692        0.04595        0.01194        0.54116       31.90000       48.76763        1.19697        0.53760        8.45621        0.01747        0.01444        0.00352        3.29340      194.00285        0.04595        0.01182       31.92628        0.05776       47.16929        3.27520        8.45591        0.01719        0.00010        0.01820      300.00000        0.06464
   15    1    1     6324.15841     2492.49492     1034.54088        5.96769       53.25034        0.00346        0.00626        1.18169       20.70000        1.33296        0.56079        1.17377        5.36790        0.00700        0.00049        0.00800        0.83079       51.79137        0.00327        0.01083       19.76317        0.28062        1.95192        0.83115        5.09492        0.00645        0.00877       -0.00036      300.00000       87.12602
   16    1    0      383.48957129503354.66358 43786763.14848        3.46704       26.44106        0.00085        0.00625        0.51765       17.10000   114649.26728        1.23271        0.50169        6.48908        0.01014        0.03856        0.01593    87239.02309        0.00000        0.00000        0.00000       38.87165        0.00200    27412.04841    87239.02309        0.00000        0.00000        0.00000        0.00000      300.00000        0.00000
   17    1    1     2146.24465     8649.89664     4062.11581        1.35435       18.55444        0.00042        0.02250        0.59593       22.50000        8.02284        1.15582        0.57874       10.90584        0.03031        0.00649        0.01711        7.67799       21.73773        0.00057        0.07977       29.70292        1.21783        0.83141        7.66832        7.81781        0.01481        0.01192        0.00967      300.00000      137.95845
   18    1    1     4140.13936     1756.93736      595.97036        6.91007       69.00554        0.00582        0.00636        0.36655       18.40000        0.30071        1.36753        0.36704       18.32706        0.08331        0.02045       -0.00047        0.97041       69.72218        0.00593        0.00748       17.77531        0.31698        0.76442        0.95274       18.32658        0.08080        0.00473        0.01767      300.00000        7.89109
   19    1    1     2643.49698     3963.80823     1794.93089        6.15955      104.15967        0.01325        0.02167        0.12784        7.00000        2.84866        1.65284        0.08172       12.36662        0.03966        0.00002        0.04611        2.40880      100.76782        0.01240        0.02240        7.09957        0.46246        1.71238        2.40849       12.36297        0.03763        0.04790        0.00031      300.00000        7.48467
   20    1    1     2664.15462     3417.72684     1137.55309        8.51176       89.43481        0.00977        0.00371        0.86070       20.80000        2.44000        0.90945        0.82511        6.58716        0.01119        0.01226        0.03557        2.40575       89.94247        0.00987        0.00368       20.80552        0.53371        1.23578        2.40509        6.58759        0.01083        0.04746        0.00066      300.00000        0.44041
   21    1    1     1681.72078     3900.89755     1490.26297        7.53996      158.09820        0.03053        0.02317        0.81040       33.50000        2.82127        0.92410        0.81046        6.80535        0.01142        0.05782       -0.00014        1.67919      158.45622        0.03058        0.02361       33.38297        0.87718        2.00023        1.67799        6.80269        0.01157        0.05635        0.00120      300.00000        0.52968
   22    1    1     2021.47745     5356.76561     2437.93967        4.48369      106.53496        0.01386        0.05509        0.19486        8.80000        4.26291        1.53926        0.19531       13.59557        0.04574        0.01672       -0.00053        5.21725      100.91843        0.01237        0.07230       11.08070        0.05301        0.72260        5.21421       12.43059        0.03878        0.01213        0.00305      300.00000       15.41611
   23    1    0      798.07278 21597199.97292  7442058.69513        0.79441       16.27304        0.00032        0.05092        0.31622       25.80000    18696.56279        1.44800        0.28656        2.34791        0.00131        0.00551        0.02967      669.91075        0.00000        0.00000        0.00000       37.87080        0.01289    18028.47273      669.91075        0.00000        0.00000        0.00000        0.00000      300.00000        0.00000
   24    1    1     1879.80595     1648.02357      703.95415        6.81818      143.47201        0.02514        0.02894        1.14472       14.50000        0.10802        0.61528        1.11929        7.26956        0.01355        0.00174        0.02187        0.73890      143.61739        0.02513        0.02882       14.65267        0.89084        0.21611        0.73586        7.25794        0.01288        0.02471        0.00304      300.00000        0.21632
   25    1    1     3837.21151     2083.58565      593.58615        4.15181       67.34675        0.00554        0.02660        1.69774       31.60000        0.59846        0.05961        1.67495        7.35355        0.01384        0.00667        0.02276        1.34944       73.97141        0.00666        0.01488       32.93601        0.64113        0.35586        1.34398        7.86023        0.01556        0.02493        0.00546      300.00000       67.35383
   26    1    1     2951.60137     1433.69631      658.22248        7.55940       94.16275        0.01083        0.00812        1.61947        0.90000        0.00218        0.11516        1.61940       12.90439        0.04103        0.00375        0.00014        0.38867       92.62336        0.01047        0.00815        2.58497        0.00891        1.34238        0.38576       12.90422        0.04178        0.00018        0.00291      300.00000        3.70312
   27    1    1     1160.85396     1901.17723      791.27408        3.23979      114.74102        0.01608        0.13711        1.05790       25.00000        0.08843        0.68645        1.04812       10.77021        0.02811        0.00301        0.00974        0.07160      114.55583        0.01599        0.13331       21.34104        0.81571        0.93481        0.06615       12.47165        0.03789        0.00777        0.00545      300.00000       59.67197
   28    1    1     2692.01531     1695.43822      756.95897        2.53063       44.96783        0.00247        0.03609        0.45944       23.30000        0.07842        1.28446        0.45010        3.75429        0.00357        0.07517        0.00931        1.56167       23.24921        0.00066        0.01531       35.69229        0.13524        0.18735        1.51131        4.35734        0.00448        0.03492        0.05036      300.00000       96.06853
   29    1    1     4292.53673     1509.24032      557.13995        6.56324       74.84942        0.00684        0.00904        0.75309        6.20000        0.09815        0.98138        0.75318        6.47467        0.01034        0.01706       -0.00003        0.88001       67.37481        0.00553        0.01031        6.23732        0.07007        0.88538        0.87730        6.47083        0.01050        0.01411        0.00272      300.00000       26.77051
   30    1    1     1994.96476     1620.94611      763.92541        7.19837      136.24666        0.02267        0.02108        1.63183       16.50000        0.01571        0.11639        1.61817        4.17798        0.00421        0.00031        0.01367        0.89267      136.41163        0.02265        0.02022       17.01918        0.01451        0.85197        0.88469        4.17381        0.00423        0.00596        0.00799      300.00000        1.00559
   31    1    1     1399.52598     2332.18810      923.80749        1.65874       40.87358        0.00204        0.07212        0.86557        8.90000        0.88351        0.87869        0.85588       14.67210        0.05218        0.00435        0.00968        0.61608       14.86115        0.00027        0.05896        5.72227        0.15164        1.86407        0.60994       15.78014        0.06278        0.00466        0.00614      300.00000      146.45907
   32    1    1     2205.41790     4469.49032     2121.82155        2.59385       34.37781        0.00144        0.02001        0.60761        6.60000        3.56908        1.12685        0.60772       17.33232        0.07477        0.00338       -0.00004        1.82197       48.03668        0.00282        0.03574        5.41543        0.28177        3.19606        1.81860       16.12145        0.06352        0.00124        0.00337      300.00000      107.74192
   33    1    1     3555.34576     1981.23226      576.32783        3.08753       36.15806        0.00160        0.01515        1.40892       42.60000        0.40017        0.32874        1.40583       16.10378        0.06341        0.00478        0.00307        0.68086       42.39544        0.00219        0.01067       47.72955        1.46092        0.01679        0.67393       14.34812        0.05006        0.00126        0.00693      300.00000       51.27428
   34    1    1     1258.02809     1866.29724      821.83924        8.02290      207.29740        0.05248        0.02905        1.72417       15.20000        0.16471        0.02738        1.70719       12.80553        0.03947        0.00363        0.01707        0.26871      207.21342        0.05243        0.02918       15.13603        0.75902        0.87472        0.26543       12.80557        0.04009        0.01675        0.00328      300.00000        0.89874
   35    1    1     9946.69428     3357.63335     1480.99958        1.65011       26.57065        0.00086        0.03081        0.92194        8.60000        2.21109        0.82382        0.91074        7.58587        0.01459        0.00474        0.01124        0.46711       20.72027        0.00052        0.02239       20.09512        0.21513        3.27698        0.46759        6.02861        0.00899        0.01674       -0.00048      300.00000      137.87115
   36    1    1     2242.33814     1486.06468      552.89912        7.21925      122.53502        0.01834        0.01685        1.27117       22.00000        0.05742        0.47888        1.25568        5.28407        0.00673        0.00001        0.01542        1.00822      122.69122        0.01831        0.01664       22.09574        0.21708        0.57174        1.00337        5.29677        0.00706        0.01036        0.00485      300.00000        1.83044
   37    1    1     2396.08063     1758.95078      618.58023        7.32561      110.39533        0.01488        0.01285        0.51326        7.70000        0.10757        1.23262        0.50194       22.21093        0.12509        0.00026        0.01130        0.76857      109.52947        0.01462        0.01265        8.30390        0.40676        0.67503        0.76085       22.21088        0.11984        0.00907        0.00773      300.00000        2.57979
   38    1    1     2574.10768     1602.55573      640.84564        1.75128       30.91696        0.00117        0.03690        0.73601       18.30000        0.02127        1.01043        0.72414        7.30441        0.01354        0.04210        0.01185        0.71626       53.37044        0.00347        0.01875       29.81000        0.09846        0.97578        0.70393        5.96608        0.00860        0.04009        0.01234      300.00000       76.64457
   39    1    1     2771.79916     3801.01229     1259.78433        5.70902      103.43069        0.01307        0.02702        1.18953       23.30000        2.75132        0.55634        1.17823       12.95249        0.04059        0.00033        0.01129        3.31422      100.54147        0.01233        0.02257       25.39756        0.65272        0.52937        3.30905       12.94585        0.04220        0.00479        0.00517      300.00000       18.47069
   40    1    1     3232.46871     1607.39595      588.51754        4.19068       55.18565        0.00372        0.01746        1.02350       19.70000        0.14055        0.75811        0.97645        2.90517        0.00199        0.00853        0.04705        1.01228       64.07070        0.00499        0.01793       11.57785        0.08944        0.80729        0.96363        7.92647        0.01483        0.00710        0.04865      300.00000       25.86623
   41    1    1     2921.43050     1626.44225      588.49298        1.46774       22.56393        0.00062        0.02824        1.01881       23.60000        0.15738        0.71581        1.01875       12.37987        0.03817        0.00101        0.00011        0.41920       47.11330        0.00271        0.01326       34.11187        0.45700        1.05017        0.41968        8.00270        0.01588        0.00185       -0.00048      300.00000       79.67612
   42    1    1     3411.54021     3221.04491     1264.78504        4.52377       62.79867        0.00482        0.01872        0.80643       32.20000        1.80452        0.97165        0.76291       12.22441        0.03870        0.07475        0.04354        1.18953       66.27300        0.00536        0.01572       35.11881        1.09472        1.27074        1.18376       10.88868        0.02988        0.11365        0.00577      300.00000       10.68774
   43    1    1     1845.98163     1670.59304      801.17972        0.86910       14.68330        0.00026        0.03460        0.51858        7.80000        0.02018        1.22234        0.51223        7.22094        0.01269        0.00161        0.00630        0.83207       10.92727        0.00015        0.07964       13.60246        0.35304        0.52903        0.83167        6.15053        0.00944        0.00690        0.00039      300.00000      155.84092
   44    1    1     4669.37663   171821.35877    67317.63997        4.35378       45.08571        0.00248        0.01061        0.58726       24.30000      172.81524        1.20171        0.53285       12.39824        0.03617        0.01088        0.05441       97.08752       25.84334        0.00082        0.00373       26.03913        0.11756       77.41444       97.03932       12.77900        0.03854        0.00181        0.04820      300.00000       57.16616
   45    1    1     1638.82264   109702.51315    45528.07110        1.09763       25.45695        0.00079        0.06490        1.15510       21.10000      111.77557        0.57901        1.15555        7.57306        0.01423        0.00353       -0.00046       30.32099       51.50341        0.00324        0.05869       19.44865        0.01049       83.18485       30.31912        7.69356        0.01482        0.00010        0.00188      300.00000      118.43052
   46    1    1     1626.60112     1659.82430      756.12558        7.71408      163.71309        0.03273        0.02227        1.54683        9.80000        0.06227        0.18858        1.54599        9.32854        0.02173        0.00578        0.00092        1.17007      163.44154        0.03253        0.02226       10.02112        0.07676        0.55629        1.16400        9.32873        0.02194        0.00035        0.00606      300.00000        0.45294
   47    1    1     2742.75363     2623.09774     1334.73921        6.01027      100.20236        0.01226        0.02168        0.08905       11.80000        1.07415        1.65427        0.08029       10.59385        0.02723        0.00470        0.00870        1.04058      100.41605        0.01226        0.02003       13.06120        0.08881        1.69312        1.02844       10.59736        0.02850        0.00004        0.01214      300.00000        9.15487
   48    1    1     3551.76828   157391.42294    65346.66351        7.49949       77.29856        0.00730        0.00568        0.67030       11.30000      160.58033        1.06976        0.66480       17.78135        0.07703        0.00842        0.00545       16.81500       76.87640        0.00722        0.00572       11.46673       11.11333      134.39131       16.81044       17.78542        0.07717        0.00926        0.00457      300.00000        2.72289
   49    1    1     2770.44081     1741.30193      844.27379        5.35156      109.05923        0.01453        0.03620        0.22285        0.30000        0.00004        1.51569        0.21887       14.33064        0.05162        0.00978        0.00407        0.05556       98.22962        0.01175        0.02935       13.61941        0.01425        1.67411        0.05591       14.32837        0.05070        0.01501       -0.00035      300.00000       42.77330
   50    1    1     2173.18087     1748.67112      702.15248        7.00621      125.42768        0.01921        0.01993        1.39352       16.60000        0.31699        0.34748        1.38709       10.64594        0.02758        0.02439        0.00636        0.49840      126.09857        0.01940        0.01927       16.86539        0.47891        1.10200        0.47112       10.64478        0.02908        0.00204        0.02729      300.00000        1.45459
   51    1    1     2627.48834     1693.46680      714.18673        3.43145       48.95147        0.00293        0.02193        0.67718       15.20000        0.29529        1.06003        0.67453        9.23932        0.02090        0.03374        0.00263        0.89777       50.57531        0.00311        0.02611       18.62349        0.02305        1.13154        0.87730        7.07975        0.01203        0.01839        0.02046      300.00000       64.13053
   52    1    1     2445.23230     2119.00514      735.70775        4.26449       95.48742        0.01114        0.05010        0.79806       12.90000        0.71665        0.93743        0.79714        4.76952        0.00568        0.00257        0.00099        1.73809       91.12244        0.01014        0.03966       18.26389        0.22347        0.50265        1.73680        4.56816        0.00512        0.00250        0.00128      300.00000       32.66962
   53    1    1     1040.20379     3094.26100     1072.80922        6.70820      261.89687        0.08377        0.10239        0.83029       25.10000        1.56783        0.90870        0.82587        1.99933        0.00101        0.00538        0.00447        1.18367      261.88667        0.08311        0.10377       24.78289        0.74972        1.37366        1.17821        2.02824        0.00100        0.00442        0.00547      300.00000        1.80279
   54    1    1     3999.65635     1819.78440      780.78435        6.31634       73.70547        0.00663        0.01000        0.66292        7.60000        0.49076        1.07114        0.66342        4.18036        0.00433        0.01074       -0.00053        1.13760       73.99190        0.00667        0.01225        3.78778        0.01887        1.06764        1.13661        4.14719        0.00423        0.00927        0.00099      300.00000       21.87348
   55    1    1     2338.56128    10323.78166     4416.90775        4.31946       88.21013        0.00950        0.04143        1.45186       11.80000       10.32440        0.28230        1.45226       18.92042        0.08846        0.02599       -0.00037        8.14595       84.97211        0.00878        0.03105       16.34723        1.40279        2.53295        8.13571       20.08448        0.10218        0.00026        0.01024      300.00000       15.12728
   56    1    1     2570.44776     2923.91362     1151.75251        2.53768       42.51607        0.00221        0.03207        0.55056       17.50000        1.62369        1.18436        0.55020        8.80642        0.01934        0.03075        0.00041        1.56615       55.79795        0.00379        0.02653       16.39484        0.56361        1.24079        1.54684       10.94179        0.03056        0.01157        0.01931      300.00000       52.20880
   57    1    1     1739.37952     1579.08308      594.66199        5.64368      153.44236        0.02876        0.06153        0.72388        6.60000        0.04872        1.01040        0.72416        9.48761        0.02222        0.02151       -0.00020        0.54058      158.18703        0.03043        0.06189        9.26573        0.36753        0.89915        0.51880        8.52547        0.01743        0.00001        0.02178      300.00000       12.82745
   58    1    1     3167.15675     2059.54100      876.03047        1.97610       34.56026        0.00146        0.03590        0.64207       21.80000        0.64498        1.10249        0.63208       10.23114        0.02651        0.02993        0.01004        0.75194       40.95003        0.00205        0.01032       26.43511        0.79750        0.86935        0.74913        7.48036        0.01404        0.03813        0.00281      300.00000       61.70500
   59    1    1     2210.41584     1525.61720      627.24390        5.46181      117.94758        0.01699        0.03996        0.80001        3.60000        0.02178        0.93642        0.79814        1.91228        0.00090        0.00470        0.00188        0.98207      113.93803        0.01584        0.03772        8.85102        0.03044        0.74866        0.98048        2.07083        0.00107        0.00495        0.00159      300.00000        8.76445
   60    1    1     1632.55434     1711.13583      628.04098        2.50275       51.05042        0.00318        0.04763        0.10236       23.50000        0.26697        1.63168        0.10288        6.82942        0.01156        0.01342       -0.00053        0.87114       35.10844        0.00150        0.10766       22.47755        0.22436        0.86419        0.85956        5.20457        0.00687        0.00109        0.01157      300.00000      106.51708
   61    1    1     1831.17445     1550.00988      655.70920        2.21662       40.67695        0.00202        0.03911        0.48759        9.10000        0.02548        1.24811        0.48646       12.36063        0.03819        0.00014        0.00117        0.69462       18.35291        0.00041        0.04215        9.01409        0.01441        1.05118        0.69422       12.16193        0.03640        0.00147        0.00040      300.00000      130.80909
   62    1    1     1546.67530     1613.52517      591.04869        5.92692      171.28395        0.03583        0.06617        1.07560        9.60000        0.11929        0.65933        1.07523        7.86787        0.01524        0.02377        0.00032        1.18067      173.09158        0.03635        0.06732        8.18282        0.03556        0.64954        1.16748        7.76701        0.01532        0.01046        0.01319      300.00000        5.71666
   63    1    1     1105.01921    43868.85155    18568.41439        6.34434      240.40526        0.07059        0.10478        0.77965       27.70000       45.40761        0.95522        0.77935        4.86022        0.00582        0.00743        0.00031       15.86807      240.53408        0.07065        0.10553       27.36462        0.21612       31.06051       15.86485        4.81923        0.00568        0.00456        0.00322      300.00000        0.95165
   64    1    1     1816.60264     9062.85173     3946.48165        1.15248       27.87711        0.00095        0.07051        0.14096       26.10000        8.47595        1.59492        0.13965        6.45879        0.01024        0.03338        0.00130        3.61717       35.54303        0.00154        0.03367       23.54308        1.50208        5.05728        3.61493       17.63915        0.07796        0.03720        0.00224      300.00000      124.20831
   65    1    1     2372.98579     2712.24848      395.71984        4.16549       62.23403        0.00473        0.02253        1.06996       34.50000        1.27576        0.69856        1.03600       18.07965        0.08423        0.00858        0.03394        1.27160       73.31760        0.00655        0.08642       29.11573        0.99394        0.73584        1.25748       12.50118        0.03973        0.03028        0.01412      300.00000       39.44167
   66    1    1     3266.79006     1464.03714      630.53003        6.59204       82.89982        0.00839        0.01092        1.15027        2.60000        0.00824        0.71681        1.01776        1.36215        0.00042        0.01126        0.13254        0.61248       82.52461        0.00831        0.01066        3.27739        0.00310        1.25385        0.48604        1.56124        0.00065        0.01727        0.12644      300.00000        0.56926
   67    1    1     3065.55858     3627.28179     1205.08463        3.00184       73.18096        0.00654        0.06605        0.85500       22.60000        2.48125        0.88807        0.84649        9.13634        0.02026        0.00488        0.00855        2.74645       70.36604        0.00604        0.01896       37.37768        0.67206        0.86394        2.73469        7.47934        0.01419        0.00041        0.01175      300.00000       25.16912
   68    1    1      684.32717    30278.03705    15154.76141        8.99300      309.92078        0.11731        0.02774        0.81872       38.60000       32.55537        0.93113        0.80343       13.32397        0.04280        0.00492        0.01523       30.74567      309.90132        0.11699        0.02802       38.61845        0.12849        3.42015       30.74138       13.32494        0.04334        0.01535        0.00429      300.00000        0.15818
   69    1    1     3396.67440     2672.33620     1133.68656        5.04473       48.33791        0.00285        0.00836        0.55802       25.30000        1.41517        1.20345        0.53111        7.67824        0.01409        0.00830        0.02693        1.81792       61.56660        0.00462        0.02637       23.13431        0.17160        1.15384        1.81830        1.18360        0.00035        0.03553       -0.00037      300.00000       32.57115
   70    1    1     2452.80789    19196.28967     9022.12362        0.66934        7.75957        0.00007        0.01634        1.43193       17.50000       20.66563        0.31461        1.41996        4.57802        0.00507        0.00012        0.01200       16.36725       13.71582        0.00023        0.04809       13.35444        0.00842        5.99436       16.36711        3.20462        0.00253        0.01291        0.00014      300.00000      160.31271
   71    1    1     1604.80803   115892.15207    46508.85045        1.33033       26.87462        0.00088        0.04896        1.33338       32.50000      115.96134        0.41499        1.31957        4.80991        0.00558        0.00148        0.01375       49.22009       37.32043        0.00170        0.07750       27.74074        0.03728       68.32257       49.22055       17.09489        0.07247        0.03506       -0.00045      300.00000      131.34964
   72    1    1     2611.61401     6868.50196     3189.95741        0.87229        8.42482        0.00009        0.01131        0.05316       17.70000        6.51310        1.68550        0.04907       13.96997        0.04906        0.01791        0.00419        1.30860       28.27928        0.00097        0.04319       30.15744        1.18116        5.79399        1.30236        2.98694        0.00217        0.00005        0.00623      300.00000      138.86449
   73    1    1      926.19141     1806.56894      762.48364        7.79166      283.92342        0.09845        0.06372        0.60872        3.80000        0.02563        1.13107        0.60349        6.95169        0.01178        0.02899        0.00511        0.98221      284.10092        0.09827        0.06394        3.73903        0.02940        0.76058        0.97020        6.95856        0.01171        0.02225        0.01201      300.00000        0.26448
   74    1    1     1288.95175     1884.86800      674.82099        2.05538       57.56718        0.00405        0.09176        0.53234       12.50000        0.42223        1.20197        0.53259        6.58656        0.01078        0.01054       -0.00028        1.72254       77.40183        0.00731        0.08363       11.85330        0.12777        0.30709        1.72192        8.04492        0.01615        0.00919        0.00062      300.00000      101.87293
   75    1    1     2351.12582     1792.48152      821.97190        1.89761       49.08424        0.00294        0.07877        1.61159       31.00000        0.07051        0.12663        1.60793        6.19891        0.00965        0.00047        0.00362        1.43896       31.43668        0.00121        0.01442       47.97107        0.21176        0.21517        1.43510        8.68630        0.01896        0.00010        0.00385      300.00000      101.01015
   76    1    1     2372.44430     4133.79741     1664.86531        1.33675       18.93762        0.00044        0.02407        1.29233       29.50000        3.06944        0.44323        1.29133        8.62909        0.01829        0.02189        0.00096        1.41402       30.96874        0.00117        0.03015       34.77697        0.66437        2.72480        1.41405        6.61886        0.01080        0.02439       -0.00003      300.00000      123.47936
   77    1    1     2157.19685     2668.68607     1008.91954        6.51667      122.68453        0.01838        0.02490        0.87779       26.30000        1.26337        0.85701        0.87756        9.02315        0.02006        0.00827        0.00019        2.30073      122.92675        0.01837        0.02480       26.34290        0.48841        0.21376        2.29587        9.02568        0.01987        0.00385        0.00486      300.00000        1.74776
   78    1    1     1916.15320     2153.72458      661.14721        4.58941      113.35284        0.01569        0.05881        1.39335       37.20000        0.70673        0.34103        1.39353       14.58970        0.05254        0.00092       -0.00019        0.58861      118.13416        0.01701        0.09727       37.13531        0.39437        1.45971        0.58823        6.93375        0.01199        0.00011        0.00038      300.00000       14.76464
   79    1    1     1865.48329     1739.29532      823.67674        5.59072      139.75026        0.02385        0.05246        1.57445       17.10000        0.01475        0.17033        1.56423        6.91468        0.01158        0.00488        0.01021        0.59344      138.55590        0.02344        0.05277       16.58992        0.21071        0.94743        0.59026        7.19512        0.01266        0.01185        0.00318      300.00000        8.19612
   80    1    1     1668.60486     1966.44244      895.91062        0.41138       10.30294        0.00013        0.07648        0.16686        4.00000        0.26171        1.57821        0.15636       14.88399        0.05365        0.03307        0.01052        0.09479       22.15306        0.00060        0.05181        9.60177        1.31652        0.60310        0.08884       16.44865        0.06820        0.03508        0.00595      300.00000      151.37647
   81    1    1     3514.41133     2024.13376      682.39842        0.49527       11.58516        0.00016        0.06666        0.73894       21.50000        0.58448        1.02838        0.70619        9.17029        0.02002        0.04239        0.03277        1.39430       37.22189        0.00169        0.05247       31.42824        0.62151        0.33096        1.38453        8.99257        0.01960        0.06052        0.00977      300.00000      122.09213
   82    1    1     2374.20461     1682.28019      833.05141        6.38817      111.93457        0.01530        0.02220        0.18447        8.60000        0.07602        1.55184        0.18273        6.40068        0.01025        0.00362        0.00171        0.25002      112.18319        0.01535        0.02306        7.43773        0.07055        1.49319        0.24587        6.39995        0.01000        0.00153        0.00415      300.00000        1.16106
   83    1    1     2174.18489     6648.15928     2802.38964        2.23444       34.70231        0.00147        0.02799        0.53503       51.10000        5.87600        1.20197        0.53259       14.09546        0.04981        0.00483        0.00255        5.56081       33.16484        0.00134        0.03927       51.92245        0.57029        1.48936        5.55590       12.03860        0.03534        0.00068        0.00490      300.00000      112.00321
   84    1    1     2359.57958     6096.98174     2274.75201        3.03522       71.51880        0.00625        0.06156        1.14171       42.20000        4.98415        0.59438        1.14019        4.24561        0.00451        0.00731        0.00155        1.50704       46.76367        0.00267        0.01709       46.74194        4.88449        0.35303        1.49737       12.03820        0.03512        0.00042        0.00967      300.00000       68.82645
   85    1    1     1851.68187    22018.44590     9475.43778        3.87570       68.14348        0.00567        0.03208        1.21207       35.60000       22.14342        0.53430        1.20027       14.36381        0.04989        0.02261        0.01178        3.91703       49.48235        0.00297        0.08194       23.09930        4.15865       15.77473        3.91023       10.59863        0.02834        0.03634        0.00680      300.00000       77.96569
   86    1    1     1935.03613     8523.15196     3132.55655        2.63753       83.28773        0.00847        0.11331        1.45266       45.90000        8.21484        0.28134        1.45323        1.07901        0.00029        0.01245       -0.00049        1.99964       84.12072        0.00862        0.04022       59.22769        1.92523        6.08942        1.99149        8.71265        0.01843        0.00178        0.00815      300.00000       36.94628
   87    1    1     2250.95984     1605.42639      624.02239        0.94759       20.89853        0.00053        0.05887        0.90027       23.20000        0.03212        0.85701        0.87756        3.10876        0.00247        0.01738        0.02270        0.97566       18.79721        0.00043        0.01965       17.66586        0.11498        0.64715        0.97100       16.26234        0.06451        0.04628        0.00466      300.00000      167.41799
   88    1    1     1632.08121     1625.75658      572.15345        0.92852       23.24705        0.00066        0.07590        1.11353        9.20000        0.03274        0.64138        1.09318       13.39746        0.04586        0.04237        0.02042        0.29395       32.19218        0.00127        0.04443       28.04093        0.19714        1.31203        0.29411       12.66299        0.03956        0.06407       -0.00016      300.00000      139.49258
   89    1    1     1585.17572     1518.00500      586.10835        8.64758      147.60509        0.02661        0.00897        1.26104       15.70000        0.05996        0.53313        1.20144        6.58229        0.01130        0.00948        0.05964        0.33058      147.69950        0.02663        0.00909       15.57856        0.38684        1.11652        0.29098        6.58230        0.01027        0.03056        0.03960      300.00000        0.15031
   90    1    1     2674.40327     3116.35702     1456.75685        5.87137      110.57504        0.01493        0.02838        0.28740       20.00000        1.69545        1.46466        0.26990        9.77150        0.02297        0.02825        0.01753        2.12833      108.56264        0.01435        0.03165       18.70175        0.29717        1.02613        2.10403        9.75828        0.02439        0.02002        0.02430      300.00000       29.66335
   91    1    0     8441.88853   591744.74006  7517370.38735        1.02765       13.76754        0.00023        0.02169        0.20666        6.30000        0.00400        1.58038        0.15419        9.41765        0.02089        0.00219        0.05247   -29598.47793        0.00000        0.00000        0.00000       15.17928        0.78800    29599.52840   -29598.47793        0.00000        0.00000        0.00000        0.00000      300.00000        0.00000
   92    1    1     2036.85711    11407.85608     4756.95498        2.48876       67.38752        0.00555        0.08400        1.24761       33.50000       11.18196        0.49080        1.24377        3.84704        0.00361        0.00504   -31582.37688        2.53544       57.88351        0.00408        0.02399       48.52412        3.03562        7.40759        2.53591        3.30207        0.00270        0.00914       -0.00047      300.00000       66.36574
   93    1    1     2144.41839     1565.09946      591.42421        0.70206       22.13677        0.00060        0.12083        0.81141        2.50000        0.03260        0.93364        0.80092        7.19322        0.01311        0.00623        0.01046        0.97109       35.70770        0.00156        0.01763        7.00883        0.04494        0.78331        0.96522       19.20560        0.09296        0.00693        0.00588      300.00000      116.25057
   94    1    1     1073.66285     1632.14651      591.94680        8.93651      200.63148        0.04916        0.01240        1.07245       13.00000        0.03307        0.75779        0.97677        8.05213        0.01500        0.04345        0.09566        1.27205      200.50731        0.04907        0.01238       13.11190        0.02838        0.60265        1.13675        8.05215        0.01735        0.00143        0.13530      300.00000        0.24289
   95    1    1     2124.99412    16797.22510     6596.37728        7.99425      119.87798        0.01755        0.00991        1.62804       34.50000       17.30403        0.10668        1.62788       14.78172        0.05383        0.00284        0.00014        4.84792      119.53697        0.01745        0.00998       34.50767        0.85530       13.33493        4.84838       14.78095        0.05409        0.00324       -0.00047      300.00000        1.81616
   96    1    1     6243.42123     1886.87836      853.25577        2.00823       16.27876        0.00032        0.00770        0.40719       14.70000        0.54591        1.33187        0.40270        7.61484        0.01415        0.00216        0.00462        0.57069       17.75294        0.00038        0.00161       15.80946        0.08208        1.63456        0.56730        8.26260        0.01669        0.00329        0.00339      300.00000       81.99697
   97    1    1     2028.15751     1440.89185      709.80698        2.59643       45.38891        0.00252        0.03481        1.25660       10.30000        0.03373        0.47772        1.25685        4.80599        0.00570        0.00072       -0.00020        1.55616       41.74615        0.00213        0.03314       10.92673        0.00854        0.20839        1.55554        3.71242        0.00344        0.00000        0.00062      300.00000      101.71296
   98    1    1     2175.80334     1793.78935      599.28657        6.40808      124.71777        0.01900        0.02727        0.94750       26.40000        0.35956        0.78662        0.94795        3.93645        0.00383        0.02642       -0.00048        1.12728      123.98655        0.01869        0.02886       26.03910        0.27870        0.69547        1.11897        3.78616        0.00362        0.01757        0.00831      300.00000        3.03719
   99    1    1     1595.53430     3750.54835     1649.26960        2.89695       65.80939        0.00529        0.05774        0.28692        4.30000        2.80236        1.45127        0.28329       13.13653        0.04216        0.00131        0.00370        2.30197       81.52126        0.00804        0.10095       22.78862        1.25540        0.97282        2.29780        5.34213        0.00717        0.00069        0.00417      300.00000       68.83413
  100    1    1     1451.47989    13082.63467     5795.88921        8.62839      159.91714        0.03123        0.01072        0.43717       14.80000       13.10272        1.30768        0.42688        8.65741        0.01816        0.01052        0.01025        5.04523      160.00812        0.03125        0.01074       14.77339        0.85122        8.94310        5.04293        8.65845        0.01879        0.01788        0.00230      300.00000        0.93901
