    1    1    1     1541.76034     1645.35261      573.98106        4.90399      158.74966        0.03078        0.09721        1.18123       21.60000        0.03767        0.55380        1.18076       11.73567        0.03436        0.00083   -33197.38338        0.86552      162.87027        0.03204        0.10875       12.23222        0.01975        0.87203        0.86448       12.27356        0.03764        0.00015        0.00104      300.00000       21.62143
    2    1    1     1646.18288     4737.47271     2216.70417        4.78075      122.90730        0.01845        0.06227        0.43433       32.40000        3.97591        1.29964        0.43492       11.47042        0.03261        0.03912       -0.00056        2.16256      107.12736        0.01399        0.11855       23.11426        0.09665        3.43306        2.14717        5.84148        0.00823        0.02931        0.01539      300.00000       12.22996
    3    1    1     4376.60148     2551.31285      926.66962        6.73621       64.86556        0.00514        0.00619        1.15612       19.20000        1.38879        0.58327        1.15129        8.77029        0.01936        0.01621        0.00486        2.28143       64.57640        0.00508        0.00730       18.66493        0.18050        0.67875        2.26307        8.77066        0.01962        0.00239        0.01835      300.00000       11.38227
    4    1    1    15575.97052     1946.96889      643.10718        1.85716       26.61133        0.00086        0.02421        0.68819       10.30000        0.60517        1.06060        0.67396        2.54254        0.00156        0.05414        0.01420        1.72960       39.48138        0.00190        0.00779       16.09951        0.22061        0.45328        1.67043        6.58312        0.01130        0.01024        0.05917      300.00000       50.03761
    5    1    1     1941.50624     7707.13238     3817.71147        0.83686       22.91849        0.00064        0.09096        1.31893       33.00000        7.29069        0.41516        1.31941        7.00474        0.01214        0.00111       -0.00050        6.12321       15.67269        0.00030        0.02558       15.27467        0.25160        2.67172        6.12349       15.19649        0.05704        0.00017       -0.00028      300.00000      148.70059
    6    1    1     2372.03111     3150.41462     1327.67546        3.55929       66.26575        0.00536        0.03697        0.81559       31.10000        1.86591        0.92020        0.81436        5.83011        0.00835        0.00752        0.00129        1.22875       48.90895        0.00291        0.03700       33.28900        1.75342        0.61719        1.22914        6.83485        0.01160        0.00903       -0.00039      300.00000       49.55698
    7    1    1     3219.41172    21835.88034     9782.85010        8.90052       66.71293        0.00544        0.00143        0.12933       19.40000       22.74408        1.60807        0.12650       16.25599        0.06629        0.00197        0.00285       22.67772       66.24374        0.00536        0.00145       19.37455        0.09044        1.71470       22.67353       16.25603        0.06644        0.00050        0.00419      300.00000        1.60300
    8    1    1     2122.90088     1809.16045      743.72015        2.03228       24.56434        0.00074        0.01711        0.83126       17.90000        0.32398        0.90482        0.82974        3.18310        0.00249        0.00097        0.00149        0.41480       22.63514        0.00062        0.09900       17.23525        1.23220        0.33265        0.41342        1.82495        0.00082        0.00127        0.00139      300.00000      133.57779
    9    1    1     2324.72476     1936.42272      543.17851        2.39551       38.69974        0.00183        0.03005        1.58387       20.00000        0.58771        0.15671        1.57785        3.98382        0.00386        0.01436        0.00602        1.42782       43.33629        0.00229        0.03044       21.83439        0.62015        0.28667        1.40866        6.65284        0.01063        0.00040        0.01916      300.00000       84.61248
   10    1    1     3217.24933     1511.52782      606.26630        3.90549       43.89201        0.00235        0.01307        1.00144        6.80000        0.10774        0.73257        1.00200       10.75258        0.02867        0.00424       -0.00058        0.46557       48.92620        0.00292        0.01526        5.53999        0.11540        1.26391        0.46258       10.27210        0.02581        0.00122        0.00299      300.00000       52.78406
   11    1    1      983.61911     2460.47979      971.51647        8.51520      245.31828        0.07350        0.02787        0.97578        9.90000        1.01816        0.75945        0.97511       14.68534        0.05384        0.05043        0.00069        1.48260      245.11258        0.07314        0.02814        9.95509        0.23856        1.08432        1.42991       14.68538        0.05078        0.00149        0.05269      300.00000        0.07014
   12    1    1     2772.43078     1583.89811      695.47897        8.17998       91.16465        0.01015        0.00502        1.30882       19.50000        0.09831        0.43647        1.29809       10.04692        0.02444        0.00261        0.01074        0.60085       90.96579        0.01010        0.00523       19.44050        0.26559        0.96670        0.60047       10.04734        0.02484        0.01251        0.00038      300.00000        0.54632
   13    1    1     1545.31415    62551.91766    25712.94042        3.15681       73.02350        0.00651        0.05884        0.33986       32.90000       64.19574        1.46472        0.26985       23.09266        0.12459        0.00950        0.06997       20.38934       52.95599        0.00342        0.07543       38.92923        0.30391       45.25377       20.33065       25.62195        0.17120        0.00265        0.05870      300.00000      100.07731
   14    1    1     1514.76186     3029.56569     1127.25467        2.82984       83.09233        0.00843        0.09687        0.91031       21.80000        1.62941        0.83287        0.90169       10.63366        0.02744        0.00873        0.00866        0.73892       67.67179        0.00557        0.07199       21.37040        0.83795        1.83871        0.73632        5.98643        0.00877        0.01217        0.00259      300.00000       66.25513
   15    1    1     3921.56017    14152.84536     6645.98471        5.12585       70.90312        0.00614        0.01723        0.59393       36.30000       14.18633        1.14740        0.58716        5.55601        0.00779        0.00032        0.00681        2.54354       53.13087        0.00345        0.01125       26.66130        1.20597       12.14046        2.54072       14.47707        0.05258        0.00190        0.00282      300.00000       19.36772
   16    1    1     1406.58995     3420.09324     1346.48350        2.41936       60.17007        0.00442        0.07112        0.47535       29.40000        1.93706        1.26557        0.46900        2.99843        0.00219        0.01301        0.00636        2.77505       66.55238        0.00537        0.12441       29.76543        0.74901        0.09120        2.77464        4.59102        0.00519        0.01849        0.00041      300.00000       89.80693
   17    1    1     4357.69505     1488.76752      606.17033        5.80460      112.48116        0.01545        0.03041        1.45089        2.80000        0.00769        0.28878        1.44579        3.06504        0.00237        0.00291        0.00501        0.41853      110.74677        0.01496        0.02888        7.51918        0.01448        1.31938        0.41054        2.98337        0.00225        0.00001        0.00799      300.00000      171.28759
   18    1    1     1573.44943     4271.29996     1757.06375        0.81202       16.68188        0.00034        0.05121        0.22981       34.20000        3.15806        1.50447        0.23009        6.56388        0.01071        0.00962       -0.00022        1.53234       11.86374        0.00017        0.07544       22.14031        1.37318        1.95788        1.52898        8.62211        0.01817        0.00704        0.00337      300.00000      157.68135
   19    1    1     3760.62316     1687.85674      767.55860        2.05158       47.97431        0.00281        0.06397        1.62793       14.50000        0.02620        0.10850        1.62607        9.68928        0.02301        0.00052        0.00182        0.29655       47.15375        0.00271        0.01385        5.03309        0.31705        1.13801        0.29691       18.15056        0.08185        0.00291       -0.00036      300.00000       58.61886
   20    1    1     1689.44046   150949.33564    63034.06549        3.50554       82.39999        0.00829        0.05919        1.46824       10.60000      151.05036        0.26953        1.46503        5.91554        0.00856        0.02988        0.00323      116.95694       97.65430        0.01163        0.07542       21.38082        0.05967       35.77526      116.92661        7.95933        0.01510        0.00000        0.03032      300.00000       42.54298
   21    1    1     2179.36327     1539.82763      616.63628        8.76947      103.81479        0.01316        0.00395        1.19455       34.00000        0.06850        0.54226        1.19230        3.90868        0.00374        0.02492        0.00220        1.06666      103.75990        0.01314        0.00398       34.02107        0.06564        0.69491        1.04258        3.89936        0.00364        0.00312        0.02408      300.00000        0.39311
   22    1    1     8610.96060     2457.33595      906.85393        3.95998       22.81413        0.00064        0.00342        1.64622       17.90000        1.31317        0.09395        1.64061        8.95212        0.02019        0.00298        0.00564        2.00033        2.03314        0.00001        0.00286       20.64507        0.31598        0.71453        2.00063       12.32670        0.03778        0.00909       -0.00030      300.00000       82.54452
   23    1    0      355.56095152963355.54777 54638965.61724        6.34568      125.78679        0.01932        0.02867        0.35835       12.20000   135857.85279        1.43603        0.30082       13.08738        0.04024        0.00419        0.05747    84473.44898        0.00000        0.00000        0.00000      108.35218        0.02025    51386.28762    84473.44898        0.00000        0.00000        0.00000        0.00000      300.00000        0.00000
   24    1    1     1322.42444     2193.66466      883.64096        8.97513      160.78577        0.03157        0.00762        1.20877        6.70000        0.78103        0.54838        1.18619        7.33088        0.01375        0.04472        0.02249        0.88872      160.64327        0.03149        0.00771        6.59433        0.06395        1.57480        0.87677        7.32948        0.01299        0.05618        0.01195      300.00000        0.37464
   25    1    1     1793.85621     4346.10234     2200.92615        8.56405      134.00163        0.02193        0.00797        0.79227       18.50000        3.07297        0.94206        0.79251        5.73433        0.00818        0.00198       -0.00020        0.51803      133.74557        0.02179        0.00784       18.66223        0.53864        3.75254        0.51666        5.73497        0.00823        0.00030        0.00137      300.00000        0.53516
   26    1    1     2628.60173     6139.60841     2872.32072        4.62471       82.98856        0.00841        0.03092        1.42655       13.20000        5.51548        0.30848        1.42608       13.59290        0.04546        0.03057        0.00048        2.63566      112.37479        0.01541        0.05300       17.25173        0.16786        4.46941        2.62312        6.35235        0.00975        0.01479        0.01254      300.00000       44.76957
   27    1    1     1976.93123   403967.08467   165615.92557        2.69041       38.64465        0.00182        0.02337        0.60565       24.80000      398.90182        1.12964        0.60493       10.54661        0.02734        0.02793        0.00075      197.34635       45.40306        0.00252        0.08243       14.71157        0.20886      202.99097      197.33216       16.69213        0.06723        0.01924        0.01419      300.00000      107.15548
   28    1    1     1977.60532     5197.27293     2448.75765        2.70521       54.14759        0.00358        0.04535        1.20583       20.40000        4.05805        0.56869        1.16588        7.77637        0.01434        0.05521        0.03989        1.54828       54.59253        0.00363        0.07034       24.45552        0.76742        3.54601        1.45103        8.09707        0.01515        0.00023        0.09725      300.00000       63.08150
   29    1    1     2622.80599     1426.72105      629.00589        4.17316       47.12519        0.00271        0.01286        1.43020        1.10000        0.00039        0.30933        1.42524       11.58324        0.03271        0.00246        0.00494        0.97539       33.63897        0.00138        0.02844       14.87004        0.01336        0.76278        0.97270        4.43062        0.00480        0.00451        0.00269      300.00000       94.21395
   30    1    1     1805.98806    32461.26076    14370.56933        4.04999       91.32015        0.01019        0.05191        1.71854       24.00000       33.58139        0.03518        1.69939        1.93764        0.00090        0.02849        0.01910       28.22726      103.99419        0.01320        0.09700       35.76356        0.47110        6.56766       28.22640        2.50387        0.00154        0.04882        0.00085      300.00000       11.43244
   31    1    1     1625.33116     3476.57489      218.79512        0.25229        4.97638        0.00003        0.04749        1.71250       43.40000        2.11360        0.02184        1.71272        5.39024        0.00722        0.02280       -0.00026        1.53398       17.33157        0.00037        0.04996       42.23235        2.29384        0.03816        1.51130        6.09895        0.00891        0.00027        0.02269      300.00000      165.88734
   32    1    1     2549.23524    40231.59594    17300.08250        4.87459       85.34209        0.00890        0.02854        0.41818       33.30000       42.21788        1.32888        0.40569        5.50602        0.00770        0.00079        0.01252       21.81924       77.99778        0.00741        0.02979       36.95001        0.97718       21.16521       21.80891        5.40616        0.00740        0.00461        0.01033      300.00000        9.84661
   33    1    1     2888.52196     1791.72022      799.58349        4.98710       67.08640        0.00550        0.01660        0.51073       14.50000        0.03223        1.22354        0.51102       20.51974        0.10397        0.01534       -0.00018        0.03692       69.63370        0.00591        0.02970       11.52622        1.44718        0.27801        0.03683       19.64136        0.09609        0.01412        0.00009      300.00000       23.44088
   34    1    1     6467.54018     1910.48352      539.29200        0.13638        1.29129        0.00000        0.01095        1.63346       18.10000        0.44384        0.11925        1.61532       11.03201        0.02927        0.03470        0.01821        1.37853       26.63776        0.00086        0.02062       19.72632        0.55020        0.29308        1.33289        9.29747        0.02241        0.00576        0.04563      300.00000       57.45010
   35    1    1     3061.59980     1475.12975      601.30614        4.64906       69.43288        0.00589        0.02135        1.38129        6.80000        0.01465        0.35279        1.38177       10.27613        0.02614        0.00240       -0.00050        0.83700       71.43723        0.00622        0.03224       11.06568        0.18236        0.73418        0.83518        7.06786        0.01251        0.00000        0.00182      300.00000       14.23490
   36    1    1     2241.72790     9165.75925     4358.65367        2.19383       31.42310        0.00121        0.02385        0.60151       27.60000        8.75049        1.19806        0.53651        3.72825        0.00325        0.03174        0.06500        5.52656       28.12000        0.00096        0.04525       32.53755        0.58877        4.36190        5.52661        4.32246        0.00465        0.08201       -0.00005      300.00000      115.59240
   37    1    1     2508.19193     1967.95240      447.56032        8.22817       98.23189        0.01179        0.00562        1.55794       24.10000        0.62622        0.17618        1.55839        2.37960        0.00140        0.01256       -0.00048        1.58020       98.25279        0.01178        0.00564       24.10676        0.63210        0.15824        1.57047        2.35822        0.00141        0.00234        0.00973      300.00000        1.87999
   38    1    1     5386.47388     1509.73048      594.49985        4.17458       73.08269        0.00652        0.03091        0.81613       18.50000        0.02859        0.95728        0.77728        3.03716        0.00219        0.01574        0.03890        0.33253       61.17415        0.00456        0.00723       16.87673        0.15013        1.28665        0.32387       11.04359        0.03084        0.04543        0.00865      300.00000       81.39799
   39    1    1      925.98836     1816.43027      637.21948        0.73351       30.29543        0.00112        0.20722        1.60670        5.70000        0.05393        0.17660        1.55796       10.96815        0.02838        0.01987        0.04880        0.42116        6.46519        0.00005        0.29266       18.83646        0.37728        0.92407        0.41174        9.17841        0.02132        0.05729        0.00941      300.00000      156.16310
   40    1    1     2010.13699     1764.80573      645.25915        5.92191      134.90546        0.02223        0.04115        1.50598       43.10000        0.20528        0.22801        1.50655        4.80344        0.00571        0.00783       -0.00057        1.19855      134.71001        0.02216        0.04112       43.07890        0.16690        0.57384        1.19896        4.87408        0.00587        0.00776       -0.00041      300.00000        9.15211
   41    1    1     3053.90069     1874.54349      683.43492        1.73831       22.73136        0.00063        0.02025        1.00288       21.10000        0.56034        0.73123        1.00334        2.79446        0.00193        0.00347       -0.00048        1.33602       24.71938        0.00075        0.01547        8.40363        0.50912        0.45801        1.33370        1.79273        0.00079        0.00057        0.00232      300.00000      111.66729
   42    1    1     1688.93870     1549.71166      602.22317        0.34179        7.76116        0.00007        0.06290        1.60191       11.60000        0.13512        0.13795        1.59662        3.67987        0.00330        0.02420        0.00528        1.03703       22.05133        0.00059        0.04200       19.31043        0.02623        0.83512        1.02117        5.95257        0.00902        0.01545        0.01586      300.00000      157.60350
   43    1    1     2643.42452     1827.43298      816.04690        5.42009      103.50738        0.01309        0.03146        0.51507       11.50000        0.03337        1.22468        0.50988       19.91028        0.09981        0.02657        0.00522        0.15848      102.65160        0.01285        0.03264       10.71317        0.15907        1.45223        0.15568       19.91001        0.09943        0.02936        0.00281      300.00000       23.54104
   44    1    1     1750.00145     6779.90142     3355.91616        8.19402      142.42050        0.02477        0.01212        0.04732       19.10000        6.32631        1.68761        0.04696        3.80730        0.00357        0.00152        0.00043        1.56574      142.31703        0.02473        0.01213       19.07959        5.60741        0.88949        1.56394        3.82164        0.00366        0.00006        0.00180      300.00000        1.37476
   45    1    1     2648.80590     1825.50778      588.19293        6.21225      104.07535        0.01323        0.02105        1.45065       20.60000        0.31782        0.28469        1.44988       17.99540        0.07961        0.00058        0.00079        0.97447      105.04819        0.01344        0.02156       20.24197        0.34258        0.73427        0.97479       17.99588        0.08047        0.00084       -0.00032      300.00000        9.28339
   46    1    1     6114.86536     1573.32059      680.66283        5.85307       60.20342        0.00443        0.00849        0.43850       10.90000        0.00900        1.29551        0.43905       15.60497        0.06029        0.01719       -0.00049        1.34093       62.07894        0.00470        0.01557        9.26132        0.00465        0.40664        1.32997       14.89216        0.05368        0.00725        0.01096      300.00000      119.74670
   47    1    1     1255.02512     9110.49630     3840.86739        3.71292      121.46621        0.01802        0.11269        0.54192       14.30000        8.89264        1.19742        0.53714       18.98979        0.08794        0.08268        0.00476        5.26653      105.70097        0.01364        0.18417       14.48754        0.01913        5.42064        5.18830       11.05210        0.02844        0.00078        0.07823      300.00000       36.40466
   48    1    1     3849.64167     1946.79586      591.98153        0.60212       10.07220        0.00012        0.03405        1.20374        7.60000        0.40194        0.53030        1.20426       21.93200        0.11937        0.01389       -0.00047        0.49172        7.44427        0.00007        0.02570       20.52116        0.84522        0.81366        0.49225       21.32089        0.11264        0.01441       -0.00054      300.00000       89.74991
   49    1    1     3115.00796     2241.28015     1038.19852        4.93678      100.92295        0.01244        0.03860        0.23792       19.20000        0.71386        1.49730        0.23727        9.90014        0.02446        0.00432        0.00063        0.40365       88.33196        0.00951        0.03313       22.43711        0.53065        1.52255        0.40096       10.42553        0.02726        0.00216        0.00269      300.00000       92.49259
   50    1    1     2602.73887     2402.85181      698.93409        6.61045      103.94222        0.01320        0.01700        1.37561       25.50000        0.96302        0.36084        1.37372        8.78978        0.01934        0.00185        0.00187        1.18656      106.21392        0.01373        0.01666       25.46038        0.97404        0.53652        1.18693        8.78704        0.01907        0.00429       -0.00037      300.00000        2.35810
   51    1    1     1388.69998     3448.88783     1096.03411        2.82933       86.94476        0.00923        0.10610        1.49235       22.10000        2.12655        0.24175        1.49282       14.53903        0.05241        0.00587       -0.00059        2.17192      100.30624        0.01227        0.09654       38.50259        0.74521        0.97176        2.17212       11.00532        0.02990        0.00666       -0.00020      300.00000       53.42261
   52    1    1     3024.30043     1490.71955      579.52657        4.02118       47.57897        0.00276        0.01433        1.08109       27.10000        0.09156        0.65632        1.07824        5.07253        0.00629        0.00073        0.00290        1.20751       50.76093        0.00314        0.02549       26.66930        0.43021        0.18262        1.20760        1.31642        0.00043        0.00369       -0.00010      300.00000       72.12928
   53    1    0     1330.07327  5265538.16737  1772587.95288        5.26301       99.86850        0.01218        0.03180        1.18007       18.00000     4544.08656        0.55431        1.18026        6.70665        0.01119        0.00923       -0.00012      904.57848        0.00000        0.00000        0.00000       87.86136        0.03195     3643.05763      904.57848        0.00000        0.00000        0.00000        0.00000      300.00000        0.00000
   54    1    1     1115.98797     2238.42458      979.90210        8.82275      200.24853        0.04897        0.01394        0.40075       26.50000        0.67548        1.36497        0.36959        8.06502        0.01550        0.00037        0.01637        1.02017      200.22353        0.04888        0.01415       26.43114        0.29765        1.09196        1.02025        8.06584        0.01619        0.03099       -0.00008      300.00000        0.30346
   55    1    1     3596.96247     2251.04039     1115.82898        6.42633       73.27996        0.00656        0.00932        0.15068       16.40000        0.74603        1.58528        0.14928       10.47714        0.02694        0.02153        0.00139        0.67680       73.12079        0.00652        0.00859       16.83556        0.16983        1.65137        0.66016       10.47778        0.02797        0.00527        0.01664      300.00000        2.28373
   56    1    1      940.55994     1859.69763      692.81308        8.86992      235.84241        0.06793        0.01841        0.94256       22.20000        0.22270        0.80751        0.92705       11.90972        0.03418        0.02312        0.01558        1.45364      235.98882        0.06776        0.01880       22.07070        0.14555        0.39058        1.42084       11.91017        0.03653        0.00357        0.03280      300.00000        0.01040
   57    1    1     1418.45418     1998.45587      704.52629        0.58281       19.28182        0.00045        0.13323        0.58323        8.20000        0.32942        1.15248        0.58209       14.43039        0.05205        0.00051        0.00121        0.19989        9.14113        0.00010        0.06124       36.40475        1.27682        0.62654        0.19935       18.48462        0.08527        0.00151        0.00053      300.00000      168.06190
   58    1    1     1866.57536     7243.28343     3402.96501        1.13617       25.09045        0.00077        0.05879        0.67180       22.40000        6.66210        1.07045        0.66411        5.47156        0.00756        0.02234        0.00763        6.03068       26.78089        0.00087        0.04066       29.69985        0.79089        1.62085        6.00403        4.86067        0.00565        0.00420        0.02665      300.00000      129.27753
   59    1    1     1514.81769     2143.50468      799.46973        5.76935      169.57271        0.03512        0.07039        0.31716       14.60000        0.69128        1.42156        0.31301       10.44230        0.02662        0.02178        0.00423        0.74189      171.08861        0.03563        0.07117       13.69372        0.14271        1.56347        0.71835       10.44789        0.02614        0.00291        0.02354      300.00000        2.41119
   60    1    1     1685.78704     8486.48187     3449.40715        8.79041      132.36887        0.02140        0.00629        0.80323       36.50000        8.25478        0.94605        0.78852        5.71192        0.00787        0.00419        0.01468        4.16373      132.11814        0.02131        0.00634       36.49848        1.59137        4.25169        4.14627        5.71044        0.00785        0.00152        0.01746      300.00000        0.96621
   61    1    1     1802.41031   182348.78370    72571.55432        3.39000       49.89259        0.00304        0.02341        0.70891       21.60000      182.46550        1.05019        0.68438       13.16311        0.04147        0.00033        0.02456      120.97133       53.96959        0.00356        0.09117       22.08593        0.19273       63.00215      120.96562        3.31240        0.00267        0.02930        0.00571      300.00000      102.71159
   62    1    1     3015.00142     4992.89284     2603.36342        2.41994       38.34960        0.00180        0.02888        1.34544       20.50000        4.24989        0.39299        1.34158        9.20815        0.02071        0.01160        0.00382        4.83745       49.52428        0.00299        0.01301       18.54325        0.08470        1.06768        4.82331       12.97094        0.04060        0.00488        0.01414      300.00000       54.48997
   63    1    1     2887.43583     1515.49340      657.50861        5.16937       85.63944        0.00896        0.02456        0.78715       25.10000        0.04408        0.95111        0.78346        1.48962        0.00054        0.00537        0.00365        0.14473       91.02235        0.01012        0.04741        8.40053        0.02387        1.58457        0.14142        4.88882        0.00584        0.00524        0.00331      300.00000       44.23760
   64    1    1     1825.02742     4784.64889     2120.31741        3.54500       78.67232        0.00756        0.05259        0.74188       13.40000        3.84159        1.01214        0.72243        8.17944        0.01607        0.00694        0.01941        2.96206       70.97948        0.00615        0.05371       22.66934        0.25693        2.36693        2.96248        4.87160        0.00587        0.02711       -0.00041      300.00000       62.56442
   65    1    1     1897.04576     1579.62747      518.89553        7.63683      138.62879        0.02347        0.01677        0.82152       26.40000        0.14132        0.91278        0.82178        3.34844        0.00277        0.00797       -0.00020        0.36662      138.76135        0.02348        0.01699       26.33247        0.65039        0.85812        0.36720        3.33755        0.00276        0.00824       -0.00058      300.00000        1.06777
   66    1    1     1375.74638     1583.31609      677.79580        7.20174      196.37171        0.04710        0.04371        1.44590        4.60000        0.00151        0.38387        1.35070        7.71419        0.01376        0.00056        0.09518        0.89737      195.57000        0.04669        0.04367        5.44145        0.00213        0.84936        0.88502        7.71403        0.01438        0.08282        0.01235      300.00000        0.14320
   67    1    1     1769.09939     2563.74773     1073.12216        6.95063      154.91068        0.02931        0.03136        0.62254       14.40000        1.09293        1.11180        0.62276       13.65964        0.04641        0.02573       -0.00022        1.28689      155.63940        0.02955        0.03138       14.22724        0.24375        1.31834        1.26516       13.65970        0.04772        0.00246        0.02173      300.00000        2.50019
   68    1    1     1955.81717     2623.70440     1151.14840        7.29737      136.38643        0.02272        0.01994        0.65260        7.00000        1.31397        1.09305        0.64152        6.85962        0.01193        0.01499        0.01106        0.97627      135.95334        0.02254        0.01979        7.46846        0.09250        1.98484        0.97152        6.86195        0.01185        0.02141        0.00475      300.00000        1.32757
   69    1    1     1494.46430     1496.97319      632.23321        7.96198      172.22867        0.03623        0.02092        1.29695        3.70000        0.02234        0.44800        1.28657        6.34232        0.00974        0.00265        0.01033        0.63200      172.44798        0.03621        0.02089        3.92500        0.03069        1.10030        0.62600        6.34837        0.01016        0.00658        0.00600      300.00000        0.92809
   70    1    1     1510.91921     2059.88920      803.00129        5.55549      169.21197        0.03497        0.07834        0.38574       15.30000        0.52166        1.35573        0.37883        7.48362        0.01413        0.02139        0.00693        1.48268      168.66765        0.03474        0.07478       15.77501        0.04664        0.72727        1.48304        8.27631        0.01703        0.02884       -0.00036      300.00000        4.12749
   71    1    1     1678.58833     1561.73550      575.78183        8.34606      147.27524        0.02649        0.01154        1.49062       29.60000        0.08470        0.24380        1.49076        6.79408        0.01139        0.03105       -0.00019        1.06820      147.25705        0.02647        0.01161       29.58814        0.07633        0.67707        1.06582        6.79491        0.01131        0.02862        0.00238      300.00000        0.25409
   72    1    1     2526.19783     2974.00500      907.75762        2.93435       41.57512        0.00211        0.02241        0.74915       29.90000        1.80022        0.98789        0.74668        5.70915        0.00798        0.01185        0.00248        2.58348       41.29867        0.00208        0.03286       29.96081        0.59266        0.34373        2.58312        7.16436        0.01263        0.01416        0.00035      300.00000       72.87753
   73    1    1     2248.72306     3898.65013     1724.79555        6.72536      123.31482        0.01857        0.02249        1.32343       23.80000        2.73152        0.42951        1.30505       13.46047        0.04356        0.00273        0.01833        2.41569      124.36073        0.01886        0.02466       22.74819        0.19729        1.86814        2.39818       13.46088        0.04619        0.00098        0.01751      300.00000        4.96337
   74    1    1     2921.22992     1804.82065      540.40690        2.62915       38.21464        0.00178        0.02402        1.43807       29.10000        0.35005        0.30109        1.43347        6.89628        0.01160        0.00081        0.00463        1.16121       28.92731        0.00102        0.01365       40.95405        0.45924        0.48269        1.16064        4.48916        0.00503        0.00460        0.00058      300.00000      104.81347
   75    1    1     1572.02993     3847.05538      616.53480        4.23385      128.00471        0.02001        0.09163        1.47146       42.00000        2.38531        0.29535        1.43921        6.22146        0.00922        0.00197        0.03230        1.90254      126.98765        0.01959        0.07626       41.06824        2.07737        0.16853        1.87001       10.90842        0.02833        0.00232        0.03253      300.00000       13.31702
   76    1    1     1673.85892    11998.81295     5193.75094        2.74982       72.98110        0.00651        0.07952        0.52376       12.60000       12.05106        1.24345        0.49111       10.03229        0.02592        0.00328        0.03260        9.57717       67.64337        0.00558        0.06521       14.34495        0.09048        4.12848        9.55045       14.57494        0.05450        0.01206        0.02672      300.00000       62.34842
   77    1    1     2106.17951     1631.04797      662.80616        8.23903      120.40623        0.01771        0.00838        1.64530       16.00000        0.31844        0.09395        1.64061        7.65248        0.01428        0.02048        0.00473        1.04015      120.08944        0.01758        0.00860       15.93081        0.23652        0.78318        1.03320        7.65348        0.01424        0.01827        0.00695      300.00000        0.12294
   78    1    1     2729.57277     1769.86130      782.00028        2.92329       59.59416        0.00434        0.04642        1.61342       27.50000        0.21202        0.12762        1.60695        4.46763        0.00503        0.00292        0.00653        0.32438       67.61783        0.00557        0.01920       29.35363        1.18975        0.44345        0.32305        9.19054        0.02073        0.00869        0.00132      300.00000       21.28001
   79    1    1     3121.87742     1931.86300      729.29391        7.71934       80.84689        0.00798        0.00541        1.36145        9.10000        0.67508        0.39638        1.33818        1.76514        0.00080        0.00063        0.02322        1.57493       80.90228        0.00798        0.00548        8.97093        0.52482        0.32748        1.55723        1.77886        0.00076        0.00628        0.01770      300.00000        5.03128
   80    1    1     3259.81086     2365.40544      482.42269        0.43367        3.69230        0.00002        0.00884        1.70349       47.70000        0.86502        0.05553        1.67903        5.86898        0.00883        0.06427        0.02452        0.74883       46.22197        0.00260        0.02090       38.74236        1.87670        0.01174        0.67853       10.38776        0.02521        0.02004        0.07030      300.00000      108.76531
   81    1    1     2784.40173     4077.45529     1713.30679        8.42853       85.93943        0.00902        0.00368        0.67926       27.30000        3.13631        1.08871        0.64585        8.32913        0.01651        0.00762        0.03344        1.96704       85.99114        0.00903        0.00363       27.30490        0.20052        2.70488        1.96551        8.32828        0.01735        0.03868        0.00153      300.00000        1.56344
   82    1    1     1687.05971     1843.50758      798.31067        2.22834       59.51872        0.00433        0.08281        1.67175       17.00000        0.15612        0.06453        1.67003       12.03743        0.03553        0.00529        0.00177        0.88009       72.20296        0.00631        0.05665       31.40045        0.36645        0.68145        0.87338       10.89828        0.02889        0.00052        0.00670      300.00000       81.44099
   83    1    1     1499.29395   455457.90565   173392.48720        1.57994       28.66518        0.00100        0.03920        0.28711       16.70000      444.57992        1.48827        0.24630        7.10760        0.01307        0.00702        0.04089       23.07670       32.61572        0.00130        0.14625       15.70989        0.04191      423.09871       23.06410        9.97604        0.02405        0.02670        0.01260      300.00000      141.60182
   84    1    1     1954.19343     6977.64691     2602.29742        1.42290       30.74544        0.00115        0.05587        0.99061       44.80000        6.55027        0.74857        0.98599       15.15438        0.05778        0.00949        0.00463        1.98870       28.68667        0.00100        0.02096       39.71577        0.51189        5.77023        1.98523       21.55024        0.11664        0.00432        0.00347      300.00000      130.18533
   85    1    1     4396.54833     1503.58547      588.80360        0.36017        3.16361        0.00001        0.00941        0.58363        8.40000        0.07441        1.15455        0.58001        1.06827        0.00029        0.08497        0.00357        1.16399        9.68148        0.00011        0.00533       10.70052        0.37676        0.31006        1.12179        1.93204        0.00088        0.05014        0.04220      300.00000      146.43982
   86    1    1     1108.99457  5466731.12664  1746891.22222        1.24083       24.65423        0.00074        0.04747        0.54130       17.40000     4708.24993        1.19940        0.53517        2.59598        0.00170        0.00002        0.00617        2.08548       39.12444        0.00187        0.24805       60.62796        1.67449     4705.95812        2.08150       16.47255        0.06626        0.00083        0.00398      300.00000      173.41034
   87    1    1     1971.16215     1798.92656      851.53783        4.44425      107.25832        0.01405        0.05709        1.29451       20.20000        0.02574        0.43982        1.29474       10.71223        0.02853        0.00007       -0.00022        0.06677       99.93851        0.01219        0.05737       23.50771        0.25357        1.44683        0.06721        9.56462        0.02263        0.00044       -0.00044      300.00000        4.89776
   88    1    1     1562.38921     2067.69133      633.20554        7.69083      169.98610        0.03529        0.02437        0.96071       25.60000        0.56680        0.77342        0.96115        8.59721        0.01834        0.00104       -0.00045        0.99587      170.50305        0.03542        0.02467       25.44666        0.64296        0.66265        0.99535        8.59634        0.01818        0.00022        0.00052      300.00000        0.15543
   89    1    1     1246.95571     5184.30504     2057.46793        0.06807        2.39945        0.00001        0.15176        0.74635       27.90000        3.92547        1.02676        0.70781       15.36853        0.06102        0.00006        0.03855        1.01579       49.59204        0.00299        0.08668       52.39633        2.13141        2.58035        1.00796       13.67679        0.04726        0.04693        0.00783      300.00000      143.91252
   90    1    1     1506.40642     2950.53928     1339.98579        6.24258      175.30658        0.03753        0.05878        0.90179       15.60000        1.53136        0.83698        0.89759        2.23468        0.00122        0.00571        0.00418        0.52698      176.39229        0.03760        0.05999       14.65549        1.28747        1.45006        0.52694        2.37763        0.00141        0.00987        0.00005      300.00000        0.69585
   91    1    1     1777.16543    27621.42789    11655.10073        6.74562      151.17398        0.02791        0.03343        1.02051       28.80000       28.62099        0.71925        1.01532        3.73276        0.00351        0.00454        0.00517        5.04274      150.60976        0.02769        0.03330       28.96788        0.68102       24.64069        5.03430        3.68139        0.00329        0.00140        0.00844      300.00000        0.47613
   92    1    1     3278.87491    18040.59301     7770.23890        0.30149        6.45183        0.00005        0.05588        0.52643       30.50000       18.60808        1.20825        0.52631       11.86443        0.03506        0.03122        0.00007        6.45123       36.89771        0.00166        0.00780       43.63640        0.63913       13.34529        6.44233        0.87112        0.00018        0.01967        0.00890      300.00000       91.00064
   93    1    1     4066.99153     1571.42061      734.09340        7.26929       66.82428        0.00545        0.00487        0.86788       16.50000        0.05766        0.89064        0.84392        5.55614        0.00739        0.00006        0.02402        0.13252       66.90520        0.00546        0.00492       16.44928        0.12575        1.54724        0.11917        5.56571        0.00748        0.01061        0.01335      300.00000        1.38117
   94    1    1      929.63513     3054.49171      652.71582        8.44200      262.41717        0.08410        0.03391        1.48052       27.00000        1.68884        0.25505        1.47952        5.81391        0.00830        0.06148        0.00101        1.73950      262.33931        0.08369        0.03437       26.96252        0.89667        0.78762        1.73901        5.81706        0.00844        0.06191        0.00049      300.00000        0.31933
   95    1    1     5101.37621     1972.02081      892.66069        3.45073       46.29267        0.00262        0.01936        0.71917       12.00000        0.50972        1.02636        0.70820        6.92309        0.01215        0.01801        0.01099        0.36978       46.93586        0.00269        0.00502       18.21034        0.28530        1.61659        0.35338        7.93129        0.01602        0.01200        0.01640      300.00000       14.17368
   96    1    1     1453.90246     3605.90646     1756.50359        8.75552      156.84306        0.03004        0.00915        1.12061       42.00000        2.20258        0.61343        1.12114        7.35454        0.01338        0.00048       -0.00053        3.42230      156.80985        0.03001        0.00918       41.98583        0.12122        0.39351        3.42237        7.35205        0.01345        0.00000       -0.00006      300.00000        0.07247
   97    1    1     1981.87826     2348.09587      883.93525        3.07472       71.22321        0.00620        0.05934        0.23454       13.20000        0.86782        1.53682        0.19774       14.89858        0.05271        0.00728        0.03682        0.90182       48.84851        0.00290        0.04064       39.68556        0.31055        1.43215        0.90065       11.99675        0.03597        0.04066        0.00117      300.00000       74.70061
   98    1    1     1312.29929     1970.59305      636.66406        8.38351      188.28589        0.04330        0.01831        1.50346       16.60000        0.37071        0.24587        1.48870       12.75019        0.03920        0.09417        0.01484        1.15817      188.20819        0.04320        0.01857       16.45567        0.95475        0.10224        1.04804       12.74992        0.03740        0.00069        0.11013      300.00000        0.09932
   99    1    1     2129.48233     1632.29587      638.97645        0.17003        2.53351        0.00001        0.02711        0.55003       13.70000        0.09380        1.18404        0.55053       12.94348        0.04157        0.00014       -0.00046        0.09956       35.52890        0.00153        0.05239       18.36193        0.79611        0.93156        0.09989        7.93705        0.01556        0.00001       -0.00033      300.00000      144.54633
  100    1    1     4274.23153    12805.49509     5150.46632        4.40540       58.96716        0.00425        0.01764        0.71883       47.70000       13.00848        1.02812        0.70644        5.46692        0.00722        0.00285        0.01236        6.33024       72.21853        0.00636        0.01002       43.09690        1.32913        7.07180        6.32564       11.48543        0.03218        0.00767        0.00460      300.00000       43.61790
