    1    1    1     1235.22070     7015.63123     3253.70317        3.15567      106.49467        0.01385        0.12524        0.28948       29.00000        5.95302        1.44544        0.28912       16.97797        0.07095        0.00318   -33197.38347        1.78248      122.93540        0.01840        0.13818       29.78480        5.31603        0.58457        1.78253       15.29373        0.05821        0.00331       -0.00005      300.00000       46.56899
    2    1    1     6273.82569     6663.65358     2862.52970        5.14186       56.81021        0.00394        0.01097        0.67396       26.10000        6.05358        1.06906        0.66550       13.11914        0.04177        0.00023        0.00849        3.27808       64.86784        0.00514        0.00854       26.73517        1.51636        2.99540        3.27786       12.89682        0.04096        0.00903        0.00022      300.00000      148.50989
    3    1    1     3062.85809     2480.74561     1236.54433        2.06696       33.21614        0.00135        0.03019        0.13212       13.80000        0.88143        1.60558        0.12898       11.22280        0.03080        0.00105        0.00307        2.20024       42.23807        0.00218        0.01024       25.12394        0.08670        0.35337        2.20063       10.19512        0.02568        0.00413       -0.00040      300.00000       72.54030
    4    1    1     3162.65915     4359.47841     2071.71310        4.53695       78.26544        0.00748        0.02886        1.22916       25.90000        3.40240        0.52702        1.20755        5.41747        0.00704        0.00212        0.02161        3.23047       67.24079        0.00552        0.04309       15.47666        0.24654        1.65021        3.22140        7.84740        0.01494        0.01331        0.00907      300.00000       37.84879
    5    1    1     2964.36473     1759.29166      756.19766        2.80107       31.67918        0.00123        0.01440        0.17540       32.80000        0.39404        1.55881        0.17575       10.17998        0.02559        0.01197       -0.00030        0.69217       47.20224        0.00271        0.03236       29.09927        0.06855        1.36845        0.68221        7.86514        0.01499        0.00221        0.00996      300.00000       76.24351
    6    1    1     2848.91204    23883.59871    10436.97013        6.71291      102.35369        0.01279        0.01560        1.58763       14.20000       24.86902        0.14686        1.58770       12.27085        0.03749        0.01115       -0.00005       22.77384       99.68348        0.01212        0.01606       14.24831        1.05222        2.77720       22.77433       12.27322        0.03726        0.01181       -0.00049      300.00000       11.66192
    7    1    1     3896.23226     1820.49506      876.75385        7.52728       66.57674        0.00541        0.00414        0.30842       11.90000        0.31800        1.42697        0.30760       10.01883        0.02506        0.00121        0.00077        1.19790       66.70408        0.00542        0.00434       11.71188        0.07596        0.77814        1.19824       10.01867        0.02480        0.00265       -0.00034      300.00000        3.79483
    8    1    1     2606.30722     1649.35141      687.17273        4.43762       77.06870        0.00725        0.02958        0.93433       12.30000        0.21165        0.83138        0.90318        5.36559        0.00686        0.07551        0.03120        1.63319       71.25258        0.00619        0.02631       16.03425        0.02290        0.32213        1.60443        4.09318        0.00400        0.08186        0.02876      300.00000       15.50389
    9    1    1     2295.41944     2183.58916      747.74811        6.88258      117.05713        0.01674        0.01859        0.87435       16.70000        0.80182        0.85971        0.87485        7.10747        0.01253        0.04892       -0.00050        0.94681      117.19446        0.01675        0.01802       17.04312        0.58442        1.03404        0.91852        7.11070        0.01207        0.02055        0.02829      300.00000        0.63494
   10    1    1     1745.34229     4766.35879     2186.32110        0.81653       16.05367        0.00031        0.04690        0.23673       19.20000        3.72158        1.50789        0.22668        3.47524        0.00293        0.00616        0.00998        2.90468       16.23668        0.00032        0.05180       16.63228        0.22587        2.32826        2.89911        0.48203        0.00006        0.01151        0.00557      300.00000      159.67276
   11    1    1     2290.09947     2882.41387     1216.24842        2.17670       35.58695        0.00155        0.03110        0.59809       30.90000        1.34920        1.16928        0.56528       11.83717        0.03608        0.01746        0.03277        1.14750       58.86070        0.00422        0.04416       31.37588        0.87614        1.04147        1.14784       12.27358        0.03721        0.05206       -0.00034      300.00000       70.99648
   12    1    1     2719.55825     1730.63702      552.06951        2.10221       26.12205        0.00083        0.01802        1.46360       16.40000        0.34114        0.28870        1.44586        3.21647        0.00264        0.02231        0.01774        1.23048       35.12681        0.00151        0.02236       11.98180        0.31697        0.56222        1.19054        3.67487        0.00349        0.00024        0.03993      300.00000      102.42543
   13    1    1     3713.95188     2036.30342      698.46984        1.71626        7.87350        0.00008        0.00249        1.52630       56.80000        0.46643        0.22432        1.51025       11.30843        0.03256        0.00252        0.01597        0.63556       48.22335        0.00283        0.07216       24.69939        0.66668        0.77877        0.62051       19.64355        0.09818        0.00053        0.01505      300.00000      148.84446
   14    1    1     1642.11188     1787.42159      617.31466        1.75453       48.95689        0.00293        0.09216        1.50804       16.40000        0.25177        0.22648        1.50808        9.45386        0.02225        0.03719       -0.00000        1.18747       56.88401        0.00394        0.05983       32.03123        0.11707        0.76328        1.15293        3.86528        0.00385        0.00539        0.03454      300.00000       88.30544
   15    1    1     1282.53452     6584.62602     2757.53107        8.83756      173.49999        0.03676        0.01031        0.87939       31.10000        5.93785        0.85945        0.87512       10.17638        0.02604        0.00956        0.00431        4.61089      173.33188        0.03666        0.01028       31.13405        2.50927        0.55586        4.60739       10.17610        0.02530        0.01110        0.00350      300.00000        0.15043
   16    1    1     2273.26242     3734.84554      626.57324        2.92104       48.65534        0.00289        0.03099        1.33263       33.80000        2.63370        0.40198        1.33258        3.51872        0.00308        0.00261       -0.00004        1.63940       62.55658        0.00477        0.02594       36.36559        2.61171        0.12289        1.63912        2.01217        0.00101        0.00218        0.00028      300.00000       70.10447
   17    1    1     1661.03100     3181.98959     1088.45807        1.58405       41.81672        0.00214        0.08298        0.77809       19.90000        1.94847        1.00838        0.72619        5.37530        0.00751        0.06778        0.05191        2.28117       37.10124        0.00167        0.05390       25.04819        0.35416        1.04073        2.27203       15.22647        0.05866        0.10505        0.00914      300.00000      115.79010
   18    1    1     2612.07928     1486.33362      615.51311        7.11909      103.93579        0.01319        0.01284        0.63522       27.20000        0.08628        1.10573        0.62883        2.63822        0.00169        0.00193        0.00640        1.02946      103.95451        0.01317        0.01288       27.19421        0.04810        0.75130        1.02142        2.63304        0.00175        0.00021        0.00804      300.00000        0.81266
   19    1    1     1517.92951     5216.43396     2493.80930        8.72715      150.54806        0.02768        0.00866        0.74444       26.20000        4.12914        0.98964        0.74492       12.86488        0.04101        0.00023       -0.00051        1.66592      150.67819        0.02770        0.00870       26.18095        2.80874        1.38873        1.66620       12.86370        0.04087        0.00015       -0.00028      300.00000        0.40901
   20    1    1     6204.96066    15115.05550     6589.71177        0.91441       14.39711        0.00025        0.03002        0.48475       16.90000       15.47019        1.26235        0.47221        0.93496        0.00021        0.00144        0.01262       12.70155       20.01056        0.00049        0.00095       11.54949        0.03227        4.48785       12.69628        7.90568        0.01523        0.01085        0.00527      300.00000       85.03728
   21    1    1     1265.46377     1671.23319      658.25520        7.13545      214.13759        0.05600        0.05399        1.39400       12.00000        0.08692        0.34016        1.39441        1.85584        0.00086        0.00177       -0.00045        0.42793      213.97321        0.05577        0.05345       12.62333        0.25031        1.14348        0.42849        1.86590        0.00086        0.00189       -0.00056      300.00000        0.57534
   22    1    0      912.46145 13246913.48064  4348983.56112        4.35943      106.35204        0.01381        0.05887        1.41821        9.70000    11366.63431        0.32654        1.40802       10.19045        0.02516        0.00566        0.01014     2418.26332        0.00000        0.00000        0.00000      108.07838        0.07942     8950.20557     2418.26332        0.00000        0.00000        0.00000        0.00000      300.00000        0.00000
   23    1    1     1714.35322     1610.34540      689.04318        0.56417       15.19219        0.00028        0.08828        0.87050        1.20000        0.01860        0.86465        0.86992       16.89807        0.07126        0.00015       -0.01423        0.45942       43.65055        0.00232        0.04538       30.01819        0.05394        1.26337        0.45925       18.85637        0.08862        0.00068        0.00017      300.00000      125.27524
   24    1    0      938.85405 14726641.25326  4822696.34818        7.71731      110.35322        0.01487        0.01010        0.71316       31.40000    12659.23705        1.02208        0.71249        5.18066        0.00660        0.04260        0.00058      877.68630        0.00000        0.00000        0.00000      129.52316        0.05037    11783.25947      877.68630        0.00000        0.00000        0.00000        0.00000      300.00000        0.00000
   25    1    1     1285.58676     1770.69907      808.96354        2.58329       82.90701        0.00839        0.11740        0.89619        5.90000        0.29499        0.85261        0.88195        8.90366        0.01913        0.00000        0.01399        0.66964       60.92412        0.00450        0.08859       16.32742        0.02876        1.33281        0.67014       13.57395        0.04569        0.01872       -0.00050      300.00000       96.62644
   26    1    1     2918.78058     1601.40251      782.31125        0.48802        8.56498        0.00009        0.03753        1.48933        4.70000        0.00144        0.24466        1.48991        5.97772        0.00884        0.00487       -0.00049        0.15291       26.68256        0.00087        0.00955       20.78540        0.29329        1.30999        0.14949        8.87371        0.01925        0.00092        0.00342      300.00000      123.87373
   27    1    1     2342.29024    27738.07332    11188.09361        0.99591       25.39456        0.00079        0.07862        0.98465       24.80000       29.08338        0.74984        0.98472        6.66407        0.01105        0.00898       -0.00005        3.19327       10.84802        0.00014        0.07405       15.19499        0.07011       27.56053        3.18752        8.57518        0.01853        0.00065        0.00576      300.00000      150.79903
   28    1    1     2030.95738     1637.63235      627.68143        6.00934      130.58814        0.02083        0.03685        0.31248       16.10000        0.25794        1.42566        0.30891        1.26978        0.00039        0.00954        0.00353        0.71624      127.98699        0.01999        0.03403       18.31634        0.36597        0.91519        0.71521        1.06381        0.00028        0.01199        0.00103      300.00000        1.85239
   29    1    1     1849.18337     4873.43425     1673.87051        3.89569       98.90330        0.01195        0.06677        0.98334       29.60000        3.89135        0.75067        0.98390       10.75258        0.02867        0.00424       -0.00055        1.07812       96.09491        0.01123        0.06346       29.22158        1.75037        2.78975        1.07867       12.68979        0.03995        0.00410       -0.00055      300.00000       12.57056
   30    1    1     2324.14233     1559.12855      593.71954        2.15259       32.82348        0.00132        0.02708        0.35834        7.00000        0.19309        1.37615        0.35841        6.09207        0.00924        0.00432       -0.00012        0.93759       38.47037        0.00179        0.04143       11.17539        0.21974        0.75695        0.93505        5.87273        0.00844        0.00359        0.00254      300.00000       98.13574
   31    1    1     1763.99519     3385.34651     1213.27490        7.72943      148.31646        0.02687        0.01810        1.28026       20.20000        2.17207        0.48864        1.24592       11.39640        0.03348        0.04134        0.03428        0.65771      148.66883        0.02690        0.01829       20.08937        0.97975        2.27373        0.65294       11.39667        0.03167        0.07270        0.00477      300.00000        1.10979
   32    1    1     5649.23920     1971.73492      821.73625        2.40507       51.28026        0.00321        0.05231        0.37495       21.00000        0.45580        1.36704        0.36753       10.55578        0.02708        0.00008        0.00743        0.58275       33.48848        0.00137        0.00221       14.57411        0.06130        1.53622        0.58100       19.14584        0.08989        0.00672        0.00175      300.00000       15.32244
   33    1    1     1437.24202     2869.16088     1206.39703        0.59954       16.24177        0.00032        0.08931        1.21564       12.60000        1.58673        0.52398        1.21059       10.03896        0.02457        0.03627        0.00501        2.65498       24.14115        0.00071        0.07512       10.91968        0.04587        0.64101        2.62906       14.61449        0.05477        0.00435        0.02592      300.00000      151.60208
   34    1    1     3140.95971     1612.90622      526.90744        5.96136       89.73476        0.00983        0.01784        1.18926        9.50000        0.21309        0.55198        1.18259       10.75967        0.02921        0.00320        0.00669        1.60130       89.50719        0.00976        0.01571       11.60764        0.25726        0.09180        1.60088       10.76011        0.02888        0.00972        0.00042      300.00000       15.00312
   35    1    1     2294.79339     3454.31220     1412.76892        6.37058      116.62082        0.01661        0.02432        0.60513       14.40000        2.34173        1.13049        0.60407        9.81487        0.02366        0.00131        0.00101        3.59243      115.98622        0.01634        0.02433       14.52627        0.24987        0.23417        3.59245        9.81537        0.02376        0.00236       -0.00002      300.00000        0.51116
   36    1    1     2273.73029     1515.98128      641.69413        8.42885      107.09650        0.01401        0.00571        0.72009       26.40000        0.03765        1.01397        0.72059       12.96869        0.04168        0.00146       -0.00048        0.75163      107.12465        0.01401        0.00575       26.41877        0.25110        0.76905        0.75211       12.96811        0.04158        0.00146       -0.00048      300.00000        0.31108
   37    1    1     4504.26210     3114.39766      764.61970        1.67381       37.81520        0.00175        0.06059        1.23947       31.30000        1.80612        0.51478        1.21978        4.79142        0.00586        0.02784        0.01971        2.81201       13.76651        0.00023        0.00667       36.94355        0.65543        0.12464        2.79459       10.51509        0.02660        0.03082        0.01742      300.00000      117.71960
   38    1    1     1654.22618     2025.85430      710.19313        0.98309       16.85619        0.00035        0.03556        0.75256       10.90000        0.47062        1.00114        0.73343       23.05878        0.13572        0.00000        0.01909        1.05235       28.77904        0.00101        0.13233       10.24007        0.60149        0.49808        1.03068       21.41312        0.10996        0.00073        0.02167      300.00000      145.04293
   39    1    1     1044.93555     1709.37722      786.02058        8.83769      214.36778        0.05612        0.01573        1.32904        9.60000        0.03007        0.40598        1.32858       11.01751        0.02986        0.00144        0.00051        0.48882      214.35936        0.05610        0.01584        9.46005        0.09012        1.18724        0.48715       11.01719        0.02977        0.00037        0.00168      300.00000        0.26143
   40    1    1     1413.18254     2066.67355      787.54023        0.64794       18.30317        0.00041        0.09705        0.65241       20.00000        0.42296        1.09958        0.63499        9.70073        0.02264        0.02675        0.01740        0.61428       26.42189        0.00085        0.08347       41.82870        1.55290        0.06318        0.57163        5.23210        0.00709        0.00002        0.04266      300.00000      150.80403
   41    1    1      638.31690     3256.53890      871.00816        8.79414      354.37759        0.15338        0.04495        1.18359       30.30000        1.66375        0.55198        1.18259       15.47124        0.05981        0.00574        0.00102        0.60166      354.47261        0.15315        0.04537       30.21692        1.86572        0.93097        0.60136       15.47187        0.05967        0.00666        0.00030      300.00000        0.01896
   42    1    1     2372.56376     2066.62547      568.87975        5.31734      111.41131        0.01516        0.03846        0.90386       41.80000        0.50355        0.83930        0.89527       18.47989        0.08635        0.00597        0.00861        1.54713      113.19936        0.01557        0.04561       40.11934        0.42178        0.26133        1.54752       18.46380        0.08425        0.01698       -0.00039      300.00000       26.89271
   43    1    0      807.79151 22209948.86215  7396729.04278        6.75735      203.04605        0.05035        0.05992        0.23629       21.00000    19163.37666        1.49811        0.23647        5.32080        0.00698        0.00409       -0.00012       18.87186        0.00000        0.00000        0.00000      207.46799        0.11777    19146.23138       18.87186        0.00000        0.00000        0.00000        0.00000      300.00000        0.00000
   44    1    1     2869.01117     1981.96745      899.50172        3.44384       58.99732        0.00425        0.03159        0.59575       11.10000        0.51534        1.17684        0.55773        3.10876        0.00229        0.00224        0.03831        0.55156       58.42013        0.00416        0.01726       11.96270        0.48766        1.22257        0.54080        7.96503        0.01608        0.02903        0.01076      300.00000       24.24995
   45    1    1     2352.93884     1510.49066      527.13764        0.92167       21.22656        0.00055        0.06423        0.59596       19.60000        0.06895        1.13808        0.59648        5.81760        0.00839        0.00138       -0.00054        1.03827       35.97350        0.00158        0.01699       30.72187        0.30454        0.47777        1.03845       12.45318        0.03827        0.00012       -0.00018      300.00000      110.72848
   46    1    1     1715.28839     1568.71808      611.22295        3.02453       79.49512        0.00772        0.07665        0.82182        8.50000        0.02524        0.93029        0.80428        6.09544        0.00894        0.07465        0.01752        1.64227       81.77918        0.00813        0.04402       32.49011        0.13903        0.10381        1.55816        0.07532        0.00000        0.00803        0.08411      300.00000       61.73702
   47    1    1     8206.29369     8340.44484     3615.58972        2.11973       37.68273        0.00173        0.03686        0.74422       20.60000        8.39111        0.99001        0.74456        5.17389        0.00665        0.00000       -0.00032        7.70266       46.99528        0.00270        0.00700       24.20433        0.57204        1.85436        7.70197       11.29186        0.03182        0.00001        0.00069      300.00000      108.01706
   48    1    1     1413.54988     3087.05860     1024.45507        5.17521      175.85815        0.03777        0.10326        1.26808       22.00000        1.60448        0.52663        1.20793       13.77998        0.04456        0.02072        0.06014        1.05556      173.22196        0.03646        0.09866       20.56576        0.58616        1.70920        1.04061       15.05005        0.05762        0.06183        0.01495      300.00000        6.63207
   49    1    1     3245.06151     1710.07880      564.50844        5.08814       73.71119        0.00664        0.01900        0.76576       15.40000        0.33467        0.99650        0.73806        3.31485        0.00282        0.00259        0.02776        1.44059       76.05349        0.00705        0.02033       13.41776        0.23479        0.42114        1.41045        3.90418        0.00392        0.00016        0.03014      300.00000        8.16916
   50    1    1     5996.62093     2040.47128      437.19085        5.85776       68.47920        0.00573        0.01096        1.21118       27.70000        0.58619        0.57088        1.16368       12.57075        0.04101        0.00769        0.04750        1.29797       73.22938        0.00655        0.03336       29.81904        0.99508        0.08294        1.25066        5.52532        0.00721        0.01054        0.04730      300.00000      164.28218
   51    1    1     3290.69869     2212.89517     1021.64207        6.15271       82.35047        0.00828        0.01360        0.72479        4.20000        0.76090        1.01060        0.72396        9.13447        0.02051        0.00889        0.00081        0.21297       80.88457        0.00797        0.01419        3.33075        0.14484        2.14043        0.20984        9.13515        0.02041        0.00675        0.00313      300.00000        5.20108
   52    1    1     2416.17251     1815.38633      634.80785        5.70968      113.31410        0.01568        0.03242        1.51650       16.70000        0.51211        0.21764        1.51693        1.57441        0.00062        0.03559       -0.00040        0.69892      111.53434        0.01512        0.03645       14.86556        0.16262        1.38166        0.69945        0.64157        0.00010        0.03568       -0.00053      300.00000       16.96541
   53    1    1     1265.15877     1815.12692      441.16309        3.24124      127.36813        0.01981        0.16878        1.03659       13.60000        0.18649        0.70305        1.03152        3.51354        0.00311        0.00287        0.00505        1.10820      141.38876        0.02429        0.13455       28.26964        0.24743        0.59623        1.10736        3.25889        0.00261        0.00739        0.00084      300.00000       15.85990
   54    1    1     1382.43776     1764.74961      602.85999        1.26640       34.41796        0.00145        0.08876        1.50107       12.50000        0.19022        0.29472        1.43985        4.63402        0.00561        0.00417        0.06128        0.79846       37.98916        0.00175        0.07566       19.57744        0.76929        0.42329        0.74710        4.32215        0.00440        0.01313        0.05136      300.00000      129.77926
   55    1    1     3986.78138     1698.01116      677.91880        6.73867       71.14893        0.00618        0.00743        1.11083       11.30000        0.38552        0.62353        1.11103        8.97035        0.01985        0.00327       -0.00013        1.39733       70.98824        0.00615        0.00682       11.79936        0.20070        0.52386        1.39608        8.97284        0.02013        0.00164        0.00125      300.00000        6.21506
   56    1    1     3758.02741     2974.25211      972.24866        5.03428       86.07623        0.00905        0.02666        1.47633       18.80000        1.88080        0.27016        1.46441       10.47714        0.02785        0.01008        0.01198        1.70205       81.01994        0.00800        0.02197       17.03599        0.32211        1.58907        1.70236       11.77014        0.03444        0.02328       -0.00030      300.00000       83.98334
   57    1    1     1458.20020     1778.08075      778.83781        3.26245       98.04514        0.01174        0.09856        1.73676       15.50000        0.03085        0.00471        1.72985        8.89839        0.01925        0.00019        0.00696        0.13985      101.93638        0.01265        0.09882       21.27104        0.84946        0.78697        0.13330        7.57286        0.01395        0.00037        0.00656      300.00000       41.53883
   58    1    1    14579.53676     8905.58786     4034.94696        1.68705        9.51768        0.00011        0.00378        0.41624       19.00000        8.75766        1.37615        0.35841        5.13997        0.00621        0.01712        0.05787        7.34250       16.79233        0.00034        0.00731        6.86120        0.00352        3.20377        7.30032        4.77185        0.00589        0.01396        0.04218      300.00000      139.67262
   59    1    1     8679.73901     1773.03907      788.29317        2.68012       27.91958        0.00095        0.01230        1.15793       31.30000        0.29366        0.57611        1.15845        7.28860        0.01314        0.00040       -0.00047        0.69888       39.57452        0.00191        0.00261       15.71772        0.13784        1.18422        0.69936       10.78094        0.02876        0.00029       -0.00048      300.00000       87.01362
   60    1    1     2918.79406     7668.25444     3351.30583        3.51474       47.77362        0.00279        0.01978        0.21832       34.60000        7.41036        1.51624        0.21832        9.82319        0.02379        0.06504       -0.00001        2.89045       64.25756        0.00504        0.02760       31.05443        0.04091        6.19965        2.88667       11.06609        0.03077        0.06191        0.00378      300.00000       23.63300
   61    1    1     1857.22878     3581.33752     1362.87529        3.33112       75.69635        0.00700        0.05607        1.24217       16.50000        2.51467        0.54911        1.18546        4.58212        0.00493        0.00251        0.05668        1.34511       82.12238        0.00822        0.06907       18.01912        0.70249        2.22847        1.30793        2.46270        0.00144        0.02167        0.03717      300.00000       33.74351
   62    1    1     4387.83909    47436.08495    19071.47146        2.79536       50.08272        0.00306        0.03614        1.70170       36.60000       48.94883        0.03374        1.70083       12.45657        0.03813        0.04819        0.00089        1.36993       71.95497        0.00632        0.00969       33.66876        1.87691       47.45306        1.36693       10.85951        0.02959        0.06436        0.00301      300.00000       40.73706
   63    1    1     3576.40652     2506.64761     1182.79709        1.93322       42.67106        0.00222        0.05728        0.58532       12.20000        0.94396        1.17371        0.56086       13.78907        0.04551        0.00047        0.02454        0.56433       51.46667        0.00323        0.00782       31.20082        1.26246        0.90614        0.56395       12.86434        0.04074        0.02378        0.00038      300.00000       36.06015
   64    1    1     1582.65604   155727.20046    65680.83176        7.16224      172.15404        0.03620        0.03437        0.31489       27.00000      156.55857        1.43242        0.30215        9.32497        0.02208        0.00063        0.01276       15.62758      172.11959        0.03618        0.03394       27.11251        1.62505      141.04041       15.62811        9.33193        0.02158        0.01441       -0.00052      300.00000        1.16324
   65    1    1     1593.46053     1611.12435      639.30023        2.23801       61.64649        0.00464        0.08803        0.79767        5.80000        0.09229        0.94823        0.78634       11.19743        0.03034        0.00543        0.01132        1.28909       86.04143        0.00897        0.05162       26.21480        0.14082        0.44154        1.27376       11.48238        0.03355        0.00103        0.01533      300.00000       75.00092
   66    1    1     1758.75481     5713.68100     2566.28402        5.73999      160.00604        0.03127        0.06364        0.58496       22.00000        4.78468        1.14970        0.58487        2.92779        0.00214        0.00013        0.00010        1.46045      153.80498        0.02877        0.06185       23.36850        1.09027        3.97190        1.46057        3.42194        0.00289        0.00039       -0.00012      300.00000       16.77256
   67    1    1     4295.78674     2942.41668      729.64827        1.75142       28.26517        0.00098        0.03083        0.77142       29.00000        1.63715        0.96299        0.77158        7.29669        0.01324        0.10122       -0.00016        1.70707       48.73770        0.00290        0.00462       21.74461        0.84849        0.80853        1.70712       13.46817        0.04517        0.10105       -0.00005      300.00000       29.18969
   68    1    1     2185.47158     1573.67703      586.31745        5.77898      128.65056        0.02021        0.04031        0.36681        8.50000        0.08416        1.36961        0.36495       11.86850        0.03453        0.00006        0.00186        1.29122      126.53393        0.01951        0.04022        9.42553        0.07891        0.44915        1.29148       11.86567        0.03502        0.00168       -0.00026      300.00000       20.98693
   69    1    1     1703.23442     1790.83595      805.36763        3.82811      116.17794        0.01648        0.09600        1.66056        6.60000        0.00847        0.07607        1.65849       12.85200        0.04047        0.00061        0.00203        1.42436      111.81786        0.01524        0.08938       10.75719        0.04384        0.27505        1.42318       14.19160        0.04946        0.00134        0.00118      300.00000       11.83451
   70    1    1     2874.38766     3930.66620     1944.56391        3.05773       40.23357        0.00198        0.01917        0.34406       17.30000        2.71301        1.38997        0.34460        6.01697        0.00896        0.00664       -0.00048        1.22882       42.86202        0.00224        0.01642       16.93003        0.56205        2.66003        1.22879        5.79147        0.00835        0.00586        0.00002      300.00000       72.65032
   71    1    1     2567.15872     1676.19995      532.20534        8.01127       99.78198        0.01216        0.00679        1.60157       19.20000        0.28721        0.13307        1.60150        3.82372        0.00364        0.01100        0.00000        0.94388       99.75945        0.01214        0.00717       19.01912        0.33845        0.74285        0.94012        3.81193        0.00365        0.00729        0.00376      300.00000        1.35097
   72    1    1     2574.48733     2472.48271      927.99507        7.48422      108.70038        0.01443        0.01133        0.76201       13.00000        1.23526        0.97260        0.76197        7.88438        0.01548        0.01537        0.00011        0.49828      107.71049        0.01415        0.01137       13.19639        1.15929        1.32725        0.48354        7.88513        0.01582        0.00032        0.01474      300.00000        4.76500
   73    1    1     1834.69712     1619.86965      617.92537        1.48714       32.32490        0.00128        0.05643        1.41622       18.90000        0.03811        0.31786        1.41670       11.86795        0.03491        0.11164       -0.00059        0.34118       70.97326        0.00613        0.06006       20.38550        0.04248        1.39798        0.33722        7.30915        0.01343        0.11519        0.00396      300.00000       82.17550
   74    1    1     2160.09733    10964.58112     4680.12558        3.03303       83.30168        0.00848        0.08365        0.03297       30.60000       10.98466        1.70430        0.03026        9.24694        0.02092        0.00240        0.00272        3.52993       88.64574        0.00960        0.03023       40.67389        3.54834        5.67809        3.52927       12.38208        0.03827        0.00294        0.00066      300.00000       11.17906
   75    1    1     3685.08588     1431.06849      620.75805        3.49346       31.06140        0.00118        0.00848        1.56282        2.80000        0.01870        0.18225        1.55232       11.27864        0.03080        0.00004        0.01058        0.98027       11.16743        0.00015        0.00701        4.79199        0.04271        0.73579        0.97687       11.36356        0.03156        0.00678        0.00340      300.00000      118.41100
   76    1    1     1740.33454     1617.92514      627.72689        0.02236        0.44426        0.00000        0.04822        0.48663        2.80000        0.03226        1.25439        0.48018       15.88620        0.06366        0.00008        0.00647        0.68336       29.13665        0.00104        0.06715       25.56686        0.08133        1.03342        0.67769        7.62814        0.01466        0.00428        0.00567      300.00000      153.46938
   77    1    1     2577.94852     7873.21931     3625.78280        3.39465       64.14086        0.00502        0.03858        1.03065       27.40000        7.50743        0.70430        1.03027        4.80739        0.00569        0.00397        0.00036        1.26593       48.98664        0.00293        0.02075       32.55932        2.79245        5.18162        1.26642       10.41325        0.02691        0.00505       -0.00049      300.00000       55.41120
   78    1    1     3653.76498     1608.87067      771.84779        4.75782       55.55950        0.00377        0.01288        1.05473        6.10000        0.00328        0.68064        1.05392       10.54661        0.02734        0.02793        0.00076        0.97441       75.14440        0.00686        0.02342       15.43196        0.03583        0.75418        0.95873        4.71571        0.00566        0.01021        0.01568      300.00000       33.49507
   79    1    1     2402.40129     1549.72645      618.35772        1.22899       24.77017        0.00075        0.04886        1.25182       19.00000        0.02464        0.48394        1.25062        3.49808        0.00300        0.01183        0.00116        0.56871       40.83943        0.00203        0.02045       26.55240        0.04065        1.18232        0.55544        6.49037        0.01070        0.00000        0.01327      300.00000       99.70757
   80    1    1      840.68776     1818.87795      709.49033        8.38388      293.51384        0.10522        0.04447        1.18062        7.10000        0.20600        0.56986        1.16471        1.61310        0.00063        0.00576        0.01589        1.14792      293.57383        0.10497        0.04477        7.02720        0.44247        0.36992        1.12812        1.61403        0.00067        0.00183        0.01981      300.00000        0.04514
   81    1    1     1784.90220     1957.92035      818.49671        0.01989        0.39922        0.00000        0.04921        0.10080       34.90000        0.49210        1.63402        0.10054        5.49319        0.00743        0.00368        0.00022        0.38378       55.97907        0.00382        0.05260       37.78989        0.06991        1.77356        0.38371        0.57116        0.00008        0.00350        0.00008      300.00000      131.90722
   82    1    1     2495.77207     1451.86691      692.89406        3.15024       68.09447        0.00566        0.05140        0.10247        6.80000        0.00386        1.63402        0.10054        5.89168        0.00869        0.00154        0.00194        0.90451       83.34506        0.00848        0.03132       22.03334        0.06180        0.79304        0.90505        4.15711        0.00428        0.00422       -0.00054      300.00000        1.59443
   83    1    1     1699.92154     3206.16224     1428.46574        6.70207      159.04316        0.03089        0.03788        0.23554        8.50000        1.93251        1.50063        0.23393        3.32438        0.00271        0.05321        0.00158        0.49465      159.29931        0.03091        0.03791        8.52168        0.96382        2.22813        0.47515        3.29247        0.00277        0.03520        0.01950      300.00000        0.76659
   84    1    1     1383.81773     8282.46616     3659.56772        8.36192      177.69774        0.03857        0.01659        0.68980       39.30000        7.78077        1.08985        0.64471       12.69089        0.04174        0.03038        0.04509        0.95855      177.55984        0.03846        0.01670       39.29099        3.93186        4.62914        0.95430       12.69115        0.03931        0.07367        0.00425      300.00000        0.57235
   85    1    1     1429.48342    68322.56192    28813.54405        4.25690      126.56495        0.01956        0.08840        0.53675       31.20000       69.66190        1.19826        0.53630        8.84302        0.01950        0.00415        0.00043       11.03187      123.59538        0.01864        0.15630       32.24069        0.37512       59.93688       11.03014        5.04101        0.00636        0.00331        0.00173      300.00000       14.57661
   86    1    1     2354.45314  1776200.93267   598713.56056        6.57299      116.03836        0.01645        0.02162        0.76405       30.80000     1597.18326        0.97016        0.76441        3.83644        0.00366        0.00004       -0.00037      762.81838      115.83181        0.01639        0.02158       30.88524        0.03869      835.38263      762.81871        3.77586        0.00352        0.00001       -0.00033      300.00000        3.18316
   87    1    1     1848.83446  1910178.86522   648148.73712        5.67419      143.25528        0.02506        0.05278        0.02407       26.70000     1709.64296        1.71422        0.02035        8.42710        0.01784        0.05760        0.00365     1063.95653      144.44141        0.02547        0.05249       27.28350        0.05344      647.42439     1063.89539        8.95642        0.01882        0.00281        0.06113      300.00000       10.14319
   88    1    1     1413.78907     1630.70078      595.34562        8.88701      155.21583        0.02942        0.00783        0.53335        0.00000        0.00000        1.22121        0.51336       20.04107        0.09645        0.03756        0.02002        0.81587      155.25183        0.02940        0.00786        0.22525        0.00000        0.96023        0.77434       20.04103        0.10392        0.00853        0.04154      300.00000        0.14527
   89    1    1     1178.38410     2810.48790      882.15141        7.22590      230.14525        0.06469        0.05920        1.57323       15.60000        1.56735        0.16311        1.57146        4.16746        0.00426        0.00823        0.00184        0.51199      230.04207        0.06448        0.05987       15.26078        0.75671        2.04017        0.50451        4.17130        0.00439        0.00247        0.00749      300.00000        0.75589
   90    1    1     5006.41271     1490.98392      648.20103        0.35322        7.86834        0.00008        0.06053        0.41486        4.00000        0.04982        1.33640        0.39817        6.31198        0.00959        0.02933        0.01676        1.50305       35.25526        0.00152        0.00537       26.36024        0.10415        0.24382        1.47272       10.96094        0.02864        0.01407        0.03033      300.00000       52.78765
   91    1    1     2003.13621    22898.27370     9812.28585        0.60734       12.02284        0.00018        0.04768        1.33768       37.10000       23.60281        0.40575        1.32881        1.61470        0.00063        0.01926        0.00888       11.08183        9.79653        0.00012        0.03433       33.85373        7.62735        6.63602       11.04525        7.01494        0.01169        0.02270        0.03659      300.00000      166.41690
   92    1    1     1439.82948     1688.94041      697.99621        7.53613      186.41102        0.04244        0.03229        1.14767        8.20000        0.04680        0.58677        1.14779       14.69398        0.05373        0.00318       -0.00012        0.36470      186.21045        0.04218        0.03207        8.80349        0.44743        0.96920        0.36527       14.69382        0.05350        0.00380       -0.00057      300.00000        0.37461
   93    1    1     1859.26947     1807.43426      862.29557        7.61164      143.30867        0.02508        0.01821        1.58175       29.20000        0.10518        0.15404        1.58052       14.17596        0.04933        0.06101        0.00124        0.27720      142.98288        0.02487        0.01794       29.33736        0.35507        1.24815        0.23695       14.17305        0.04761        0.02377        0.04025      300.00000        0.21251
   94    1    1     2119.95090     1513.88157      599.26333        8.10307      118.55628        0.01717        0.00898        1.18612       13.80000        0.01085        0.55238        1.18218       13.72295        0.04599        0.00289        0.00398        1.02515      118.57869        0.01717        0.00910       13.70393        0.01113        0.70867        1.02547       13.72293        0.04680        0.00634       -0.00032      300.00000        1.66617
   95    1    1     3341.51408     1731.15324      778.42507        2.65749       61.10797        0.00456        0.06002        1.39752       15.70000        0.10454        0.35177        1.38280       10.80500        0.02816        0.00001        0.01479        1.42649       58.83075        0.00422        0.00870       34.76916        0.11109        0.37223        1.41622        8.98143        0.01954        0.00429        0.01027      300.00000       28.71204
   96    1    1     1253.16221     1815.46754      658.93935        7.91475      207.90983        0.05279        0.03148        0.26930       16.50000        0.29678        1.47402        0.26055        7.98012        0.01611        0.00101        0.00876        1.50476      208.30247        0.05279        0.03207       16.09641        0.03954        0.49612        1.49502        7.98111        0.01544        0.00079        0.00974      300.00000        0.28013
   97    1    1     2138.96372     2211.90004      845.57862        7.50672      128.44832        0.02015        0.01561        1.08715       17.90000        0.82662        0.64741        1.08715        4.12835        0.00420        0.00122        0.00009        1.64172      127.92251        0.01997        0.01585       17.84111        0.56674        0.35235        1.64198        4.13144        0.00424        0.00148       -0.00026      300.00000        2.78286
   98    1    1     4158.86751    53543.35492    23649.92787        4.27765       53.56509        0.00350        0.01565        0.67295       25.20000       56.15024        1.06109        0.67347        5.62694        0.00784        0.00012       -0.00051       19.54325       45.98787        0.00258        0.00852       27.43350        0.08838       38.26400       19.54363        4.19575        0.00437        0.00018       -0.00039      300.00000       14.82336
   99    1    1     2470.30166     1568.13762      530.56413        6.36520      112.77586        0.01553        0.02281        1.10543       25.20000        0.10820        0.63744        1.09713        9.32806        0.02112        0.00712        0.00832        0.16702      112.32598        0.01538        0.02106       25.89850        0.39653        1.29549        0.15258        9.33278        0.02215        0.00002        0.01445      300.00000        5.99277
  100    1    1     2654.50122    11541.25735     5181.52602        5.29028      101.52998        0.01259        0.03239        0.80473       12.40000       11.76424        0.95038        0.78419       16.97064        0.06913        0.01295        0.02062        2.41039      105.11071        0.01349        0.03359       11.00214        0.13338       10.98155        2.38119       16.81180        0.06743        0.00660        0.02920      300.00000       25.52282
