    1    1    1     2458.22625  1194807.37333   413378.07050        8.12940      103.47341        0.01308        0.00671        0.91549        8.20000     1107.77647        0.82201        0.91256        2.98527        0.00224        0.00790   -33197.38091       34.55740      103.42029        0.01306        0.00673        8.23521        0.10050     1074.85423       34.55640        2.98295        0.00222        0.00980        0.00100      300.00000        0.36311
    2    1    1     1661.38428     4006.39596     1672.67685        4.78859      144.39370        0.02546        0.08558        0.63491       18.80000        2.77720        1.10792        0.62665        2.08516        0.00110        0.00261        0.00824        2.55981      142.62925        0.02479        0.08585       18.37673        0.57006        1.39131        2.54959        3.01719        0.00221        0.00076        0.01023      300.00000       15.89979
    3    1    1     2287.38163     5311.00532     2221.68377        1.42998       36.47282        0.00162        0.07783        0.27338       25.00000        4.33368        1.49002        0.24455        7.50871        0.01345        0.02228        0.02878        3.23223       48.02472        0.00281        0.01293       44.34641        0.93427        1.97679        3.22152        7.40790        0.01329        0.03993        0.01071      300.00000       98.49936
    4    1    1     1996.29950     2062.10865      557.13372        2.41630       60.88653        0.00453        0.07302        1.25431       21.40000        0.64326        0.48073        1.25384        7.24074        0.01290        0.00838        0.00051        0.42944       59.70605        0.00434        0.03552       23.51485        0.84245        1.11923        0.42377       13.09264        0.04175        0.00440        0.00567      300.00000       62.35844
    5    1    1     2237.17308     1729.64431      426.25712        7.79196      119.26394        0.01737        0.01124        0.97435       15.60000        0.25360        0.86248        0.87209        9.12974        0.02208        0.01891        0.10223        0.96971      119.44600        0.01739        0.01116       15.64623        0.46722        0.58053        0.94049        9.12922        0.02142        0.09261        0.02922      300.00000        1.28820
    6    1    1      892.24881     2118.14848      374.54611        8.80787      252.21789        0.07769        0.02245        1.57909       17.50000        0.61338        0.15804        1.57653        8.84976        0.01963        0.00016        0.00253        1.61234      252.31519        0.07737        0.02279       17.51316        0.61113        0.12715        1.60968        8.84952        0.01964        0.00002        0.00265      300.00000        0.24549
    7    1    1     2293.06927   198954.72772    85664.73755        4.07914       85.89310        0.00901        0.04514        1.47701       16.20000      200.27499        0.27372        1.46085       10.74545        0.02781        0.02094        0.01619       39.86488       93.95717        0.01078        0.04717       16.09335        0.01778      162.17150       39.83029        5.11175        0.00674        0.00983        0.03459      300.00000        7.21887
    8    1    1     1806.21842     2267.28787      966.10458        7.22619      148.09537        0.02679        0.02451        1.10116       15.90000        0.86447        0.63324        1.10133        8.76920        0.01913        0.00000       -0.00022        0.42854      147.58876        0.02651        0.02410       16.34814        1.39180        0.77923        0.42874        8.76948        0.01898        0.00013       -0.00020      300.00000        1.22182
    9    1    1     3780.51755     7017.87354     2939.89159        4.44984       66.84675        0.00546        0.02210        0.69412       34.10000        6.41612        1.04732        0.68725       14.08703        0.04825        0.02214        0.00688        3.07684       60.53503        0.00447        0.01007       38.55041        1.19065        3.89747        3.07401       14.16794        0.05035        0.02565        0.00284      300.00000       22.35405
   10    1    1     2335.08302     2314.65632      946.86746        1.88545       33.55565        0.00138        0.03731        0.41702       15.20000        0.89920        1.32774        0.40682       10.07976        0.02573        0.00903        0.01016        0.20413       41.98008        0.00214        0.02977       23.65217        1.31971        1.11915        0.19977       10.47046        0.02675        0.01576        0.00436      300.00000       90.21027
   11    1    1     1357.88343     2468.92519      784.46303        8.82785      163.11049        0.03249        0.00920        1.17430       20.50000        1.11641        0.57533        1.15923       10.00284        0.02546        0.00258        0.01505        0.93139      163.20041        0.03248        0.00918       20.53670        1.26247        0.66685        0.92174       10.00303        0.02533        0.00807        0.00965      300.00000        0.60044
   12    1    1     1243.25230     3618.24733     1367.12146        3.27799      123.07991        0.01850        0.15368        0.57898       25.00000        2.15644        1.23537        0.49920       13.07536        0.04495        0.00082        0.07974        1.63620      132.68885        0.02119        0.16544       28.99622        0.72180        1.63268        1.55279        6.95247        0.01123        0.00021        0.08341      300.00000       16.76579
   13    1    1     2210.75935     4024.99609     1953.95677        8.16599      113.92801        0.01585        0.00792        0.51271       22.40000        3.23829        1.26840        0.46616        2.02090        0.00106        0.03133        0.04651        1.66303      113.74257        0.01579        0.00769       22.55609        0.35150        2.97798        1.64371        2.00720        0.00103        0.05855        0.01933      300.00000        0.71286
   14    1    1      970.03970     1971.50047      591.23846        8.46022      249.57575        0.07607        0.03021        1.37995       17.80000        0.36563        0.36540        1.36916       10.84919        0.02850        0.01472        0.01073        1.09268      249.66392        0.07608        0.03016       17.84996        0.45348        0.57220        1.07462       10.84907        0.03002        0.00586        0.01807      300.00000        0.32056
   15    1    1     1866.15151     2785.07341     1227.30241        2.00180       41.55375        0.00211        0.05052        0.14673       11.20000        1.43652        1.59363        0.14094        8.64606        0.01884        0.01400        0.00575        0.19210       53.97767        0.00355        0.03163       16.84206        1.00331        1.99751        0.18490        9.22983        0.02151        0.01273        0.00721      300.00000      101.09690
   16    1    1     1374.89175     1612.75822      593.10674        7.94778      188.65898        0.04347        0.02535        0.90399        8.10000        0.06900        0.85645        0.87811       14.57011        0.05076        0.00903        0.02582        1.00805      188.92836        0.04352        0.02508        8.48350        0.01391        0.78614        1.00382       14.57027        0.05181        0.02954        0.00423      300.00000        0.18106
   17    1    1     2824.50259     1684.15987      721.03495        0.33339        2.68404        0.00001        0.00791        1.13257       10.50000        0.13271        0.67345        1.06112       13.34265        0.04157        0.00031        0.07144        0.38250       25.80028        0.00081        0.03140       14.24399        0.93950        0.60317        0.32816        8.28410        0.01615        0.01500        0.05434      300.00000      162.61144
   18    1    1     4907.37002     2147.22570      715.53040        3.34415       51.74063        0.00327        0.02597        0.70819       14.00000        0.90541        1.02936        0.70521        4.16749        0.00436        0.00697        0.00302        1.23827       58.19467        0.00413        0.02260       13.57026        0.44451        0.96316        1.22965        6.28983        0.00960        0.00126        0.00862      300.00000       92.25660
   19    1    1     3902.95636     2127.25921      575.74729        0.94273        8.83593        0.00010        0.01063        0.69253       20.90000        0.84186        1.04304        0.69153        1.89515        0.00088        0.00755        0.00100        1.40148       11.25700        0.00015        0.00685       20.78841        0.49661        0.67970        1.39375        6.58670        0.01096        0.00084        0.00773      300.00000      167.35446
   20    1    1     1606.62307     2083.21039      833.66836        2.59550       71.08407        0.00617        0.08544        0.99029       16.10000        0.63971        0.74601        0.98856        8.17636        0.01639        0.00173        0.00176        1.37872       64.30890        0.00503        0.07221       12.29393        0.77994        0.22101        1.37723       10.51937        0.02768        0.00115        0.00149      300.00000       68.09223
   21    1    1     4685.82903     1766.62540      861.94554        1.64965       27.71321        0.00094        0.03353        0.64403        7.80000        0.03455        1.09218        0.64238       15.90012        0.06201        0.01082        0.00158        0.58827       52.46387        0.00336        0.00544       22.33471        0.07455        1.13043        0.58555       16.43587        0.06610        0.00991        0.00271      300.00000       14.76532
   22    1    1     1888.36010    12638.76972     5694.17854        6.10059      141.03298        0.02429        0.04098        1.24909       14.90000       12.70365        0.49510        1.23946       14.67210        0.05218        0.00435        0.00962        9.15094      139.39850        0.02366        0.04129       14.93638        0.10586        5.19252        9.14013       14.66688        0.05208        0.00329        0.01080      300.00000        3.13665
   23    1    1     2964.55850    15745.20578     6934.05783        1.38429       26.06764        0.00083        0.04248        0.71035       41.20000       15.92655        1.02676        0.70781        3.63539        0.00324        0.01518        0.00251       10.58227       41.87635        0.00214        0.01047       55.69317        3.07136        4.04268       10.55227        7.82219        0.01573        0.00072        0.03000      300.00000       80.35195
   24    1    1     2230.06131   389570.33606   152590.21449        7.27049      120.90968        0.01785        0.01592        0.20476       20.90000      382.70019        1.52987        0.20469       10.89534        0.02957        0.00000        0.00010      222.81172      121.26645        0.01796        0.01612       20.72842        0.31325      161.31019      222.81132       10.86593        0.02906        0.00002        0.00040      300.00000        0.47590
   25    1    1     2203.97303    64987.78041    26036.73345        6.82069      123.97081        0.01877        0.02158        0.18225       11.90000       65.91909        1.55245        0.18212        4.69106        0.00542        0.01559        0.00016       57.24800      123.53979        0.01863        0.02145       12.04243        0.02917       10.38502       57.23964        4.71196        0.00539        0.00744        0.00836      300.00000        2.25699
   26    1    1     1357.59233    30924.82922    13107.62993        3.38288      131.01369        0.02096        0.16222        0.17633       21.70000       31.54554        1.56546        0.16911        9.22068        0.02146        0.00871        0.00717       25.13537      105.90770        0.01369        0.10695       37.16501        0.11943        8.09418       25.12250       10.64757        0.02879        0.00229        0.01287      300.00000       18.23926
   27    1    1     1408.08173     3487.80145     1004.22017        6.91570      191.25082        0.04467        0.04873        1.38490       27.30000        2.22796        0.40544        1.32913        8.19183        0.01748        0.01330        0.05572        2.13389      191.87520        0.04492        0.04854       27.31046        0.65609        1.20630        2.10017        8.18219        0.01725        0.03550        0.03372      300.00000        0.20620
   28    1    1     1469.25880     2558.67102      769.84280        8.50065      162.75407        0.03235        0.01242        1.16054       20.70000        1.39327        0.57849        1.15607        1.47680        0.00055        0.01342        0.00447        2.07558      162.84076        0.03237        0.01251       20.62411        0.54735        0.51897        2.06136        1.47526        0.00055        0.00370        0.01422      300.00000        0.74723
   29    1    1     1463.77888     1748.70331      532.00696        4.44212      140.17266        0.02400        0.09762        0.99482       15.70000        0.12707        0.74353        0.99103       15.93483        0.06201        0.00124        0.00390        1.23742      127.06900        0.01959        0.10534       15.75427        0.22096        0.40394        1.23677       15.53437        0.05934        0.00368        0.00066      300.00000        6.78364
   30    1    1     1062.61875     1761.05336      796.40475        8.53386      224.93136        0.06179        0.02306        0.74790       19.50000        0.11509        0.99050        0.74406        8.22818        0.01654        0.00664        0.00379        0.72509      224.96789        0.06173        0.02295       19.61784        0.05751        1.07363        0.71876        8.22808        0.01647        0.00413        0.00633      300.00000        0.24411
   31    1    1     1725.34330     1670.46144      579.16600        5.57344      157.04334        0.03012        0.06685        0.51395       15.90000        0.07000        1.24217        0.49239        9.88536        0.02344        0.01766        0.02156        0.62869      158.08844        0.03049        0.07109       12.36963        0.10740        1.09836        0.59377        9.97175        0.02564        0.00253        0.03492      300.00000       18.04361
   32    1    1     3668.87311     1382.69388      600.91116        8.32341       67.27419        0.00553        0.00245        1.15590       12.60000        0.01115        0.57949        1.15507        8.33899        0.01737        0.00000        0.00086        1.67461       67.41033        0.00555        0.00246       12.52582        0.01350        0.05718        1.67494        8.33837        0.01728        0.00132       -0.00033      300.00000        0.49070
   33    1    1     2906.78654     1548.06632      631.50083        3.96651       77.78227        0.00739        0.03958        1.21675        5.50000        0.00164        0.51730        1.21726       12.22011        0.03705        0.00080       -0.00047        0.86351       65.23282        0.00519        0.01652       24.15525        0.03144        0.87055        0.86355       11.50162        0.03294        0.00035       -0.00004      300.00000       20.63226
   34    1    1     1775.32556    19202.31611     9431.01218        1.88852       41.68658        0.00212        0.05739        1.61739       14.50000       20.60311        0.11664        1.61793        7.18421        0.01278        0.00088       -0.00057       16.52142       61.28664        0.00458        0.07089       11.36348        0.06353        5.73313       16.52101        8.20098        0.01677        0.00001        0.00040      300.00000       84.15736
   35    1    1     2099.28797   137474.21830    54224.51910        2.17660       48.16109        0.00283        0.05696        0.68385       12.40000      139.15951        1.05019        0.68437       15.93474        0.06288        0.00476       -0.00054       38.59098       53.15120        0.00345        0.02122       29.49078        0.06400      102.29793       38.58654       12.48333        0.03802        0.00542        0.00445      300.00000       94.36031
   36    1    1     2986.81967     1806.87073      647.86437        3.71838       36.73188        0.00165        0.01027        0.23158        5.80000        0.35388        1.50330        0.23126       16.82140        0.07054        0.05120        0.00033        1.33637       31.27597        0.00119        0.04911       22.65258        0.12453        0.68379        1.29557        3.93715        0.00401        0.02341        0.04081      300.00000       93.90981
   37    1    1     2185.95554     2205.24490      585.58273        4.13196       87.44647        0.00934        0.04536        1.62071       30.60000        0.77618        0.11413        1.62043       15.07885        0.05667        0.01003        0.00024        0.52746       99.22198        0.01198        0.04524       30.89160        0.77942        1.21440        0.51751       14.59213        0.05392        0.00001        0.00995      300.00000       11.26119
   38    1    1     1714.58503     1747.45783      609.24821        6.20242      154.77127        0.02926        0.04679        0.37286        9.00000        0.19430        1.40170        0.33287       16.41821        0.06969        0.00004        0.04001        1.65722      154.66182        0.02918        0.04694        8.92349        0.12858        0.14609        1.65412       16.41188        0.06587        0.04077        0.00310      300.00000        1.53888
   39    1    1     4032.18950    13421.26628     6228.15096        4.78288       54.33832        0.00361        0.01216        0.50468       14.30000       13.83165        1.25177        0.48279        9.44950        0.02284        0.00066        0.02192       10.68556       68.51020        0.00573        0.02361        6.04843        0.15453        4.75452       10.64313        1.09408        0.00028        0.00316        0.04244      300.00000       44.04776
   40    1    1     1403.88619     7835.59844     3885.81631        0.27175        8.20556        0.00008        0.11128        0.03696       18.00000        7.36905        1.70270        0.03186       11.49245        0.03325        0.00114        0.00507        3.97593       49.46537        0.00298        0.07084       35.80576        0.47795        4.70130        3.97421        9.10472        0.02075        0.00468        0.00172      300.00000      138.01704
   41    1    1     4349.86200     1519.53129      740.60382        6.64058       67.80473        0.00562        0.00712        0.35151        9.00000        0.22630        1.40225        0.33232        3.96159        0.00401        0.00567        0.01913        0.77100       65.52622        0.00524        0.00602       10.45266        0.16447        1.05089        0.74693        4.00886        0.00412        0.00075        0.02407      300.00000        9.28825
   42    1    1     2393.88147     1733.72038      677.50851        3.20022       63.84347        0.00498        0.04363        0.18157       20.80000        0.31786        1.56281        0.17176        7.49201        0.01360        0.03114        0.00988        0.06691       49.47448        0.00299        0.02670       24.65320        0.35475        1.69009        0.03341        6.54980        0.01021        0.00394        0.03350      300.00000       48.56413
   43    1    1     1402.73756     1463.67922      709.68053        7.86722      186.04416        0.04227        0.02603        0.83753        8.40000        0.02777        0.91197        0.82259        3.42934        0.00299        0.00764        0.01491        0.11893      185.68224        0.04210        0.02629        8.17515        0.00938        1.64204        0.11073        3.43810        0.00299        0.01447        0.00821      300.00000        0.49363
   44    1    1     1808.06733     1707.39572      610.70818        6.72695      148.24932        0.02684        0.03248        1.07585       34.20000        0.16618        0.67354        1.06102       10.20108        0.02647        0.00327        0.01488        1.11648      148.54540        0.02688        0.03313       33.97671        0.09360        0.69572        1.11065       10.22216        0.02544        0.01339        0.00582      300.00000        0.18791
   45    1    1     1944.45990     1860.18874      593.52742        1.65109       36.35082        0.00161        0.05759        1.30660       31.10000        0.45365        0.43651        1.29806        9.80458        0.02333        0.00820        0.00849        1.15362       28.23957        0.00097        0.02700       37.59028        0.26234        0.80151        1.14907       11.45981        0.03304        0.00901        0.00455      300.00000      124.45088
   46    1    1     1310.89780     1590.75451      604.07894        8.85718      168.25117        0.03457        0.00950        1.68922       20.80000        0.21121        0.05005        1.68451        8.08008        0.01592        0.02544        0.00469        1.28573      168.33699        0.03455        0.00949       20.83170        0.20913        0.45275        1.28397        8.07926        0.01634        0.02793        0.00176      300.00000        0.32999
   47    1    1     3731.70444     6306.98494     2782.42228        2.75128       41.96584        0.00215        0.02626        0.27632       20.00000        5.82169        1.45775        0.27682       10.27613        0.02614        0.00240       -0.00057        6.44931       51.47159        0.00323        0.00820       35.49502        1.00429        0.12778        6.44894        8.58605        0.01814        0.00177        0.00036      300.00000       23.27917
   48    1    0      462.40842 87993727.43292 31077561.75246        5.83333       67.18887        0.00551        0.01069        0.03304       24.10000    77585.49573        1.70355        0.03094        5.06522        0.00643        0.05647        0.00206    10585.00798        0.00000        0.00000        0.00000       77.64549        0.01051    67002.29816    10585.00798        0.00000        0.00000        0.00000        0.00000      300.00000        0.00000
   49    1    1     2175.12614     1586.42232      563.95490        3.62362       80.14680        0.00785        0.05190        1.14510        6.80000        0.06673        0.64752        1.08704        5.49138        0.00786        0.00063        0.05823        0.76749       82.53229        0.00829        0.04291       18.49066        0.19953        0.86620        0.74592        5.01100        0.00602        0.03716        0.02157      300.00000       13.45944
   50    1    1     2752.28090    30680.96901    13970.54086        1.38865       17.91866        0.00039        0.01994        0.05270        8.30000       31.70085        1.68318        0.05138       11.67521        0.03408        0.00174        0.00130        4.45097       20.13856        0.00049        0.02850       13.69899        0.49994       28.43559        4.45006       17.38357        0.07426        0.00316        0.00091      300.00000      132.76739
   51    1    1     2328.34268     1914.09039      622.68899        2.04208       32.75605        0.00131        0.03011        1.03445       13.90000        0.59036        0.70000        1.03457        6.84699        0.01156        0.03724       -0.00005        0.97923       32.38871        0.00128        0.02170       16.12672        0.68087        0.70317        0.94330        8.51879        0.01872        0.00008        0.03592      300.00000      112.06563
   52    1    1     4222.31276     1526.11302      597.03932        2.03789       23.71830        0.00069        0.01586        0.86657        1.80000        0.03302        0.87054        0.86402       12.33688        0.03816        0.01975        0.00256        0.19808       28.55376        0.00099        0.00865       29.58450        0.16395        1.45013        0.19518        3.96348        0.00394        0.01885        0.00290      300.00000      109.76036
   53    1    1     4076.63596     2144.19824      526.25586        1.36802       21.13469        0.00055        0.02860        1.39189       28.30000        0.72219        0.34407        1.39050        5.15641        0.00665        0.00022        0.00135        0.81212       12.77512        0.00020        0.01324       30.52408        1.30179        0.35040        0.81100        8.06095        0.01624        0.00017        0.00112      300.00000      106.69745
   54    1    1     1509.06417     4810.01864     1342.07516        3.73467      122.17885        0.01823        0.11248        1.52025       43.00000        3.56942        0.23176        1.50280        8.76903        0.01850        0.06935        0.01744        2.77211       95.95461        0.01123        0.08686       42.42436        1.53334        0.99351        2.76421       16.13790        0.06581        0.07715        0.00790      300.00000       24.73084
   55    1    1     1821.75573     3306.83336     1180.35089        7.39195      147.21009        0.02647        0.02197        0.56716       32.40000        2.09158        1.18074        0.55382        8.70018        0.01828        0.02472        0.01333        2.38107      147.24837        0.02645        0.02208       32.37116        0.65338        0.80314        2.36953        8.70042        0.01920        0.02559        0.01154      300.00000        0.15672
   56    1    1     1625.43152     1724.76616      569.73947        4.21325      131.33434        0.02107        0.09761        1.26381       20.20000        0.10392        0.48261        1.25196       13.50641        0.04412        0.00998        0.01177        0.99381      127.47309        0.01982        0.10015       21.28210        0.07661        0.79021        0.97425       12.86814        0.04228        0.00023        0.01956      300.00000       15.29832
   57    1    1     2983.29156     1739.23674      821.00878        7.16745       96.18591        0.01130        0.01070        0.31371        4.70000        0.21258        1.44404        0.29053        7.36048        0.01298        0.00237        0.02319        1.76109       96.67264        0.01141        0.01031        5.29556        0.03387        0.16606        1.74754        7.36142        0.01377        0.01117        0.01355      300.00000        8.61437
   58    1    1     5217.95363     2375.91434     1086.61414        2.20332       32.38879        0.00128        0.02511        0.37847       11.10000        0.95181        1.36601        0.36856        8.42685        0.01721        0.00080        0.00991        1.98059       26.84087        0.00088        0.00899       19.67343        0.05904        0.67024        1.97708        7.26943        0.01327        0.00770        0.00351      300.00000       19.90689
   59    1    1     2095.33938     4562.54008     2257.05197        3.94873       78.25101        0.00748        0.04048        0.10486       15.40000        3.07533        1.63420        0.10036       12.51361        0.03939        0.00026        0.00457        4.73309       73.19183        0.00652        0.04939       16.69499        0.04727        0.03480        4.72882       10.96452        0.03023        0.00072        0.00427      300.00000       37.11604
   60    1    1     1459.19989    15902.62210     7264.51488        8.30452      169.93197        0.03527        0.01587        1.02127       26.40000       16.46929        0.71419        1.02038        8.61470        0.01823        0.00212        0.00091        4.13565      169.76098        0.03519        0.01584       26.44155        0.52147       13.54922        4.13327        8.61529        0.01817        0.00070        0.00238      300.00000        0.45232
   61    1    1     2149.17155     1591.58632      554.88377        8.22631      118.86880        0.01726        0.00824        1.27352        7.50000        0.10733        0.46479        1.26977       12.71370        0.04062        0.05060        0.00375        0.93619      119.44648        0.01742        0.00835        7.11960        0.06993        0.88520        0.88648       12.71378        0.03812        0.00715        0.04971      300.00000        1.36511
   62    1    1     3040.22230    26374.97390    10677.04152        4.62597       74.93204        0.00686        0.02519        0.15140       15.50000       28.13828        1.59497        0.13960       12.75009        0.04124        0.09513        0.01178       10.92220       82.46023        0.00830        0.02588       26.42754        0.06675       19.01594       10.80424        7.68113        0.01354        0.00043        0.11797      300.00000       21.39941
   63    1    0      330.50032239145357.58358 84381936.53024        1.52726       32.13068        0.00126        0.05280        0.22781       28.40000   213992.49429        1.50840        0.22615       12.28985        0.03705        0.01750        0.00165    13746.88016        0.00000        0.00000        0.00000       38.34388        0.00618   200247.46281    13746.88016        0.00000        0.00000        0.00000        0.00000      300.00000        0.00000
   64    1    1     6266.62884    23929.20870    10306.05812        4.62845       42.52626        0.00221        0.00810        0.75734       18.90000       24.63536        1.03505        0.69952       17.84981        0.07485        0.13962        0.05773       20.50971       39.15052        0.00187        0.00479       15.47712        0.08125        5.76136       20.49876       22.25747        0.11991        0.17363        0.01095      300.00000       25.84934
   65    1    1      952.47407   197712.33501    82602.79975        8.60254      248.81173        0.07561        0.02656        0.77111       28.20000      197.41182        0.98806        0.74650        6.55954        0.01102        0.00021        0.02458       75.45758      248.91661        0.07564        0.02645       28.25319        0.25994      123.42915       75.45753        6.56064        0.01072        0.02499        0.00005      300.00000        0.21024
   66    1    1     1956.43802     9590.92541     4649.64571        4.59003      116.44546        0.01656        0.06204        0.56633       23.30000        8.87572        1.16975        0.56481       16.84084        0.06957        0.00001        0.00156        1.64521      121.36414        0.01791        0.06523       25.63249        0.11802        8.85302        1.64432       15.70355        0.06061        0.00000        0.00089      300.00000       18.72279
   67    1    1     2016.72375     1880.98372      602.73711        6.54567      137.56067        0.02311        0.03083        0.92761       20.00000        0.28945        0.81116        0.92340       16.89133        0.06964        0.00682        0.00428        0.26966      136.73179        0.02273        0.02953       20.77624        0.63068        1.13668        0.25829       16.89161        0.06903        0.00030        0.01138      300.00000        4.92406
   68    1    1     3154.46548     1710.04797      807.56511        1.59369       20.50342        0.00051        0.01970        0.04403        3.00000        0.14762        1.69848        0.03609        9.93009        0.02395        0.03201        0.00795        0.50233       15.95844        0.00031        0.00874       18.59451        0.08375        1.32745        0.48622        9.22351        0.02166        0.02206        0.01611      300.00000      131.62983
   69    1    0     1596.56148  3581288.96817  1149525.63514        6.95678      131.09353        0.02099        0.02238        0.15826       16.10000     3117.87013        1.58366        0.15090        9.74529        0.02398        0.01426        0.00737      731.35301        0.00000        0.00000        0.00000      108.74993        0.02421     2388.31910      731.35301        0.00000        0.00000        0.00000        0.00000      300.00000        0.00000
   70    1    1     2363.91014     1788.00878      518.09929        5.39386      114.22613        0.01594        0.03884        0.94360       23.80000        0.29114        0.79044        0.94413       14.76020        0.05399        0.00334       -0.00027        0.78666      118.21242        0.01704        0.04759       26.27353        0.39438        0.85358        0.78463       12.25645        0.03682        0.00120        0.00203      300.00000       30.68738
   71    1    1     6424.67402     1631.99664      638.58675        2.38782       26.78303        0.00088        0.01449        1.21928        9.90000        0.04951        0.51571        1.21885       22.59041        0.12560        0.00856        0.00046        0.79776       54.84033        0.00367        0.00629       15.05996        0.03355        0.95479        0.79022       23.62269        0.13559        0.00238        0.00754      300.00000       51.00696
   72    1    1     2108.69633     2191.01018     1053.46413        5.11795      123.13504        0.01852        0.05218        0.53173        8.50000        0.61095        1.20495        0.52961        9.97647        0.02493        0.00563        0.00215        1.88105      122.22491        0.01813        0.05307        7.80861        0.06971        0.40135        1.87366       10.02328        0.02537        0.00021        0.00739      300.00000       20.09123
   73    1    1     4469.74930    17804.74665     8025.16085        6.34357       68.95145        0.00581        0.00862        1.47608       18.20000       18.08703        0.29457        1.43999       10.43519        0.02587        0.07684        0.03611       16.02946       69.04244        0.00581        0.00836       18.48050        0.08849        3.81595       15.91893       10.40591        0.02491        0.00184        0.11053      300.00000       24.12132
   74    1    0     1273.49202  7341493.05827  2449721.22694        6.99769      111.72807        0.01525        0.01589        0.68281       26.20000     6308.70594        1.05167        0.68289       15.11944        0.05690        0.00016       -0.00007      425.15028        0.00000        0.00000        0.00000      105.09963        0.02898     5885.36440      425.15028        0.00000        0.00000        0.00000        0.00000      300.00000        0.00000
   75    1    1     1999.36168    45277.35038    17786.07731        3.82217       72.83421        0.00648        0.03787        0.00993       27.90000       47.45510        1.72446        0.01011       14.13076        0.04968        0.00132       -0.00011       18.20093       94.18352        0.01081        0.05895       34.33933        3.12366       27.87619       18.20137        7.55040        0.01410        0.00025       -0.00044      300.00000       30.49513
   76    1    1     4190.85556     2707.53470     1048.91395        3.95988       26.04642        0.00083        0.00446        0.50378       11.90000        1.50564        1.23065        0.50391        7.36489        0.01350        0.00001       -0.00012        1.58908       22.92066        0.00064        0.03114       17.32908        1.10503        0.50621        1.58920       10.35982        0.02671        0.00004       -0.00012      300.00000       89.56244
   77    1    0     2496.89595  1515258.54068   497604.46193        1.57459       10.68164        0.00014        0.00548        0.17821       11.40000     1374.99642        1.57391        0.16066       12.93876        0.04028        0.01396        0.01761      650.88421        0.00000        0.00000        0.00000       15.77466        0.00419      725.91359      650.88421        0.00000        0.00000        0.00000        0.00000      300.00000        0.00000
   78    1    1     1013.35881    35867.59062    15557.89650        8.63768      232.06934        0.06578        0.02238        0.06977       22.20000       36.32509        1.66859        0.06598        7.31391        0.01344        0.01333        0.00399       28.94610      232.26914        0.06575        0.02237       22.27152        0.09732        9.02658       28.93590        7.31405        0.01296        0.00732        0.01020      300.00000        0.14422
   79    1    1     9657.89891     1908.35380      774.46849        1.08128        7.50270        0.00007        0.00581        0.55682       17.40000        0.51561        1.18577        0.54880        7.50939        0.01425        0.00003        0.00798        0.77197       10.13766        0.00012        0.02401       22.70383        0.72254        0.75021        0.77101        2.76134        0.00187        0.00766        0.00096      300.00000       92.42524
   80    1    1     3234.34093     1873.20215      700.47928        7.54738       84.00314        0.00862        0.00651        0.62986       16.30000        0.43583        1.11248        0.62209       13.77994        0.04613        0.07151        0.00772        1.58213       84.18666        0.00865        0.00669       16.23218        0.14622        0.44840        1.57567       13.78013        0.04790        0.07096        0.00646      300.00000        1.70860
   81    1    1     2724.02895     1603.78001      648.56763        3.48617       59.86761        0.00438        0.03164        0.71320       25.20000        0.08618        1.04050        0.69406       15.97746        0.06134        0.00320        0.01907        0.18950       93.08305        0.01056        0.05812       31.13989        0.14704        1.52417        0.17149        5.95278        0.00852        0.00251        0.01801      300.00000       18.19606
   82    1    1     3747.99765     4852.71763     2092.73587        4.53251       51.07431        0.00319        0.01232        1.65410       26.00000        4.16060        0.08783        1.64674        6.05949        0.00892        0.03279        0.00740        3.74109       35.87056        0.00157        0.00992       22.25254        0.38657        1.76362        3.73566       10.01381        0.02443        0.03255        0.00543      300.00000       51.31665
   83    1    1     1454.92371    13187.48565     5481.18722        5.70984      178.92141        0.03910        0.08083        0.62946       20.10000       13.12500        1.10757        0.62700        8.28747        0.01682        0.00024        0.00239        1.79504      178.52189        0.03887        0.07780       20.84766        0.38742       12.67890        1.79496        8.65424        0.01845        0.00252        0.00008      300.00000        4.52081
   84    1    1     1362.79521     2602.57064     1034.29244        3.66727      125.33510        0.01919        0.12347        0.63629       15.30000        0.94139        1.09865        0.63592       14.36051        0.05142        0.00447        0.00027        0.93650      125.89251        0.01934        0.08555       23.94676        0.55167        1.20563        0.93270       17.38215        0.07592        0.00026        0.00380      300.00000       35.18538
   85    1    1     1445.70789     2338.27793     1075.40904        2.33068       58.24150        0.00414        0.07212        0.30802       23.10000        0.81230        1.42621        0.30835        0.99958        0.00025        0.00775       -0.00036        2.25764       61.94780        0.00465        0.08201       18.09528        0.14660        0.13683        2.25199        2.23223        0.00126        0.00182        0.00565      300.00000      100.66512
   86    1    1     2205.06232     1600.91273      754.66051        2.74356       53.17761        0.00345        0.04243        0.59512        1.90000        0.00310        1.13926        0.59530        9.41969        0.02207        0.00040       -0.00021        0.48066       70.73795        0.00610        0.02707       25.76117        0.15944        1.13234        0.48051        0.58848        0.00009        0.00015        0.00015      300.00000       64.70946
   87    1    1     3287.46982     6940.13569     3329.36015        1.64702       21.69280        0.00057        0.02061        0.06135        5.90000        6.48698        1.67688        0.05768       12.54982        0.03848        0.00406        0.00368        2.84146       30.01181        0.00110        0.00612        5.69567        0.04310        5.34384        2.83813       14.13154        0.04882        0.00451        0.00333      300.00000      107.30480
   88    1    1     2050.32163    16656.18077     7791.79763        6.79147      131.36403        0.02108        0.02462        1.08827       26.50000       17.32434        0.70856        1.02600       11.46104        0.03079        0.00591        0.06229        3.18685      131.63723        0.02116        0.02412       26.59459        2.51721       13.40369        3.13838       11.48834        0.03426        0.01628        0.04847      300.00000        0.29956
   89    1    1     4983.89591     1938.33578     1000.09856        2.46026       24.90264        0.00076        0.01176        0.06341        5.10000        0.32314        1.67759        0.05697        8.40881        0.01720        0.00025        0.00641        1.76859       13.36129        0.00022        0.00526       15.07297        0.03159        0.27145        1.76189        8.34097        0.01692        0.00010        0.00669      300.00000       86.37295
   90    1    1     4251.27604     4114.50236     1745.83325        0.26872        5.31836        0.00003        0.04780        0.46314       22.70000        2.91650        1.33066        0.40391       15.06565        0.05328        0.00330        0.05927        1.77243       26.51281        0.00086        0.00864       36.06805        0.19508        2.70775        1.77045       16.76366        0.06887        0.06109        0.00198      300.00000       79.02163
   91    1    1     3117.52548     7770.95187     3181.87288        1.62295       40.37609        0.00199        0.07360        1.10801       15.40000        7.39717        0.66921        1.06535        5.78789        0.00793        0.01282        0.04267        4.16613       36.67304        0.00164        0.00643       32.83179        1.35692        3.66132        4.16241        9.91536        0.02401        0.05428        0.00372      300.00000       78.75201
   92    1    1     5721.47777     1385.23742      672.59245        3.82458       32.00607        0.00125        0.00730        1.71022        1.40000        0.01788        0.04421        1.69035        7.40755        0.01401        0.00071        0.01981        0.87694       26.97265        0.00089        0.00217        9.48974        0.04646        0.84352        0.86586        7.74234        0.01520        0.01040        0.01109      300.00000       42.17266
   93    1    1     2849.48133     1903.82539      717.64706        5.26936       96.17428        0.01130        0.02939        0.73808       25.80000        0.43288        0.99955        0.73502        1.95158        0.00093        0.00115        0.00307        1.27808      104.03151        0.01314        0.03481       16.40375        0.26177        0.60949        1.27538        7.64895        0.01467        0.00130        0.00270      300.00000       41.21679
   94    1    1     2391.81018     5670.19291     2558.74693        0.10164        1.53785        0.00000        0.02796        0.98534       25.80000        4.95048        0.75036        0.98420       13.02156        0.04165        0.00135        0.00102        2.88025       29.03126        0.00103        0.02550       40.17539        0.12531        3.71366        2.87853        6.81344        0.01139        0.00000        0.00172      300.00000      145.83139
   95    1    1     4220.94145     1803.77803      787.78747        4.99228       68.32786        0.00570        0.01718        0.82741       19.80000        0.29941        0.91727        0.81730        5.52769        0.00740        0.01934        0.01014        1.54862       25.09097        0.00077        0.00589       26.23292        0.21919        0.27898        1.52302       12.07247        0.03486        0.00541        0.02560      300.00000        9.98636
   96    1    1    14658.75522     1431.21270      624.69680        0.32182        2.56412        0.00001        0.00775        1.11978        7.70000        0.00373        0.64416        1.09040        2.84449        0.00193        0.00000        0.02943        0.64318        8.90853        0.00010        0.02952        8.84833        0.05561        1.00638        0.63407        9.72234        0.02292        0.01964        0.00910      300.00000       85.02609
   97    1    1     3538.87521     1666.76665      799.06275        5.09508       89.97354        0.00989        0.02820        1.31232       21.40000        0.07391        0.47332        1.26124        2.44111        0.00140        0.00009        0.05110        0.94302       89.66115        0.00981        0.03046       17.93772        0.09314        0.81170        0.89642        5.15564        0.00689        0.00413        0.04660      300.00000       85.33208
   98    1    1     3166.69433     2085.14102      786.18480        5.94555       91.41198        0.01021        0.01866        1.07916       22.50000        0.74926        0.66183        1.07274       12.46448        0.03919        0.00851        0.00639        0.60345       90.87660        0.01003        0.01870       22.56708        0.26203        1.63395        0.58797       12.46430        0.03744        0.00122        0.01547      300.00000       18.37260
   99    1    1     3469.64176    18988.70616     8075.95916        5.33520       46.26678        0.00261        0.00657        0.64311       26.10000       19.66981        1.14579        0.58878        3.92321        0.00362        0.00643        0.05432       15.89975       42.50170        0.00221        0.03952       20.67620        0.19850        5.29930       15.83035       11.43323        0.03424        0.00446        0.06939      300.00000       51.28711
  100    1    1     4319.78546     1638.87154      681.94642        5.99060       64.69161        0.00511        0.00913        0.28448       18.90000        0.23712        1.46414        0.27042       10.50775        0.02664        0.00574        0.01407        1.32141       58.58296        0.00418        0.02544        5.15475        0.03634        0.59396        1.32191       11.21234        0.03119        0.01986       -0.00050      300.00000       46.31113
