    1    1    1     1564.20410     3904.15652     1885.49010        2.18980       60.18274        0.00442        0.08783        0.39428       12.90000        2.86090        1.35269        0.38188       11.89332        0.03591        0.01634   -33197.37138        1.55742       54.81527        0.00367        0.08450       10.20198        0.10476        2.96776        1.53021       10.29049        0.02530        0.00895        0.02721      300.00000       88.07627
    2    1    1      967.19372     7701.57281     3315.86016        6.24726      272.90814        0.09096        0.14211        0.91991       17.50000        6.66911        0.81448        0.92008       10.47279        0.02728        0.01468       -0.00018        4.33166      272.82652        0.09056        0.14205       17.49093        0.23734        3.84732        4.31920       10.52686        0.02813        0.00148        0.01246      300.00000        0.39164
    3    1    1     2930.69769     1993.73255      805.33371        2.49867       26.25929        0.00084        0.01265        1.18889       14.10000        0.67625        0.55355        1.18101        2.76134        0.00185        0.01485        0.00789        0.75239       22.60773        0.00062        0.01894       11.54221        1.23642        0.41789        0.75118        2.40429        0.00142        0.02122        0.00121      300.00000      112.80723
    4    1    1     2422.75883     1966.48200      550.64655        3.09762       64.46695        0.00508        0.04782        1.02660       21.10000        0.51975        0.71028        1.02428        7.79221        0.01522        0.05377        0.00228        1.31808       52.19775        0.00333        0.01681       33.46510        0.76048        0.25966        1.26894        7.05290        0.01173        0.00841        0.04914      300.00000       62.61479
    5    1    1     3071.29456     2662.65854      996.28363        3.85340       77.72217        0.00738        0.04231        1.06280       38.90000        1.30029        0.67649        1.05808        1.75574        0.00075        0.03666        0.00470        1.72715       74.59689        0.00679        0.01848       43.26394        0.26297        1.09823        1.69744        2.45381        0.00144        0.01161        0.02971      300.00000       20.62003
    6    1    1     5907.50355    70189.92521    29632.03575        1.23753       17.70229        0.00038        0.02461        0.13339       23.30000       72.07107        1.60766        0.12691       14.39905        0.05044        0.00373        0.00655       43.75439       27.63024        0.00093        0.00355       17.41172        0.02371       29.98475       43.75443       21.05513        0.10933        0.01462       -0.00004      300.00000       77.07442
    7    1    1     1191.68189     1994.60715      736.84808        8.25243      211.72606        0.05475        0.02564        0.49710       16.90000        0.50697        1.26163        0.47293       13.10951        0.04114        0.02953        0.02423        0.61631      211.51589        0.05457        0.02601       16.75581        0.11802        1.51297        0.61030       13.10950        0.04184        0.04704        0.00601      300.00000        0.14521
    8    1    1     3293.26688    17052.89294     8105.59505        5.86858       88.51749        0.00957        0.01822        0.89034       14.00000       17.71444        0.84482        0.88975        1.04630        0.00027        0.01960        0.00060        4.71893       85.22511        0.00887        0.01730       14.81874        0.24895       14.48187        4.71912        1.72262        0.00074        0.02062       -0.00019      300.00000       19.59673
    9    1    1     1621.96216     1777.02735      803.44932        4.60793      146.95047        0.02637        0.09784        0.84440        0.80000        0.00010        0.89829        0.83628        8.14844        0.01612        0.00021        0.00812        0.46406      150.19082        0.02746        0.09269       10.48608        0.00677        1.27697        0.45666        7.73083        0.01509        0.00029        0.00741      300.00000       21.38914
   10    1    1     2013.82420     2806.09696      481.32602        7.17201      133.40736        0.02174        0.02052        1.71190       32.80000        1.43904        0.03072        1.70384       13.85598        0.04662        0.00190        0.00806        1.85823      133.09506        0.02163        0.02060       32.80380        0.91814        0.40732        1.84817       13.85657        0.04652        0.00001        0.01005      300.00000        0.68903
   11    1    1     2694.16627     1972.52141      996.33135        1.47509       21.16122        0.00055        0.02459        0.45677       11.00000        0.39053        1.27979        0.45477       11.46717        0.03293        0.00245        0.00196        1.23052       17.88888        0.00039        0.01571       20.81403        0.02403        0.90841        1.22655        5.38001        0.00707        0.00149        0.00397      300.00000      142.78869
   12    1    1     5452.36579     1778.28798      640.90880        0.92099        3.41072        0.00001        0.00166        0.42409       30.40000        0.28951        1.34305        0.39152       14.52006        0.05019        0.00810        0.03260        0.32361       23.97842        0.00070        0.01346       36.57644        0.42438        1.30330        0.31138        9.88909        0.02364        0.02753        0.01223      300.00000      144.60333
   13    1    1     2582.74666     1525.83041      626.53054        5.90627      112.82707        0.01555        0.02902        1.16312        6.70000        0.00803        0.62438        1.11018        3.85765        0.00387        0.00839        0.05293        0.96309      109.63756        0.01463        0.03142        5.24448        0.01286        0.79483        0.93401        3.53123        0.00320        0.03233        0.02908      300.00000       24.07032
   14    1    1     1322.44210     2157.05420      678.21101        8.73214      174.31462        0.03711        0.01156        1.45832       24.80000        0.72348        0.29004        1.44452       11.27082        0.03066        0.04646        0.01377        1.39309      174.33822        0.03707        0.01149       24.86816        0.25449        0.82062        1.38310       11.27154        0.03217        0.04869        0.00999      300.00000        0.33155
   15    1    1     2303.65627     1695.34797      754.50489        1.76843       27.20489        0.00090        0.02800        0.75389       12.20000        0.05674        0.98059        0.75398       16.31510        0.06627        0.01344       -0.00003        0.37339       80.32195        0.00787        0.05287       25.39525        0.34396        1.10436        0.37352        3.29102        0.00267        0.01472       -0.00013      300.00000       66.56092
   16    1    1     2830.37425     2026.62414      957.79991        8.49783       85.56032        0.00894        0.00344        0.32411       34.30000        0.48195        1.43040        0.30416       12.30131        0.03634        0.00633        0.02000        2.00512       85.53129        0.00892        0.00346       34.31562        0.16068        0.05134        2.00456       12.30286        0.03778        0.02422        0.00055      300.00000        0.09466
   17    1    1     3726.93421     1609.04860      644.66077        5.09052       95.05254        0.01103        0.03155        1.08195       12.70000        0.06622        0.69908        1.03549        5.86946        0.00894        0.00365        0.04637        0.55088       93.37422        0.01063        0.02924       18.13131        0.06753        1.19083        0.55088        3.38997        0.00286        0.05043       -0.00000      300.00000      126.73931
   18    1    1     2314.11489     1946.67494      748.99658        8.04466      112.96252        0.01558        0.00850        1.07322       19.40000        0.49006        0.69343        1.04114        6.41130        0.00979        0.00081        0.03209        1.92744      112.77749        0.01552        0.00889       19.22316        0.24725        0.04912        1.92791        6.41029        0.01020        0.03296       -0.00047      300.00000        0.97841
   19    1    1     1545.85899     1815.13345      701.35379        4.16634      120.56970        0.01775        0.08453        0.05257        3.80000        0.32922        1.68152        0.05304       15.36966        0.05842        0.01911       -0.00047        0.97332      112.64537        0.01546        0.09339       19.92979        0.05025        1.06179        0.97241       11.48335        0.03240        0.01652        0.00091      300.00000       20.56505
   20    1    1     2370.72821     1519.86585      547.33972        0.74158        9.60727        0.00011        0.02039        1.54012        8.80000        0.11749        0.19475        1.53982       12.84523        0.04062        0.00212        0.00028        0.85154       14.83374        0.00027        0.04021       10.16927        0.14202        0.83741        0.84886       13.25361        0.04405        0.00010        0.00268      300.00000      158.22173
   21    1    1     1268.61344     2339.85875      801.78364        8.22099      197.93898        0.04785        0.02295        0.97962       20.80000        0.87781        0.75442        0.98014        5.16489        0.00662        0.00012       -0.00048        1.03549      197.80473        0.04772        0.02299       20.83307        0.95529        0.62117        1.03599        5.16365        0.00661        0.00012       -0.00049      300.00000        0.51863
   22    1    1     1663.99478     8109.40950     3672.67863        4.30779      124.09915        0.01881        0.08255        1.61352       28.60000        7.31310        0.16515        1.56942       10.60478        0.02660        0.12073        0.04412        2.12803      128.94479        0.02021        0.08832       28.39804        0.48316        6.57425        1.98576       10.86819        0.03166        0.01481        0.14227      300.00000        4.07237
   23    1    1     3915.45391     1662.28556      680.59464        5.43407       59.69080        0.00435        0.01039        1.16366       14.00000        0.06847        0.57122        1.16335       16.77473        0.07015        0.00810        0.00032        0.29823       63.20655        0.00487        0.02265       12.00804        0.53052        0.94522        0.29856       18.52650        0.08534        0.00952       -0.00033      300.00000       44.56613
   24    1    1     1607.55851  1233097.44974   418883.14388        7.79939      163.77263        0.03276        0.02109        0.76882       25.80000     1131.26938        0.96525        0.76931        7.60482        0.01431        0.00172       -0.00056       36.71043      163.73994        0.03274        0.02104       25.81396        0.69345     1095.59997       36.71061        7.60118        0.01426        0.00152       -0.00018      300.00000        0.04158
   25    1    1     2751.59664     2708.45305      588.45268        7.64358       98.90647        0.01195        0.00850        0.86144       32.50000        1.39357        0.88012        0.85445        9.19415        0.02134        0.01939        0.00713        1.61015       98.74535        0.01188        0.00850       32.51595        0.82423        0.69682        1.60714        9.19505        0.02068        0.02404        0.00300      300.00000        2.29544
   26    1    1     1675.60488    18689.21524     8266.47638        3.21899       80.22170        0.00786        0.06799        0.47459       17.80000       19.27357        1.28583        0.44874        4.28674        0.00439        0.00411        0.02584        0.27190       83.46998        0.00847        0.07485       31.36782        4.06776       16.63246        0.23932       14.75270        0.05181        0.01108        0.03257      300.00000       56.10870
   27    1    1     1873.84687     1747.17304      780.46944        1.83803       35.30426        0.00152        0.04354        0.51685       31.80000        0.08188        1.24053        0.49404        8.53782        0.01866        0.00963        0.02280        1.60550       58.80897        0.00420        0.06372       17.44179        0.02352        0.17827        1.58393       10.74291        0.02951        0.00788        0.02157      300.00000       97.54113
   28    1    1     3618.55595    40841.20170    16351.15444        7.92796       74.83965        0.00684        0.00404        1.47340       44.70000       42.44572        0.26664        1.46792        6.93313        0.01211        0.00667        0.00552       29.44267       74.02326        0.00669        0.00414       44.69762        0.47032       14.27712       29.43284        6.92915        0.01164        0.00284        0.00983      300.00000        3.10694
   29    1    1     1344.50225   276457.68809   105495.94853        6.79597      199.67138        0.04869        0.05674        1.31141       14.70000      273.51435        0.43935        1.29522       12.79646        0.03944        0.00565        0.01624       13.85297      199.51580        0.04858        0.05689       14.61742        0.01471      261.38064       13.85347       12.80490        0.04059        0.02132       -0.00050      300.00000        0.26536
   30    1    1     2232.85687     1544.92095      620.22813        4.42424       93.62303        0.01071        0.04399        0.55665       12.40000        0.07554        1.18188        0.55269       10.31053        0.02672        0.00122        0.00399        0.92968       64.01929        0.00499        0.04264       23.94352        0.43394        0.46882        0.93023        6.41525        0.01020        0.00641       -0.00055      300.00000       14.39424
   31    1    1     3966.48418     1978.24545      900.54750        0.94851        7.27784        0.00006        0.00713        0.55018       12.10000        0.50808        1.18461        0.54996        7.97778        0.01586        0.00042        0.00017        1.71625       12.88241        0.00020        0.03481       20.55680        0.38058        0.13198        1.71625        2.86840        0.00203        0.00047        0.00000      300.00000      162.02700
   32    1    1     2860.07595    19387.06156     8623.81218        4.92327       87.90099        0.00944        0.02950        0.45948       27.90000       19.35893        1.27473        0.45983        3.36965        0.00281        0.00215       -0.00034       15.88917      101.56882        0.01257        0.03654       19.54934        0.08538        5.10840       15.88750        3.59640        0.00317        0.00182        0.00168      300.00000       56.58708
   33    1    1     2455.07627     9738.62284     4689.96668        3.95097       95.92739        0.01124        0.06076        1.67028       12.50000        9.24205        0.07343        1.66113       15.68901        0.05969        0.00019        0.00908        9.05044      101.32967        0.01253        0.03659       19.49418        0.04580        1.90663        9.04523       15.84429        0.06118        0.00447        0.00522      300.00000       34.13830
   34    1    1     2585.49827     1564.35551      579.58460        3.32657       80.65388        0.00794        0.06385        1.09699       27.00000        0.08668        0.64056        1.09401        4.29131        0.00450        0.02360        0.00299        0.80857       52.55602        0.00337        0.01381       40.65856        0.15935        0.89984        0.80857        7.58872        0.01434        0.02485       -0.00000      300.00000       32.77054
   35    1    1     1505.21975    18828.58966     9035.43257        8.23338      169.50058        0.03509        0.01667        1.06137       15.00000       19.29015        0.68041        1.05416        1.37675        0.00048        0.00936        0.00727       15.66935      169.16217        0.03492        0.01649       15.27155        0.13836        5.23216       15.65458        1.36829        0.00045        0.00180        0.01477      300.00000        1.02222
   36    1    1     1482.85975     1681.41681      625.40500        0.77844       20.41246        0.00051        0.08347        0.79184       16.60000        0.03851        0.94784        0.78672       13.17514        0.04371        0.04587        0.00510        0.67873       18.23032        0.00041        0.06016       36.12422        0.58026        0.58988        0.65701        6.01686        0.00868        0.03364        0.02172      300.00000      158.74525
   37    1    1     1569.85409     2434.35329     1015.44643        4.33446      120.76033        0.01781        0.07699        0.64682       22.80000        0.91025        1.11429        0.62027        9.93035        0.02530        0.01603        0.02660        2.12540      115.07391        0.01613        0.06911       21.13296        0.07283        0.48026        2.08743       12.67646        0.03813        0.00564        0.03797      300.00000       28.02720
   38    1    1      859.29703     1873.01504      811.06631        7.86321      305.44075        0.11394        0.07034        1.54197       22.40000        0.05912        0.19259        1.54198        4.41865        0.00486        0.01162        0.00003        0.56907      305.37535        0.11343        0.07128       22.17079        0.12722        1.10867        0.55726        4.42477        0.00473        0.00004        0.01182      300.00000        0.08457
   39    1    1     2438.92593     2014.83977      353.52414        3.00894       68.73465        0.00577        0.05796        1.46485       18.20000        0.63367        0.27098        1.46358        4.68855        0.00550        0.00211        0.00133        1.06220       73.69162        0.00662        0.02237       24.62687        0.68781        0.63353        1.06120       10.19469        0.02597        0.00236        0.00100      300.00000       19.54571
   40    1    1     1393.26186     2278.12837     1051.10562        7.74625      191.40147        0.04474        0.02982        0.48539       26.00000        0.72362        1.25090        0.48366        7.64880        0.01464        0.00715        0.00176        1.60817      191.66313        0.04462        0.03072       25.68874        0.15295        0.69576        1.60863        7.64888        0.01451        0.00954       -0.00046      300.00000        0.59452
   41    1    1     3666.55437     3676.71735     1818.76919        0.01663        0.22211        0.00000        0.02179        0.27577       11.50000        2.27001        1.47941        0.25516        6.82226        0.01117        0.00462        0.02067        3.51916       39.36579        0.00189        0.02386       24.04170        0.15284        0.32905        3.51510        7.53395        0.01427        0.02171        0.00406      300.00000      133.84179
   42    1    1    16152.41915     1638.54595      696.51105        8.01211       19.98066        0.00049        0.00027        1.46707        8.60000        0.22257        0.27661        1.45795       10.96662        0.02917        0.01154        0.00911        0.19262       13.91678        0.00024        0.00572        8.19782        0.50518        1.27248        0.17698       10.47617        0.02794        0.00357        0.01564      300.00000       24.66559
   43    1    1     1931.39956     1534.06883      550.48936        5.63648      139.76922        0.02386        0.05124        0.89032       13.20000        0.03993        0.85200        0.88256        9.02009        0.01976        0.01900        0.00774        1.07680      135.58348        0.02230        0.04622       17.75956        0.04253        0.67782        1.06131        8.90301        0.01910        0.01136        0.01548      300.00000       10.08657
   44    1    1     7112.40121     1899.60636      719.93401        6.25698       34.57323        0.00146        0.00227        0.34383       10.00000        0.54691        1.40298        0.33159        8.41683        0.01713        0.02181        0.01217        1.26320       35.52693        0.00154        0.00223       10.00391        0.19534        0.84558        1.24056        8.41764        0.01813        0.01037        0.02264      300.00000       13.22461
   45    1    1     6289.40256     1556.35500      694.21603        3.42120       27.07437        0.00090        0.00675        0.51861        6.20000        0.20929        1.21765        0.51691       13.20134        0.04274        0.00190        0.00166        0.99894       37.53091        0.00172        0.00241        6.01410        0.21998        0.72883        0.99585       13.70653        0.04595        0.00002        0.00309      300.00000       24.84230
   46    1    1     2019.82244     1789.80470      657.97863        1.47482       32.30862        0.00127        0.05734        1.34045       30.20000        0.26811        0.40590        1.32866        7.46580        0.01414        0.00182        0.01189        0.52678       55.38629        0.00374        0.02149       29.15173        0.47913        1.00360        0.51592       14.48084        0.05076        0.00353        0.01086      300.00000       99.21242
   47    1    1     1896.65465    53417.45366    22222.04719        3.84767       86.84890        0.00921        0.05301        0.12768       14.40000       54.29209        1.66935        0.06521       14.69522        0.05062        0.00760        0.06257        1.96136       38.57608        0.00182        0.03482       44.32334        0.42307       53.78478        1.89174        3.53794        0.00328        0.00043        0.06963      300.00000       78.71052
   48    1    1      949.48115     7849.40964     3637.93673        7.90084      274.31284        0.09190        0.05532        0.49573       17.10000        6.96547        1.24911        0.48545        9.46224        0.02169        0.00145        0.01027        3.35258      274.42299        0.09197        0.05513       17.19569        1.84118        3.51792        3.34111        9.46085        0.02165        0.00025        0.01147      300.00000        0.18590
   49    1    1     2795.07950     1480.95607      596.65641        1.16159       18.44473        0.00042        0.03038        0.20448       21.70000        0.07227        1.52981        0.20475        3.37174        0.00281        0.00661       -0.00023        0.68114       21.51954        0.00056        0.01397       21.89361        0.04326        1.08155        0.68163        8.90593        0.01963        0.00668       -0.00049      300.00000      128.04475
   50    1    1     2342.59396     4446.70574     2101.79393        1.11285       22.29950        0.00061        0.04843        1.51557       18.00000        3.28287        0.21851        1.51605       11.07336        0.03035        0.00393       -0.00049        1.97935       10.09834        0.00012        0.02133       24.99891        1.02250        1.99998        1.97664       17.51735        0.07696        0.00002        0.00272      300.00000      140.11516
   51    1    1     2568.60602     9595.56140     4326.21419        6.16757      102.22064        0.01276        0.02079        0.91986       30.60000        9.16531        0.81582        0.91874        0.98833        0.00024        0.00378        0.00108        2.02309      103.42766        0.01306        0.02232       30.06119        0.13278        8.74377        2.02164        0.84399        0.00018        0.00336        0.00146      300.00000        3.10870
   52    1    1     3132.20888     1774.55287      524.16891        4.44921       54.56165        0.00364        0.01473        1.41851       15.50000        0.45801        0.33095        1.40361        8.21912        0.01629        0.00022        0.01488        0.29305       53.43668        0.00348        0.02148       13.61626        0.42429        1.48225        0.28554        6.56790        0.01048        0.00732        0.00751      300.00000       28.50912
   53    1    1     1288.54016     1961.17088      685.92027        1.64147       55.09172        0.00371        0.13387        1.31176       16.80000        0.45144        0.43494        1.29963       12.07117        0.03698        0.00334        0.01213        0.46099       92.29399        0.01032        0.06933       30.15195        0.29787        1.46644        0.44668       16.35341        0.06800        0.00308        0.01431      300.00000       91.68702
   54    1    1     1802.15930    22694.12841    10456.92494        1.15363       21.98612        0.00059        0.04377        0.88924       13.50000       23.84383        0.84482        0.88975       12.05471        0.03603        0.08499       -0.00054       20.00955       16.88448        0.00035        0.06819       33.44044        0.12265        5.50137       19.96857        4.80109        0.00546        0.03575        0.04099      300.00000      159.01671
   55    1    1     2123.29602     1826.98139      623.27727        6.02024      126.09198        0.01942        0.03416        1.59533       16.90000        0.47550        0.13897        1.59560        5.06219        0.00637        0.07825       -0.00025        0.73355      123.29232        0.01853        0.03229       18.46831        0.17825        1.30198        0.73267        5.07048        0.00642        0.07696        0.00089      300.00000        3.55617
   56    1    1     1873.12459     4944.87129     2087.20025        7.55969      143.06329        0.02500        0.01874        0.95085       27.80000        3.99172        0.79826        0.93631        5.19363        0.00651        0.00259        0.01448        2.11780      142.64942        0.02481        0.01902       27.78325        0.86232        2.74697        2.11693        5.18759        0.00661        0.01613        0.00087      300.00000        0.26716
   57    1    1     1587.68970     4764.05933     2298.11157        7.45327      169.60839        0.03513        0.02811        0.12571       25.40000        3.48512        1.60982        0.12474       20.08451        0.09911        0.00267        0.00095        0.71491      169.01439        0.03482        0.02813       25.49566        0.80334        3.70129        0.71531       20.08461        0.10014        0.00305       -0.00040      300.00000        0.18347
   58    1    1     5357.28233     2694.54156     1203.41456        1.32051       13.54919        0.00022        0.01263        1.14468       12.70000        1.50900        0.58960        1.14497        1.31657        0.00043        0.00000       -0.00025        1.01223       26.11995        0.00083        0.00191       10.06952        0.06816        2.16028        1.01254        7.28019        0.01309        0.00004       -0.00031      300.00000       88.90967
   59    1    1     2045.75662     1688.33992      764.92985        1.83810       30.30866        0.00112        0.03209        0.03155       13.20000        0.09490        1.70556        0.02901        2.66806        0.00174        0.00700        0.00250        0.27792       33.51747        0.00137        0.04682       24.02602        0.97533        0.55272        0.27802        6.33966        0.01000        0.00978       -0.00010      300.00000      117.04197
   60    1    1     3565.57021     1688.26457      827.51805        7.06491       74.39140        0.00676        0.00678        0.08458        4.20000        0.03404        1.65472        0.07985       14.03518        0.04805        0.00897        0.00467        0.76844       75.41495        0.00695        0.00612        5.33147        0.00205        1.00046        0.76665       14.03456        0.04931        0.01058        0.00178      300.00000        1.53792
   61    1    1     2822.70111     1601.09798      652.40417        3.54570       44.69973        0.00244        0.01697        1.04669       12.10000        0.08115        0.69908        1.03549        8.37585        0.01698        0.04648        0.01113        1.13540       39.44600        0.00190        0.01739       12.65105        0.02944        0.67491        1.11352        8.26122        0.01636        0.03438        0.02188      300.00000       76.95411
   62    1    1     1413.80407     3165.63175     1404.04471        8.31187      176.09777        0.03787        0.01695        1.24799       15.70000        1.77237        0.49269        1.24187       17.83688        0.08021        0.01308        0.00611        0.73951      176.21125        0.03784        0.01681       15.85241        0.72071        2.06912        0.71733       17.83689        0.07627        0.00089        0.02218      300.00000        0.10088
   63    1    1     2789.99589     1899.92081      478.31768        5.52239       97.62859        0.01164        0.02653        1.16231       19.20000        0.49410        0.58083        1.15373        0.68669        0.00012        0.01493        0.00848        1.39802      102.65865        0.01284        0.02507       19.41227        0.53358        0.30773        1.38778        0.32353        0.00003        0.01321        0.01023      300.00000       18.37783
   64    1    1     1472.43054     1520.76519      556.30438        0.53327       13.57333        0.00023        0.07890        1.39022        3.00000        0.03898        0.34675        1.38781        7.07193        0.01254        0.00017        0.00245        0.43470       24.81583        0.00075        0.06123       18.64395        0.06952        1.28312        0.43260        8.57518        0.01842        0.00005        0.00210      300.00000      154.68535
   65    1    1     3534.04970     1896.60129      797.64497        1.63086       17.63039        0.00038        0.01389        0.27367        2.90000        0.50173        1.47196        0.26260       11.90653        0.03594        0.00400        0.01109        1.30980        3.31692        0.00001        0.01878       22.39057        0.02473        0.93374        1.30168        5.57040        0.00753        0.00696        0.00813      300.00000      135.67186
   66    1    1     2272.12191     2449.88517      795.94111        4.52506      101.38593        0.01255        0.04876        0.73548       24.90000        1.12784        1.03766        0.69691        7.15604        0.01215        0.01069        0.03854        1.13364      113.71412        0.01579        0.05781       23.79341        0.49368        1.24947        1.11603        3.83700        0.00354        0.03120        0.01761      300.00000       43.54676
   67    1    1     2867.30421     2035.77857      908.34837        1.08823       12.24880        0.00018        0.01529        0.58729       16.10000        0.65025        1.14681        0.58775        5.08673        0.00642        0.01246       -0.00046        1.68595       14.25678        0.00025        0.02014       16.36994        0.05641        0.63608        1.68632        5.77076        0.00827        0.01160       -0.00036      300.00000      144.72024
   68    1    1     2450.47444     2029.78813      908.38378        1.04539       22.02623        0.00059        0.05363        0.53826       23.20000        0.35693        1.23921        0.49535       13.65914        0.04415        0.00424        0.04295        1.72382       69.71805        0.00592        0.02450       42.05613        0.09670        0.35690        1.70697        3.22637        0.00251        0.02667        0.01685      300.00000       62.53206
   69    1    1      982.55674     1876.79069      601.75536        8.85831      225.02368        0.06184        0.01697        1.66462       35.00000        0.24481        0.07335        1.66121       11.39952        0.03263        0.00833        0.00341        1.18624      225.07910        0.06184        0.01685       35.03260        0.30170        0.50448        1.17330       11.40052        0.03140        0.00003        0.01294      300.00000        0.07525
   70    1    1     5487.40069     3236.03592     1500.81480        1.62098       15.40960        0.00029        0.01075        0.43723       20.00000        1.90733        1.30685        0.42772        8.16512        0.01688        0.01337        0.00954        2.55225        8.15289        0.00008        0.00220       25.72841        0.36531        0.74011        2.55202        6.23360        0.00968        0.02305        0.00024      300.00000      147.22986
   71    1    1     1914.50458     1777.00015      747.73396        2.28489       41.50751        0.00210        0.03820        1.08822        8.70000        0.22129        0.65915        1.07541       14.55922        0.05122        0.02063        0.01278        1.24662       40.58191        0.00201        0.03752       28.32046        0.12571        0.63934        1.23110        7.32164        0.01292        0.01669        0.01552      300.00000      111.31518
   72    1    1     1850.63585     1557.42556      604.49593        7.11735      144.24945        0.02541        0.02475        0.82752        6.10000        0.11615        0.90945        0.82511       11.67521        0.03416        0.00056        0.00236        0.56857      144.55852        0.02540        0.02484        6.00588        0.06346        1.22124        0.56597       11.67463        0.03336        0.00116        0.00260      300.00000        1.47794
   73    1    1     2204.23911     2393.47571      985.32938        3.24710       56.80364        0.00394        0.03344        0.69963       40.00000        0.86509        1.03444        0.70012        4.18939        0.00434        0.00025       -0.00048        0.59449       59.49414        0.00432        0.04900       35.21476        1.83549        0.12026        0.59485       12.29317        0.03756        0.00000       -0.00036      300.00000       61.10448
   74    1    1     1956.96844   329106.19542   129173.28652        8.86219      112.53113        0.01547        0.00423        0.59615       18.10000      325.70143        1.14406        0.59051        1.21536        0.00037        0.00916        0.00565      180.97638      112.51600        0.01546        0.00423       18.12490        0.12548      146.34344      180.96716        1.21556        0.00037        0.00568        0.00922      300.00000        0.34268
   75    1    1     2438.49296     7152.93566     3082.18684        4.95491      101.60465        0.01261        0.03875        1.55588       19.10000        6.59078        0.21917        1.51540       14.28993        0.04839        0.03029        0.04058        4.59227      103.19241        0.01296        0.04890       19.11562        0.50668        3.28314        4.53007       13.93835        0.05074        0.00115        0.06220      300.00000       28.14988
   76    1    1     3684.06056     2772.59127     1208.62247        6.34782       74.08055        0.00670        0.00993        0.37344        9.40000        1.60235        1.36059        0.37398        5.31654        0.00700        0.00060       -0.00051        2.83631       73.81375        0.00665        0.01034        8.87375        0.04255        0.45745        2.83647        5.34461        0.00711        0.00023       -0.00016      300.00000        3.86557
   77    1    1     6664.35957     1496.62492      570.97232        5.75693       61.20371        0.00457        0.00923        1.30526       14.70000        0.16354        0.42886        1.30571        7.65195        0.01452        0.00624       -0.00047        0.63274       69.38945        0.00587        0.01106       21.08125        0.15009        1.13004        0.62883        1.75722        0.00078        0.00167        0.00390      300.00000      159.67646
   78    1    1     1963.33362     2176.65749      600.63922        7.30316      137.91977        0.02323        0.02033        0.87014       19.30000        0.60941        0.86404        0.87053       24.47592        0.14811        0.00252       -0.00051        0.55537      137.66926        0.02313        0.02082       19.11439        0.66883        1.12130        0.55349       24.47623        0.14686        0.00147        0.00188      300.00000        0.57335
   79    1    1     2381.45553     2988.85406     1187.87245        1.14627       27.94986        0.00095        0.07166        0.43241       19.40000        1.63891        1.30162        0.43294        6.31735        0.00988        0.01052       -0.00052        1.04482       57.36139        0.00402        0.01921       37.45447        1.36838        1.01773        1.03574        6.49687        0.01068        0.00112        0.00908      300.00000       73.51385
   80    1    1     1140.95487     1957.19849      804.71609        6.27067      234.83949        0.06736        0.10394        1.63201        8.90000        0.00763        0.12776        1.60681       15.52039        0.06175        0.00026        0.02524        0.77678      234.00128        0.06687        0.10515        8.05036        0.01330        0.97027        0.75788       15.51865        0.05788        0.01046        0.01889      300.00000        2.79245
   81    1    1     3141.04190     2495.44747      758.33169        8.30316       77.65637        0.00737        0.00332        0.52996       25.00000        1.15251        1.23159        0.50297        7.01562        0.01263        0.01419        0.02699        1.91912       77.38386        0.00730        0.00336       25.01224        0.44852        0.53860        1.89998        7.01650        0.01183        0.02283        0.01914      300.00000        2.31265
   82    1    1     1909.84139     1905.41426      891.28400        2.60314       52.99458        0.00343        0.04719        0.51841        9.10000        0.27302        1.21818        0.51639       16.66257        0.06954        0.00900        0.00202        1.27824       53.99781        0.00354        0.04386       28.45564        0.17228        0.58823        1.27182       13.56024        0.04638        0.00623        0.00643      300.00000       85.39937
   83    1    1     1045.98920   619268.96873   241242.52967        2.10112       59.28135        0.00429        0.09293        0.23752       29.20000      597.56173        1.49780        0.23677        3.70062        0.00342        0.00541        0.00076      417.08265       54.97689        0.00369        0.28714       54.33297        0.46989      181.36626      417.08268       27.30075        0.18556        0.00794       -0.00003      300.00000      130.51215
   84    1    1     2045.93012     6505.21722     2628.58623        3.95834       79.87096        0.00779        0.04193        1.35824       38.10000        5.82156        0.40493        1.32964       12.95311        0.04310        0.00969        0.02859        2.65286       78.45906        0.00751        0.03822       35.60790        3.31309        1.60536        2.62894       14.91980        0.05701        0.01319        0.02392      300.00000       43.89540
   85    1    1      755.18223     2019.84659      789.51995        8.87049      292.62585        0.10458        0.02833        0.16182        4.80000        0.32598        1.60233        0.13223       16.56140        0.06542        0.04322        0.02959        1.66467      292.60046        0.10426        0.02861        4.91791        0.00354        0.39194        1.66512       16.56144        0.06783        0.07084       -0.00045      300.00000        0.13844
   86    1    1     4507.56807     1894.63415      851.91005        1.22656       23.59933        0.00068        0.04453        1.08558       12.70000        0.36292        0.65541        1.07915        7.29949        0.01296        0.00022        0.00640        0.49544       16.81973        0.00035        0.00414       20.88173        1.07662        0.55767        0.49311        9.83549        0.02424        0.00386        0.00233      300.00000      153.96620
   87    1    1     1379.89277    10348.62692     5044.88401        6.12203      190.25803        0.04421        0.07375        0.51825        8.10000       10.14394        1.22524        0.50932        5.86023        0.00869        0.00504        0.00889        8.71046      191.05480        0.04447        0.07360        8.39304        0.02782        3.14589        8.70494        5.78121        0.00814        0.00874        0.00551      300.00000        1.17551
   88    1    1     1055.30452  7482283.27077  2435090.41771        8.29941      236.47847        0.06830        0.03086        0.12430       34.70000     6427.13579        1.61013        0.12444        3.76119        0.00352        0.02817       -0.00019     1848.21189      236.42491        0.06826        0.03083       34.69328        0.01286     4580.67451     1848.21074        3.76761        0.00349        0.02692        0.00116      300.00000        0.00091
   89    1    1     2497.95792     1705.88262      704.88295        3.37198       63.02254        0.00485        0.03781        1.00375       12.00000        0.19666        0.73203        1.00254        9.00726        0.02028        0.01681        0.00123        1.60233       70.51054        0.00605        0.03389       15.83936        0.16398        0.19365        1.58452        6.86477        0.01134        0.00094        0.01781      300.00000       23.86627
   90    1    1     1823.79814     4603.33975     2176.30461        3.27211       70.05127        0.00599        0.04998        0.15955       13.70000        3.14730        1.58630        0.14827       22.21093        0.12509        0.00026        0.01122        1.38461       81.72222        0.00812        0.04181       13.74753        0.42618        3.08221        1.37510       22.64536        0.12432        0.00724        0.00951      300.00000       62.21716
   91    1    1     2549.19170     1577.61997      628.52673        2.00479       31.37279        0.00120        0.02871        0.50435       26.50000        0.05037        1.34830        0.38627       12.78271        0.03749        0.00217        0.11806        1.10849       46.18074        0.00259        0.01986       29.61911        0.18240        0.62143        0.98438       12.58080        0.03625        0.00155        0.12412      300.00000      115.37918
   92    1    1     2800.99914     3359.81794      978.47676        0.28826        2.20226        0.00001        0.00712        0.97464       51.80000        2.05078        0.78970        0.94486        2.12577        0.00108        0.00000        0.02974        1.45579       50.18162        0.00304        0.08349       32.89101        1.61696        0.63471        1.45604        1.25682        0.00039        0.02894       -0.00025      300.00000      141.33265
   93    1    1     1432.49823     2810.66223     1142.12529        4.19540      116.86548        0.01668        0.07809        1.28333       10.10000        1.44964        0.45364        1.28093       12.74593        0.03978        0.00006        0.00248        0.54971      120.47778        0.01763        0.10541       10.01249        0.31328        2.32088        0.54968        7.04559        0.01224        0.00207        0.00003      300.00000       33.45269
   94    1    1     3062.76120     5913.71487     2548.72824        2.17526       24.97045        0.00076        0.01533        0.61935       38.80000        5.00150        1.13800        0.59657        7.97148        0.01523        0.02469        0.02282        0.68371       16.19994        0.00032        0.01118       39.44803        4.24912        1.80254        0.68067        9.92033        0.02407        0.04392        0.00304      300.00000      130.34936
   95    1    1     2667.20505     1629.57216      715.92167        4.52771       96.99436        0.01149        0.04456        0.90974       17.00000        0.01547        0.83520        0.89937        1.51950        0.00056        0.00511        0.01033        0.22727      104.90651        0.01343        0.04652        8.26222        0.02393        1.48566        0.22779        5.98749        0.00888        0.01643       -0.00052      300.00000       61.86012
   96    1    1     1769.56310    84784.19402    35028.69994        6.85362      151.06743        0.02787        0.03147        0.68546       10.60000       85.99761        1.05249        0.68208       14.39106        0.05063        0.00729        0.00332       36.44402      151.59804        0.02802        0.03106       10.75334        0.01904       51.28044       36.43297       14.39768        0.05017        0.00004        0.01105      300.00000        0.85066
   97    1    1     1943.23012     5185.36263     2557.67144        5.18101      126.85908        0.01966        0.05357        0.43005       15.10000        3.89497        1.30587        0.42869       15.57954        0.06071        0.00001        0.00137        1.48422      130.78286        0.02080        0.05827       10.89735        0.22101        3.91924        1.48331       15.58694        0.06068        0.00061        0.00090      300.00000       10.50736
   98    1    1     3432.87595     1624.98944      630.88896        4.98529       88.43622        0.00955        0.02888        0.83012        4.90000        0.10155        0.91125        0.82332       10.45091        0.02756        0.00094        0.00683        0.20992       79.17125        0.00764        0.02140       16.03728        0.22771        1.41338        0.20776        9.79543        0.02351        0.00630        0.00216      300.00000       72.01139
   99    1    1     2385.31398     3747.84325     1513.06229        1.02737       19.47514        0.00046        0.04342        0.93799       26.80000        2.53615        0.80031        0.93425        8.03610        0.01577        0.00356        0.00372        0.53628       16.98212        0.00035        0.01915       30.71051        1.67916        2.07147        0.53588       10.06029        0.02524        0.00601        0.00040      300.00000      141.09792
  100    1    1     3735.11328     1613.02479      584.08870        1.63112       38.81808        0.00184        0.06733        0.44146       15.50000        0.08342        1.29291        0.44166       14.30302        0.05088        0.00757       -0.00021        1.11589       37.33284        0.00170        0.02111       31.54396        0.56403        0.18034        1.11335       15.35685        0.05774        0.00460        0.00255      300.00000       27.32799
