    1    1    1     1581.77644     2427.46560     1122.00509        8.43144      153.39753        0.02874        0.01169        0.67249        8.20000        1.02265        1.06898        0.66558        6.79837        0.01166        0.00051   -33197.37696        1.85857      153.68627        0.02880        0.01179        8.00245        0.05300        0.84629        1.85775        6.79910        0.01136        0.00692        0.00081      300.00000        0.60017
    2    1    1     3527.30109     2169.05328     1021.65469        5.93998       81.44749        0.00810        0.01486        0.56117       12.60000        0.68172        1.17296        0.56160        7.97093        0.01578        0.00179       -0.00035        1.73044       73.69015        0.00662        0.01280       14.98179        0.22463        0.46597        1.72910        7.97667        0.01591        0.00001        0.00134      300.00000       11.65616
    3    1    1     2886.20230     1845.24081      515.33429        7.04516       92.99148        0.01056        0.01072        1.14550       35.60000        0.48158        0.58983        1.14474        7.19869        0.01274        0.00061        0.00083        1.62777       92.61514        0.01047        0.01081       35.61202        0.43502        0.15479        1.62638        7.18283        0.01266        0.00001        0.00139      300.00000        1.09456
    4    1    1     1575.15175     2753.01513     1148.80872        1.77380       35.53909        0.00154        0.04748        0.38818       17.80000        1.30401        1.35343        0.38113        3.48776        0.00307        0.00600        0.00702        0.84629       22.99764        0.00064        0.11644       25.94173        1.86575        0.20088        0.84212       15.96457        0.06222        0.01150        0.00417      300.00000      134.17520
    5    1    1     2733.04671     1430.90640      668.74936        1.89104       37.44992        0.00171        0.04619        1.47912        6.70000        0.00233        0.25974        1.47482        5.93385        0.00885        0.00017        0.00429        0.66470       47.69174        0.00277        0.01509       17.21928        0.01607        1.07054        0.66204       10.56120        0.02797        0.00097        0.00266      300.00000       60.13951
    6    1    1     1728.14383     9687.52697     4672.89583        5.67488      150.33577        0.02760        0.05811        1.02565       16.60000        9.48113        0.72234        1.01222       21.58870        0.11254        0.00405        0.01348        1.45244      147.66170        0.02661        0.05741       17.67460        1.84751        7.91691        1.45297       21.58008        0.11534        0.01519       -0.00052      300.00000        4.39689
    7    1    1     1371.83841     7718.96796     3131.54516        1.93599       54.99997        0.00369        0.09488        1.63705       26.10000        7.49116        0.09709        1.63748        9.35698        0.02164        0.00000       -0.00040        6.44144       50.88625        0.00315        0.11241       25.91492        0.59558        2.17929        6.44184        7.40798        0.01363        0.00000       -0.00040      300.00000      103.56973
    8    1    1     4673.85491    35443.64265    14755.94120        5.41801       74.42738        0.00677        0.01628        1.10674       16.90000       36.51862        0.65172        1.08285        1.61194        0.00067        0.03140        0.02388        4.62993       74.66124        0.00680        0.01554       11.32477        0.01728       33.63890        4.58890        6.02804        0.00861        0.01518        0.04103      300.00000      116.17350
    9    1    1     1467.77476     1581.62218      536.92791        0.99104       23.47012        0.00067        0.06783        0.97992        7.70000        0.03071        0.77219        0.96238        9.77150        0.02297        0.02825        0.01747        0.69932       43.16151        0.00226        0.10829       11.94571        0.35749        0.68417        0.68107        9.98705        0.02544        0.02557        0.01825      300.00000      128.62156
   10    1    1     2171.44210     3480.52379     1497.23251        3.82848       72.71705        0.00646        0.03760        1.35490        8.90000        2.31273        0.39097        1.34359        5.74990        0.00838        0.01367        0.01126        0.20227       78.22500        0.00745        0.03695        9.69300        0.89358        2.97084        0.18305        5.73246        0.00790        0.00575        0.01922      300.00000       33.63132
   11    1    1     1566.47499    75825.36011    32481.64214        5.84545      168.65213        0.03474        0.06693        0.67382       30.10000       77.05198        1.06612        0.66845       17.48713        0.07702        0.00522        0.00537        2.11206      167.31561        0.03418        0.07046       29.23870        3.50439       73.16916        2.11028       17.48513        0.07496        0.01062        0.00178      300.00000        6.48477
   12    1    1     8975.43781     2090.28518      539.32982        2.52076       39.24536        0.00188        0.02772        0.65654       15.90000        0.76717        1.07860        0.65597        3.22923        0.00257        0.00245        0.00053        0.85760       37.99126        0.00176        0.01087       15.74409        0.91974        0.72714        0.85796        8.29421        0.01699        0.00283       -0.00036      300.00000      149.92625
   13    1    1     4915.84386     4522.92866     1570.67417        4.05476       18.43196        0.00041        0.00211        0.76057       30.70000        3.46619        1.02025        0.71431       14.74939        0.05140        0.00076        0.04619        0.68058       24.18651        0.00071        0.01561       36.04739        3.44470        1.10675        0.67032        8.80831        0.01965        0.03370        0.01026      300.00000      101.47632
   14    1    1    16999.49499     2019.17650      627.69357        0.84070        7.98900        0.00008        0.01095        0.67813       13.40000        0.60103        1.06271        0.67185        1.99697        0.00097        0.04024        0.00633        1.49634       30.21676        0.00111        0.01764       13.44713        0.43999        0.39881        1.48543        3.93778        0.00375        0.03646        0.01091      300.00000       11.79160
   15    1    1     1584.15460    90533.10238    37826.76251        1.83147       28.95827        0.00102        0.02951        0.31675       27.70000       91.55857        1.42326        0.31131        6.00661        0.00879        0.00000        0.00547       47.47019       30.53668        0.00114        0.19171       33.38973        0.15811       45.49194       47.46774        8.71196        0.01858        0.00622        0.00245      300.00000      135.77127
   16    1    1     4913.23993     4559.60233     1806.83241        3.72626       26.14198        0.00083        0.00518        1.16037       17.10000        3.62063        0.59851        1.13606       20.43444        0.09995        0.01929        0.02431        3.83595       21.26867        0.00055        0.04934       24.77987        0.31038        1.28220        3.79901       10.52303        0.02629        0.00005        0.03693      300.00000       98.06312
   17    1    1     2397.16416     1615.48859      560.93327        6.09112      111.91505        0.01530        0.02593        0.91027       11.80000        0.15038        0.82613        0.90843        5.60916        0.00788        0.00004        0.00177        0.99302      112.28051        0.01539        0.02456       12.69346        0.47098        0.42262        0.99246        5.68421        0.00795        0.00139        0.00056      300.00000        4.52381
   18    1    1     5090.48058     3205.71382     1335.83420        1.21624       10.40940        0.00013        0.00881        1.07991       16.60000        2.17949        0.70392        1.03065        6.55187        0.01115        0.02084        0.04919        1.16439       28.24625        0.00097        0.00907        8.69107        0.70234        2.05498        1.16384        4.27383        0.00456        0.06794        0.00055      300.00000       60.36830
   19    1    1     2150.85211     1692.40964      742.36511        7.84251      123.75503        0.01871        0.01171        0.55943        8.70000        0.11792        1.17470        0.55987       15.55548        0.05982        0.00941       -0.00046        1.13666      123.33219        0.01855        0.01144        9.17029        0.07026        0.65496        1.12770       15.55554        0.05869        0.00113        0.00896      300.00000        1.37455
   20    1    1     1904.98627    37567.91010    16230.22423        4.34447       96.61015        0.01140        0.04900        0.22848       17.10000       37.97118        1.52294        0.21162       13.24248        0.04468        0.00020        0.01680       13.80741       98.12360        0.01174        0.04469       18.05476        1.87179       24.04000       13.79899       12.95031        0.04070        0.01155        0.00841      300.00000       28.09798
   21    1    1     3041.73322     1669.06898      595.13857        2.32623       68.51127        0.00573        0.10021        1.69278       16.80000        0.11395        0.04729        1.68727        1.79095        0.00078        0.00231        0.00544        1.30340       54.92731        0.00368        0.01007       38.01232        0.16456        0.44351        1.30247       11.12908        0.03094        0.00690        0.00093      300.00000       31.77507
   22    1    1     5390.87743     1473.61719      592.91901        4.22554       47.32839        0.00274        0.01259        0.25109        2.50000        0.00114        1.49699        0.23758        6.38146        0.01035        0.03978        0.01351        0.51912       42.56757        0.00221        0.00586       17.08627        0.06818        1.18607        0.49254        5.21606        0.00698        0.02626        0.02659      300.00000       60.31177
   23    1    1     1847.52653     1834.35796      744.94953        3.52486       90.98596        0.01011        0.07127        1.04723        3.20000        0.44832        0.68695        1.04761        6.75041        0.01126        0.00372       -0.00041        0.67830       88.50569        0.00948        0.06487        5.58739        0.06684        1.44127        0.67889        7.65773        0.01454        0.00358       -0.00059      300.00000       13.19311
   24    1    1     2898.10061     5321.57229     1591.49426        3.95630       42.63670        0.00222        0.01196        0.96273       55.10000        4.32092        0.80938        0.92519        6.04933        0.00869        0.00158        0.03746        4.27247       32.35239        0.00127        0.04344       51.85792        1.56237        0.22058        4.23467        8.01451        0.01659        0.00078        0.03779      300.00000       78.11561
   25    1    1     2718.15778     1442.86233      619.22452        7.94377       94.58132        0.01093        0.00639        0.78446       13.60000        0.03276        0.95391        0.78066        5.81443        0.00850        0.01635        0.00390        1.33530       94.85471        0.01097        0.00688       13.14689        0.03416        0.39684        1.33572        5.81527        0.00836        0.02078       -0.00041      300.00000        1.42712
   26    1    1     7181.71104     2773.56089     1124.43554        7.53366       36.44183        0.00162        0.00124        0.28723       15.60000        1.42466        1.45089        0.28368        6.03352        0.00914        0.10076        0.00359        1.72996       36.25545        0.00160        0.00124       15.60240        0.31148        1.21303        1.63471        6.03406        0.00962        0.00860        0.09525      300.00000        5.27725
   27    1    1     3933.17475    72745.81004    30195.00039        1.42091       14.85230        0.00027        0.01307        1.30540       16.00000       74.71221        0.45885        1.27571       14.89855        0.05294        0.01417        0.02967       51.90860       33.01780        0.00133        0.00499       27.62236        0.23863       24.36311       51.86596       12.78373        0.03868        0.00150        0.04265      300.00000      102.52024
   28    1    0     1210.88764  7869626.93456  2527436.16420        4.79131      100.43142        0.01232        0.04134        0.57342       23.90000     6748.88057        1.16230        0.57227        3.97521        0.00388        0.01278        0.00114      531.49070        0.00000        0.00000        0.00000      108.30785        0.03677     6219.23053      531.49070        0.00000        0.00000        0.00000        0.00000      300.00000        0.00000
   29    1    1     2165.85585     1636.95975      649.09477        1.65391       24.39743        0.00073        0.02585        0.72089       18.70000        0.10167        1.04471        0.68986        2.28684        0.00125        0.04139        0.03053        0.92812       49.54168        0.00299        0.05950       14.79466        0.30614        0.63500        0.85914        2.97902        0.00232        0.00241        0.06898      300.00000      105.14950
   30    1    1     1991.19165     2242.05678      792.22073        4.58397      121.56134        0.01805        0.06784        0.53830        6.50000        0.84212        1.20044        0.53412        5.24998        0.00693        0.05366        0.00425        0.59696      104.67341        0.01336        0.07271       16.83545        0.61547        1.38053        0.58075        5.08478        0.00658        0.04173        0.01621      300.00000       30.44406
   31    1    1     2721.43435   367918.78013   145697.12676        0.57299       15.32489        0.00029        0.08708        0.06424       11.10000      362.84017        1.72019        0.01438        8.69226        0.01782        0.01702        0.04986       50.88367       26.29920        0.00084        0.00697       37.65842        0.23577      313.57676       50.84110        7.60168        0.01496        0.02758        0.04257      300.00000      129.96349
   32    1    1     2877.85445     1583.97011      666.93290        6.43117       95.20772        0.01107        0.01570        1.40145       29.30000        0.14915        0.33705        1.39752        8.10574        0.01651        0.00193        0.00396        1.73208       96.07378        0.01126        0.01571       29.30074        0.05243        0.09989        1.73140        8.03629        0.01612        0.00537        0.00068      300.00000        5.37543
   33    1    1     3814.97036     1574.76288      624.18109        5.60068       95.70334        0.01119        0.02448        0.95676        9.50000        0.01172        0.86123        0.87333        6.10869        0.00982        0.00007        0.08347        0.58457       99.84930        0.01212        0.02605        6.36551        0.01213        1.19552        0.53594        6.14487        0.00891        0.03596        0.04862      300.00000      114.08662
   34    1    1     2852.16562     1843.27598      457.64582        4.36628       71.25210        0.00620        0.02632        1.35701       18.60000        0.44019        0.38946        1.34511        1.75443        0.00074        0.00096        0.01186        0.78865       65.53095        0.00523        0.02899       16.75942        0.63033        0.75812        0.77924        4.52786        0.00519        0.00438        0.00941      300.00000        0.95697
   35    1    1     2414.64462    27358.49648    11777.85097        5.81922      113.31323        0.01568        0.03063        0.26308       17.60000       29.08518        1.47630        0.25827       11.32596        0.03128        0.00115        0.00470       29.67971      113.51111        0.01572        0.03289       16.09427        0.03416        1.10720       29.67512       11.49427        0.03324        0.00041        0.00459      300.00000       14.33629
   36    1    1     1934.87873     1851.56411      656.28555        0.10324        2.06318        0.00001        0.04877        0.95119        9.10000        0.51107        0.80867        0.92590        5.88458        0.00828        0.00654        0.02515        0.46671       12.07879        0.00018        0.04615       10.39277        0.46622        1.34206        0.43493        5.76583        0.00856        0.00465        0.03177      300.00000      179.27025
   37    1    1     3528.59885     1503.59750      599.43945        1.97271       26.49878        0.00086        0.02118        1.02433       20.50000        0.08354        0.70983        1.02474       10.70857        0.02850        0.00052       -0.00035        0.80154       46.13040        0.00259        0.00706       33.75252        0.21038        0.84201        0.80180        4.33169        0.00466        0.00050       -0.00026      300.00000       68.64902
   38    1    1     1544.85478     7911.06447     3739.92040        8.06749      168.46940        0.03466        0.01860        1.26560       25.70000        7.40240        0.46952        1.26504       11.75445        0.03398        0.09260        0.00064        2.95667      167.99931        0.03431        0.01874       25.77238        0.63311        5.61456        2.88948       11.75469        0.03232        0.02764        0.06720      300.00000        0.77577
   39    1    1     1999.60935    47009.36082    20495.45622        5.49856      133.01997        0.02161        0.04987        0.82785        8.20000       48.69951        0.91872        0.81584       13.06607        0.04128        0.00220        0.01198       26.66114      129.67277        0.02052        0.05220        6.15150        1.04916       22.73723       26.64710       12.98806        0.04071        0.00007        0.01403      300.00000       15.11721
   40    1    1     1016.75974    76082.85763    31042.29007        8.99952      209.29982        0.05350        0.01256        0.81685       10.60000       76.41729        0.91872        0.81584       19.88437        0.09714        0.00266        0.00101       37.67467      209.26740        0.05342        0.01263       10.58047        0.01464       40.46431       37.67295       19.88432        0.09896        0.00011        0.00171      300.00000        0.25974
   41    1    0     1250.66661  6943889.16713  2265339.66632        5.03402       65.17090        0.00519        0.01528        0.24017       18.10000     5966.78923        1.49531        0.23926       11.63114        0.03324        0.00600        0.00090     1793.44110        0.00000        0.00000        0.00000       58.35558        0.01374     4175.13091     1793.44110        0.00000        0.00000        0.00000        0.00000      300.00000        0.00000
   42    1    1     1550.43483     1800.63372      575.70595        8.72490      148.10321        0.02679        0.00840        1.54954       30.90000        0.40607        0.19763        1.53694       10.74132        0.02788        0.00517        0.01191        0.66606      148.08630        0.02676        0.00836       30.92072        0.49750        0.97908        0.66411       10.74054        0.02888        0.01483        0.00194      300.00000        0.10863
   43    1    1     1783.82067    35430.87828    15263.85267        1.31384       19.13378        0.00045        0.02546        1.04688       28.00000       36.84149        0.68764        1.04693        5.53600        0.00763        0.00014        0.00006       10.07313       19.75619        0.00048        0.14138       30.06271        0.51386       27.86888       10.07074        6.81533        0.01164        0.00027        0.00239      300.00000      145.42168
   44    1    1     6344.95438    60930.61730    26153.58105        4.23460       47.26721        0.00273        0.01249        0.13268       34.90000       63.26301        1.60791        0.12665        5.36283        0.00700        0.00740        0.00597       17.30470       32.16401        0.00126        0.00192       37.52570        0.35246       47.34431       17.29837        9.23701        0.02076        0.00785        0.00633      300.00000       20.15122
   45    1    1     1141.42017     6021.77395     2371.44551        8.52136      210.60719        0.05417        0.02043        1.07705       45.80000        5.28612        0.65697        1.07760        8.07544        0.01613        0.05657       -0.00054        4.01255      210.45808        0.05396        0.02062       45.79588        1.69160        1.31814        4.01091        8.07714        0.01633        0.05424        0.00164      300.00000        0.18212
   46    1    1     1115.33644     1554.23327      608.14654        8.28982      224.13938        0.06136        0.02793        0.98019        5.20000        0.06476        0.75835        0.97622        5.74740        0.00830        0.00330        0.00400        1.64264      223.88778        0.06106        0.02822        5.04988        0.03344        0.12762        1.63818        5.74958        0.00831        0.00290        0.00446      300.00000        0.23907
   47    1    1     1574.91055     3264.56847     1473.07359        5.71324      170.30810        0.03542        0.07310        0.80991        4.40000        1.60057        0.92408        0.81049       19.47162        0.09403        0.01146       -0.00047        0.20870      165.43696        0.03338        0.07237        8.49754        0.07634        3.05373        0.20782       19.47101        0.09470        0.00936        0.00088      300.00000       10.02386
   48    1    1     1299.05584     1617.77325      609.14071        8.87212      168.62129        0.03473        0.00939        1.55669       12.40000        0.22670        0.21525        1.51932        3.57616        0.00330        0.03771        0.03731        0.82133      168.72701        0.03476        0.00944       12.31342        0.07728        1.11714        0.76673        3.57682        0.00301        0.02080        0.05459      300.00000        0.47407
   49    1    1    11372.07989     1899.84546      724.10003        3.80338       61.10217        0.00456        0.02696        1.08765        7.10000        0.57163        0.64813        1.08644        2.08912        0.00107        0.00575        0.00125        1.40940       51.43764        0.00323        0.00723       24.85036        0.63120        0.29289        1.40260        2.55009        0.00164        0.00015        0.00680      300.00000      103.36428
   50    1    1     3814.64409     6909.44909     3121.17005        7.38992       71.63390        0.00627        0.00521        0.15905       22.70000        6.39084        1.57533        0.15924        9.49507        0.02243        0.00969       -0.00018        2.74111       70.90860        0.00614        0.00524       22.70087        0.26782        5.12055        2.73712        9.49352        0.02265        0.00534        0.00399      300.00000        1.87819
   51    1    1     1663.12096     1598.06703      632.61348        7.49559      162.58205        0.03228        0.02518        0.97552       14.60000        0.01736        0.76081        0.97376        3.55862        0.00311        0.13762        0.00178        1.33876      162.95437        0.03238        0.02500       14.66845        0.01632        0.49745        1.23826        3.55404        0.00292        0.03905        0.10050      300.00000        1.23678
   52    1    1      875.11332     1770.31877      841.54151        8.97560      242.96866        0.07210        0.01740        1.66199       11.60000        0.01048        0.07278        1.66178        9.76069        0.02374        0.02955        0.00018        0.61323      242.96326        0.07198        0.01747       11.66631        0.02135        1.14095        0.58282        9.75980        0.02271        0.00034        0.03041      300.00000        0.28486
   53    1    0      466.29298 64838229.82633 22021837.90015        0.23526        5.29155        0.00003        0.06175        0.44740        6.80000    56827.71266        1.35396        0.38090        5.16869        0.00625        0.03570        0.06655      105.71373        0.00000        0.00000        0.00000       10.25890        0.00092    56723.18771      105.71373        0.00000        0.00000        0.00000        0.00000      300.00000        0.00000
   54    1    1     1105.12098     4536.86269     1833.88128        0.72680       26.46106        0.00086        0.16103        0.38807       12.00000        3.46805        1.36481        0.36975        8.80188        0.01976        0.00542        0.01684        1.83958       15.57143        0.00029        0.15469       22.76472        0.24315        3.13791        1.82184        9.67208        0.02385        0.00853        0.01774      300.00000      154.63668
   55    1    1     1473.52984    10319.22840     4408.87648        7.08585      184.97904        0.04179        0.04144        0.97583       42.10000        9.97596        0.75949        0.97507       11.30929        0.03144        0.04568        0.00077        5.07971      184.37009        0.04135        0.04074       42.35320        0.59252        6.06249        5.05660       11.30472        0.03271        0.02211        0.02310      300.00000        1.00016
   56    1    1     1878.06300     2927.18022      906.10477        5.82392      136.20522        0.02266        0.04414        1.01324       31.70000        1.47116        0.73386        1.00071        9.18546        0.02039        0.00033        0.01252        2.04454      138.76195        0.02347        0.04518       31.15590        0.81851        0.34645        2.03895        9.20087        0.02133        0.00629        0.00559      300.00000        1.53085
   57    1    1     2895.49234     1715.63300      852.44198        7.59916       91.29134        0.01018        0.00745        1.12571        7.50000        0.10956        0.63048        1.10408       13.40144        0.04307        0.04714        0.02153        0.90285       92.35451        0.01041        0.00716        7.65881        0.15077        0.81456        0.87893       13.40168        0.04600        0.04184        0.02393      300.00000        0.35479
   58    1    1     2692.96177     8342.53763     3612.73763        2.33361       28.09458        0.00096        0.01674        0.88710       13.70000        8.28380        0.84698        0.88759       12.93854        0.04145        0.00084       -0.00058        3.26349       43.33630        0.00229        0.02258       14.24262        0.08663        6.67123        3.26358       11.24054        0.03117        0.00049       -0.00009      300.00000      104.93690
   59    1    1     3639.90756    98651.80493    39798.93838        1.21321       39.53491        0.00191        0.12779        0.20830       50.10000       99.61134        1.53880        0.19577        9.42904        0.02149        0.00394        0.01260       27.62487       37.27728        0.00170        0.00481       49.45691        0.58449       73.24808       27.59569       13.78338        0.04882        0.00081        0.02918      300.00000       58.76353
   60    1    1     1792.24614     1600.92547      607.93283        6.15921      148.10930        0.02679        0.04383        1.12497        8.90000        0.03048        0.65584        1.07873       14.74939        0.05140        0.00076        0.04622        1.51890      148.79247        0.02693        0.04291        9.83310        0.09194        0.15919        1.51480       14.74953        0.05310        0.04109        0.00411      300.00000        2.15887
   61    1    1     8892.73361     1843.65377      780.73408        6.65453       30.88083        0.00116        0.00147        1.00401       17.80000        0.42777        0.76931        0.96525        7.63344        0.01505        0.00335        0.03862        1.01245       29.05751        0.00103        0.00159       17.87508        0.07438        1.09759        0.99048        7.62548        0.01487        0.02022        0.02197      300.00000        3.92579
   62    1    1     3450.30234     2123.44148      924.56875        1.13002       15.11016        0.00028        0.02156        0.85420       23.80000        0.75135        0.88886        0.84571        4.11823        0.00429        0.00439        0.00847        2.01457       61.74266        0.00465        0.01044       25.70646        0.07621        0.40904        2.01043        2.61268        0.00167        0.00837        0.00414      300.00000       55.14204
   63    1    1     2263.17077     1492.57248      669.03935        2.70900       48.53819        0.00288        0.03633        1.27021       10.60000        0.02634        0.48696        1.24760        7.00844        0.01177        0.03460        0.02261        0.46222       51.06156        0.00318        0.03709       16.74804        0.16080        1.15111        0.45589        4.44701        0.00499        0.04970        0.00633      300.00000       61.82609
   64    1    1     1496.37458     1695.51622      683.48293        7.45530      178.31754        0.03883        0.03104        0.73369       37.50000        0.17024        1.08497        0.64960        6.29198        0.00920        0.00086        0.08422        0.28333      178.25657        0.03874        0.03090       37.54899        0.19947        1.44106        0.26446        6.29627        0.01012        0.06521        0.01887      300.00000        0.40295
   65    1    1     2279.47010     1776.69428      729.34936        0.57465        5.58124        0.00004        0.01148        1.24087       47.30000        0.26152        0.49460        1.23996        4.23325        0.00448        0.00714        0.00093        0.31438       39.92734        0.00192        0.11567       16.19643        0.88337        0.69076        0.31198        6.02116        0.00909        0.00495        0.00240      300.00000      151.10446
   66    1    1     1475.98526     1760.44450      730.83384        6.26306      181.11409        0.04006        0.06207        1.27208       26.40000        0.03959        0.49460        1.23996        8.04139        0.01540        0.01400        0.03211        1.30895      181.51467        0.04017        0.06150       26.50776        0.04021        0.43711        1.29714        8.08083        0.01579        0.03407        0.01182      300.00000        2.47358
   67    1    1     2529.25582     2141.86029      566.84142        1.51749       23.31778        0.00066        0.02817        1.13323       14.30000        0.85792        0.60291        1.13165       11.03129        0.02985        0.01148        0.00157        1.38174       24.03158        0.00070        0.01755       18.37027        0.30511        0.90938        1.38176       12.00504        0.03589        0.01388       -0.00003      300.00000      148.11054
   68    1    1     2572.52660     2310.36636     1045.24505        5.09341      107.77854        0.01419        0.04050        0.71702        3.40000        0.99175        1.04546        0.68910        8.32905        0.01656        0.01303        0.02788        0.69704      109.21551        0.01456        0.03889        6.15897        0.21471        1.85439        0.65821        8.39606        0.01821        0.00072        0.03883      300.00000       40.02812
   69    1    1     3853.06749     2339.58171      878.84588        1.91156       21.73205        0.00058        0.01521        0.99276       23.40000        0.88519        0.79598        0.93859        9.66862        0.02200        0.00052        0.05410        1.62873       31.26010        0.00119        0.00683       31.66061        0.59156        0.44235        1.61224        4.38550        0.00490        0.03668        0.01649      300.00000       85.25656
   70    1    1     4952.24729     1544.57627      635.60210        7.95876       52.14800        0.00332        0.00192        1.58313       19.30000        0.03143        0.15468        1.57988        5.86898        0.00865        0.08569        0.00324        1.08013       52.18417        0.00332        0.00191       19.30215        0.03121        0.73019        1.00459        5.86486        0.00802        0.01403        0.07554      300.00000        0.54407
   71    1    1     2275.28690     1809.61589      785.22019        6.90655      118.11435        0.01704        0.01868        1.30602        9.30000        0.47310        0.43741        1.29715        8.65787        0.01818        0.01199        0.00892        0.77231      117.10795        0.01674        0.01884        9.42629        0.06720        1.36775        0.77283        8.65806        0.01859        0.02098       -0.00051      300.00000        0.85172
   72    1    1     3065.85777     5754.82743     2243.50323        4.77487       61.70195        0.00465        0.01574        1.27842       25.60000        5.13738        0.45572        1.27884       24.47592        0.14811        0.00252       -0.00045        5.88778       61.98667        0.00468        0.03152       24.04283        0.15744        0.82161        5.88831       23.70558        0.13947        0.00004       -0.00052      300.00000       17.53451
   73    1    1     2424.56490     1796.64950      769.78667        4.07619       74.59862        0.00680        0.03411        0.62980       17.40000        0.15295        1.16110        0.57346       14.65137        0.05046        0.05665        0.05631        0.79467       88.67884        0.00959        0.04759       29.96622        0.27835        0.94419        0.69389        5.13415        0.00698        0.01050        0.10077      300.00000       11.09250
   74    1    1     3460.46417     1752.86986      582.17355        7.50184       76.65054        0.00718        0.00557        0.88307       17.50000        0.31444        0.86722        0.86735       12.00984        0.03476        0.02148        0.01572        1.21950       76.89944        0.00722        0.00582       17.36184        0.16097        0.69417        1.19362       12.01039        0.03449        0.01156        0.02588      300.00000        0.49537
   75    1    1     2163.24253     1883.79937      776.15353        6.40894      123.87594        0.01874        0.02689        0.91130       14.80000        0.40753        0.82462        0.90994        6.51984        0.01043        0.00153        0.00130        0.15183      124.48564        0.01884        0.02611       15.11846        1.44782        0.54244        0.15233        6.59518        0.01080        0.00320       -0.00049      300.00000        1.35621
   76    1    1     2094.40956     7600.25548     3509.16469        4.68618      110.93028        0.01503        0.05341        0.31771       28.90000        7.06107        1.45128        0.28329        8.67974        0.01942        0.01592        0.03434        4.51287      116.43438        0.01652        0.06363       28.14341        0.56283        3.71917        4.51338        5.33233        0.00703        0.05180       -0.00050      300.00000       25.34990
   77    1    1     2751.28512     2260.99695      900.30589        0.21566        2.76433        0.00001        0.02006        0.47308        8.20000        0.71527        1.30108        0.43349       17.69255        0.08091        0.00184        0.03953        0.79163       23.95230        0.00070        0.01297       22.93843        0.54656        1.14586        0.78394       15.41360        0.05772        0.03681        0.00769      300.00000      150.80684
   78    1    1     1919.20325     1546.46882      613.41999        6.98751      140.10686        0.02397        0.02513        0.20538       29.70000        0.05993        1.55109        0.18347        2.82676        0.00204        0.01590        0.02198        1.07201      140.37215        0.02402        0.02541       29.57994        0.04625        0.71219        1.03568        2.83270        0.00191        0.00167        0.03633      300.00000        0.31449
   79    1    1     2121.89442     7664.40949     3152.20472        3.28907       52.66828        0.00339        0.02793        1.26730       38.40000        7.29590        0.47566        1.25890       12.97703        0.04257        0.00063        0.00844        6.42552       30.95965        0.00117        0.06132       36.86964        0.63793        1.91977        6.42366       15.85618        0.06164        0.00604        0.00187      300.00000       87.25778
   80    1    1     2306.28954     1795.39807      609.97285        4.86587      100.84849        0.01242        0.04004        1.35235       35.50000        0.23144        0.38830        1.34627       13.53265        0.04458        0.00484        0.00613        0.96091      104.84806        0.01337        0.04999       35.20408        0.25809        0.75197        0.95534       11.91217        0.03575        0.00389        0.00557      300.00000       17.19288
   81    1    1     1686.34537     1898.42220      765.29505        7.78710      157.49462        0.03029        0.01966        1.40428        8.90000        0.55377        0.32982        1.40475       11.25073        0.03142        0.00088       -0.00046        1.26525      156.75182        0.02999        0.01938        9.57340        0.03436        0.98925        1.26537       11.25007        0.03150        0.00041       -0.00013      300.00000        0.65460
   82    1    1     7562.86088     1735.87704      625.95546        0.68575        5.20914        0.00003        0.00701        0.51730       14.40000        0.13142        1.22011        0.51445       20.29352        0.10076        0.00621        0.00279        0.97144       16.78832        0.00034        0.02989       18.71805        0.26120        0.62589        0.95974       19.65033        0.09339        0.00070        0.01170      300.00000      120.43122
   83    1    1     2812.47184     1596.93686      553.99051        7.33436       96.19408        0.01130        0.00971        0.75060       30.90000        0.13906        0.98342        0.75114       15.21621        0.05731        0.00015       -0.00055        1.13793       96.17714        0.01129        0.00974       30.88211        0.23942        0.49583        1.13831       15.21633        0.05722        0.00012       -0.00039      300.00000        0.55969
   84    1    1     1509.82291     2200.79935      524.55088        8.46695      162.99756        0.03245        0.01281        1.54555       22.00000        0.76933        0.18858        1.54599        7.65635        0.01456        0.01467       -0.00038        0.83382      162.91647        0.03235        0.01292       21.99614        1.43920        0.23346        0.83122        7.65622        0.01470        0.01151        0.00259      300.00000        0.88456
   85    1    1     2147.41177     1752.87878      641.02633        1.76066       27.25302        0.00091        0.02836        1.53363       20.10000        0.24415        0.22485        1.50972        7.20346        0.01329        0.00005        0.02392        0.41577       15.14080        0.00028        0.05054       16.31793        1.10075        0.46636        0.39402        5.70523        0.00781        0.00373        0.02174      300.00000      128.11411
   86    1    1     2177.46597     2157.51817      579.60119        7.85184      121.08879        0.01791        0.01114        1.76912       31.00000        0.73053        0.02874        1.70582       14.35359        0.04827        0.02506        0.06334        0.78339      121.09180        0.01788        0.01116       31.00338        0.84483        0.92519        0.69508       14.35302        0.04777        0.00055        0.08831      300.00000        0.59385
   87    1    1     3467.30194     1435.61953      589.49118        6.95908       77.68614        0.00737        0.00785        1.11190       15.30000        0.03455        0.62792        1.10664        8.75492        0.01930        0.00067        0.00523        1.00723       78.52720        0.00753        0.00873       14.58995        0.06369        0.70152        1.00283        8.75529        0.01928        0.00159        0.00440      300.00000        0.76528
   88    1    1     3726.73651     1515.60493      568.56537        4.81868       45.95498        0.00258        0.00853        0.13876       23.80000        0.09963        1.60716        0.12741        6.36477        0.00980        0.00674        0.01135        1.18871       52.09617        0.00331        0.02506       28.37526        0.38911        0.24020        1.18913        5.33657        0.00704        0.01976       -0.00042      300.00000       16.57959
   89    1    1     1745.27717     1580.66116      633.41847        3.15056       67.18293        0.00551        0.05002        0.03855        1.50000        0.01573        1.69890        0.03566        8.78977        0.01938        0.00078        0.00286        0.95552       58.24779        0.00412        0.09228       18.20615        0.55233        0.22175        0.95342        2.30176        0.00130        0.00159        0.00210      300.00000       70.24850
   90    1    1     2724.16459     3214.07802     1267.44762        3.57783       50.29458        0.00309        0.02104        0.66930       22.00000        2.03054        1.06537        0.66919        4.72477        0.00550        0.02503        0.00003        3.32952       66.64122        0.00542        0.02116       17.96314        0.26451        0.18815        3.30610        6.22308        0.00992        0.00120        0.02342      300.00000       50.09645
   91    1    1     1353.20126     3646.63441      787.03840        2.49917       75.06955        0.00688        0.10331        1.54563       31.10000        2.25464        0.25936        1.47521       13.98634        0.05126        0.02756        0.07045        2.22306       87.36864        0.00927        0.11274       31.90406        1.63540        0.21714        2.13020       13.50934        0.04821        0.00283        0.09286      300.00000       69.97973
   92    1    1     2122.16392     4250.80820     2007.03080        6.28599      128.12949        0.02005        0.03069        0.90327        6.90000        3.12366        0.83138        0.90318        4.08803        0.00412        0.00159        0.00007        2.42746      125.34890        0.01912        0.03123        7.90456        0.69116        1.74076        2.42697        3.94620        0.00383        0.00122        0.00049      300.00000        3.72638
   93    1    1     3376.62189    52141.84471    22373.04835        0.91901       18.21733        0.00041        0.04759        0.14169       31.30000       53.06610        1.59585        0.13872        7.71142        0.01455        0.00080        0.00298       32.51676       48.10327        0.00282        0.03058       40.03284        0.41207       21.88916       32.51157        7.55918        0.01439        0.00117        0.00520      300.00000       61.99888
   94    1    1     2144.95167     1976.20412      630.76418        1.97593       25.15659        0.00077        0.01902        1.02074       32.40000        0.61980        0.71621        1.01835       10.47557        0.02687        0.04331        0.00232        0.97280       24.21984        0.00071        0.04444       28.58832        0.44316        0.96645        0.93330        7.06740        0.01291        0.00626        0.03950      300.00000      134.60022
   95    1    1     2584.30896     1498.22287      656.99845        4.82834       99.91985        0.01219        0.04011        1.27533        4.60000        0.06563        0.50611        1.22845        5.07731        0.00669        0.00000        0.04688        1.12502       89.71534        0.00981        0.03307       16.32477        0.07656        0.61484        1.12184        3.72148        0.00339        0.04338        0.00318      300.00000       28.84302
   96    1    1     1840.91416     1584.97958      598.97351        4.87201      148.63883        0.02698        0.08670        0.55219        8.00000        0.00530        1.23257        0.50199        6.61145        0.01136        0.00812        0.05023        0.45245      144.56082        0.02542        0.07105        8.15903        0.00988        1.27669        0.45291       10.65794        0.02811        0.05963       -0.00046      300.00000       35.98604
   97    1    1     1702.32582     1615.84698      565.54663        7.45202      158.06436        0.03051        0.02443        0.94001       21.10000        0.14678        0.81193        0.92264        9.70073        0.02264        0.02675        0.01744        1.54696      158.74830        0.03070        0.02555       20.44378        0.14395        0.21158        1.52442        9.70057        0.02255        0.02176        0.02254      300.00000        0.48852
   98    1    1     2114.08654     1825.82006      863.25011        7.13024      128.46930        0.02016        0.01949        1.73666       41.40000        0.08488        0.00012        1.73444        7.72821        0.01497        0.00410        0.00232        0.07517      128.31586        0.02004        0.01948       41.42589        0.43075        1.31994        0.06890        7.71990        0.01450        0.00050        0.00627      300.00000        0.51160
   99    1    1     3585.31071     1472.69291      623.33039        8.01795       71.64464        0.00627        0.00348        0.39074       22.00000        0.03694        1.35573        0.37883        7.40746        0.01327        0.00936        0.01191        0.48853       71.63172        0.00627        0.00344       22.00578        0.34768        0.95610        0.46773        7.40787        0.01317        0.00061        0.02080      300.00000        0.51870
  100    1    1     1653.99357     2496.05434      704.19009        4.17752      120.02503        0.01759        0.08322        1.42842       28.90000        1.08146        0.30644        1.42813        6.73478        0.01131        0.02854        0.00027        0.76773      132.09960        0.02123        0.09554       26.38285        0.88048        1.18829        0.74003        3.10177        0.00230        0.00142        0.02770      300.00000        8.37204
