    1    1    1     2319.86075     1607.62766      570.82236        3.48170       49.06529        0.00294        0.02131        1.09701       29.20000        0.14640        0.67989        1.05467       10.15440        0.02441        0.02205   -33197.34145        1.31363       24.93575        0.00076        0.06287        8.31075        0.07066        0.51924        1.25519        9.38382        0.02296        0.00389        0.05844      300.00000       84.75227
    2    1    1     2008.45261     1842.22982      541.06182        5.40028      129.85661        0.02059        0.05003        1.60133       39.70000        0.31162        0.13410        1.60046        8.61508        0.01824        0.00043        0.00090        0.52210      128.22827        0.02000        0.05082       39.53764        0.68742        0.83704        0.52096        8.76665        0.01887        0.00010        0.00114      300.00000       13.38516
    3    1    1     4711.71751     2115.61585      592.79100        8.07052       59.41921        0.00431        0.00231        0.91504       15.60000        0.88281        0.82994        0.90463        5.82060        0.00820        0.00191        0.01041        1.65111       60.05620        0.00440        0.00225       15.60556        0.52488        0.44115        1.65136        5.82057        0.00843        0.01231       -0.00025      300.00000        9.53599
    4    1    1     1681.36321     1859.81058      692.95163        6.10781      157.06945        0.03013        0.05064        0.53819       11.90000        0.28669        1.19620        0.53837       14.53144        0.05252        0.01935       -0.00029        1.51947      158.10749        0.03035        0.04943       12.74370        0.10395        0.40556        1.51281       14.52922        0.05135        0.01360        0.00665      300.00000        1.97634
    5    1    1     2295.54412     2686.04943     1119.49386        2.63809       61.75530        0.00466        0.06227        0.48619       13.60000        1.36320        1.25923        0.47533        6.98909        0.01238        0.00025        0.01079        2.24557       30.04606        0.00110        0.01825       21.50977        0.02902        0.85513        2.23486       12.07662        0.03696        0.00215        0.01071      300.00000       92.69936
    6    1    1     1567.93788     1837.70141      664.24540        1.26074       34.07425        0.00142        0.08780        1.50084       16.10000        0.17413        0.26344        1.47112       14.89855        0.05294        0.01417        0.02965        0.36629        7.65528        0.00007        0.05645       38.18714        0.12870        1.53611        0.32824        2.36862        0.00145        0.00566        0.03804      300.00000      146.06553
    7    1    1     1416.21639    29883.11227    13198.87272        6.57610      190.08058        0.04413        0.05791        0.58287       24.80000       31.26956        1.15115        0.58341        6.96894        0.01205        0.03412       -0.00044       18.29353      191.53551        0.04469        0.06092       23.24963        0.40101       14.31380       18.28557        6.97595        0.01230        0.02550        0.00796      300.00000        1.81957
    8    1    1     3934.12695     1846.10436      619.85772        2.16955       49.19829        0.00296        0.05985        0.30836       18.20000        0.25360        1.45631        0.27825       16.00143        0.06583        0.00252        0.03016        0.95877       37.43094        0.00171        0.00364       46.29427        0.78408        0.36278        0.93312       10.86299        0.02822        0.01022        0.02564      300.00000       74.67329
    9    1    1     3759.48458    14820.75907     6813.39514        4.61349       46.89832        0.00269        0.00993        0.62016       24.00000       15.03259        1.11397        0.62059       16.84468        0.07043        0.00373       -0.00047        9.62473       59.39430        0.00431        0.01260       34.85167        1.26667        5.90981        9.62086       11.83754        0.03521        0.00019        0.00387      300.00000       22.78083
   10    1    1     1559.28317     1779.34932      725.98388        8.06428      163.62298        0.03270        0.01758        1.30479       10.80000        0.19853        0.43901        1.29556       13.27357        0.04458        0.00329        0.00918        0.29166      163.51797        0.03252        0.01756       11.02825        0.99937        0.65109        0.28290       13.27428        0.04456        0.00372        0.00875      300.00000        0.94655
   11    1    1      771.09308     1958.00124      777.50633        8.92265      280.97829        0.09642        0.02469        1.39193       21.90000        0.40942        0.34569        1.38888       11.05706        0.02990        0.00543        0.00300        0.23296      280.98756        0.09634        0.02468       21.96812        0.42267        1.48816        0.23330       11.05752        0.03039        0.00828       -0.00034      300.00000        0.16241
   12    1    1     1916.64708     6132.92129     2597.09020        2.89430       74.32693        0.00675        0.07380        0.59574       27.50000        5.22641        1.15624        0.57833       16.82036        0.07212        0.03388        0.01743        3.20025       72.00765        0.00632        0.05003       28.68905        0.19255        3.58895        3.19613       17.57822        0.07543        0.05140        0.00412      300.00000       38.61094
   13    1    1     3023.23763    21682.92288     9206.54874        7.05299       88.95207        0.00966        0.00976        0.90095        8.70000       22.15596        0.86034        0.87422       12.03579        0.03717        0.02166        0.02676       15.80275       87.80523        0.00941        0.01016        8.40489        0.00597        8.11117       15.77323       12.03613        0.03724        0.01883        0.02952      300.00000        1.45739
   14    1    1     2433.23545     1801.13358      742.13612        5.04552      109.00454        0.01451        0.04249        1.55531       13.10000        0.28154        0.18002        1.55454        7.59388        0.01418        0.00940        0.00079        1.26201      108.75055        0.01443        0.03949       13.26962        0.30423        0.46009        1.25195        8.33385        0.01683        0.00037        0.01006      300.00000       28.34250
   15    1    1     3078.52309     2021.24694      705.58073        2.01770       57.23792        0.00400        0.09428        0.99377       16.90000        0.56402        0.74642        0.98814        4.91494        0.00588        0.03540        0.00560        1.27212       52.56133        0.00337        0.00756       24.32119        0.12662        0.95803        1.23188       17.63908        0.07374        0.00234        0.04024      300.00000       52.60331
   16    1    1     2452.64666     3295.83894     1465.42990        4.65326      101.95888        0.01270        0.04594        0.32496        5.30000        2.04639        1.41203        0.32254        9.02598        0.02042        0.00491        0.00240        1.71813      105.76793        0.01361        0.05661       21.09924        1.05412        1.02046        1.71229        3.14872        0.00250        0.00191        0.00584      300.00000       52.85725
   17    1    1     1790.63942     4382.73581     1667.00420        7.47200      147.90398        0.02672        0.02114        1.30737       20.90000        3.42056        0.42897        1.30560        7.64880        0.01464        0.00715        0.00172        4.40206      147.64490        0.02660        0.02119       20.92471        0.60219        0.15168        4.40131        7.64616        0.01438        0.00844        0.00075      300.00000        1.46554
   18    1    1     4385.16591     5202.34212     1470.04169        2.60324       43.29607        0.00229        0.03149        1.18190       44.80000        4.23169        0.57853        1.15603       12.45869        0.03981        0.00428        0.02596        3.62451       59.10094        0.00426        0.02432       43.03961        1.68903        0.65584        3.62340       12.92187        0.04101        0.03103        0.00111      300.00000       17.65781
   19    1    1     3021.75510    24163.92403    10060.45854        5.10272       70.12743        0.00601        0.01706        1.59377       22.10000       25.75160        0.14637        1.58819       10.21380        0.02628        0.00537        0.00560        5.74203       63.46398        0.00492        0.02501       20.88151        0.93861       20.79664        5.74205       10.36675        0.02676        0.01248       -0.00001      300.00000       10.80054
   20    1    1     2058.30802    47732.05576    21051.38378        1.58293       36.31149        0.00161        0.06266        0.33668       35.00000       49.37273        1.39814        0.33643        7.77989        0.01509        0.00070        0.00026        3.37701       39.43674        0.00190        0.02345       29.08364        1.98575       45.78721        3.37549        7.07893        0.01229        0.00000        0.00152      300.00000      106.32694
   21    1    1     1387.70251     2056.99196      662.03939        7.10952      194.93150        0.04641        0.04541        1.43519       23.40000        0.69191        0.30708        1.42748        2.32981        0.00132        0.00637        0.00768        1.14500      194.16942        0.04583        0.04477       23.94919        0.49080        0.80177        1.13523        2.28882        0.00127        0.00425        0.00977      300.00000        0.03430
   22    1    1     2369.59652     1936.42542      840.32195        4.82020      107.92438        0.01423        0.04700        0.54102       12.00000        0.23742        1.26041        0.47416       18.71850        0.08197        0.00867        0.06682        0.81650      110.53919        0.01490        0.04540       13.43656        0.13754        1.08618        0.75231       18.56459        0.09008        0.00011        0.06420      300.00000       35.34191
   23    1    1     1123.66488     2601.65437      609.47346        8.18650      225.04966        0.06186        0.03044        0.76536       33.60000        1.16994        0.98591        0.74866        9.23947        0.02055        0.01998        0.01672        1.38048      225.21252        0.06194        0.03011       33.67966        0.91589        0.62782        1.36108        9.23721        0.02178        0.01602        0.01940      300.00000        0.04754
   24    1    1     1481.97486     1592.64647      753.67692        7.72998      176.91551        0.03823        0.02575        1.37917       10.10000        0.22026        0.35910        1.37547        5.56089        0.00755        0.00161        0.00368        0.57625      177.04478        0.03825        0.02577       10.04147        0.00637        1.37214        0.57626        5.56873        0.00765        0.00524       -0.00001      300.00000        0.87148
   25    1    1     1332.81885     3394.05963     1237.63650        7.04968      202.41191        0.05004        0.05065        0.66111       42.60000        2.15676        1.09159        0.64298        2.16621        0.00120        0.00285        0.01812        2.65691      202.62939        0.04979        0.05106       42.57314        0.20600        1.04563        2.63957        2.19758        0.00123        0.00357        0.01734      300.00000        0.25168
   26    1    1     2526.71786     1605.00656      701.26183        8.99924       82.96663        0.00841        0.00197        0.74814        9.60000        0.29535        0.98603        0.74854        1.71996        0.00073        0.01062       -0.00046        0.71252       82.98156        0.00840        0.00202        9.52396        0.01214        1.30490        0.71281        1.71999        0.00074        0.01053       -0.00029      300.00000        0.72952
   27    1    1     3271.95113     3849.33464     1860.62803        8.56979       73.97057        0.00668        0.00242        0.41649       20.90000        2.63747        1.32507        0.40950        7.85061        0.01498        0.01890        0.00706        0.13767       73.65694        0.00662        0.00244       20.89935        3.69249        0.56221        0.11732        7.85024        0.01479        0.00576        0.02036      300.00000        0.78734
   28    1    1     2238.49996     1446.93398      599.51109        7.31590      120.37252        0.01770        0.01537        0.92781        4.90000        0.00178        0.80956        0.92500        1.95156        0.00093        0.00139        0.00281        0.69133      120.06544        0.01757        0.01504        5.78515        0.00248        1.04565        0.68869        1.96628        0.00095        0.00153        0.00264      300.00000        0.54365
   29    1    1     1716.52502     1827.00024      581.40744        6.58256      155.83464        0.02966        0.03879        1.21219       16.50000        0.21091        0.52320        1.21137       13.64933        0.04653        0.04783        0.00084        0.77372      156.11173        0.02962        0.04006       15.71876        0.29223        0.88592        0.76600       13.65024        0.04526        0.04229        0.00772      300.00000        0.39904
   30    1    1     3276.31461     1851.73480      639.61955        8.13606       79.52737        0.00772        0.00394        1.45528       17.20000        0.46148        0.28589        1.44868        2.84448        0.00197        0.02277        0.00665        0.93903       78.77848        0.00757        0.00425       17.12434        0.50616        0.77743        0.91231        2.83408        0.00206        0.00255        0.02672      300.00000        0.84127
   31    1    1     1110.70049     7022.51835     3060.04449        8.18725      226.98438        0.06293        0.03095        0.88041       13.90000        6.74398        0.85509        0.87948        0.54988        0.00008        0.00677        0.00092        1.27838      227.02152        0.06291        0.03106       13.80790        0.25756        6.94458        1.27629        0.55830        0.00008        0.00565        0.00209      300.00000        0.49081
   32    1    1     2384.50960     1631.04628      659.45054        6.17483      110.92298        0.01503        0.02438        0.77008        2.50000        0.00049        0.97124        0.76333       21.05714        0.11187        0.00368        0.00674        0.62793      111.11421        0.01505        0.02427        2.80797        0.00406        1.11288        0.61826       21.05716        0.11225        0.00033        0.00967      300.00000        0.81976
   33    1    1     4653.72365     1763.28466      778.09225        5.17049       66.83938        0.00546        0.01495        1.62341       15.20000        0.12915        0.16877        1.56580       16.18061        0.06151        0.03297        0.05759        1.63147       84.76273        0.00873        0.01829        9.57215        0.13585        0.10872        1.61406       15.99235        0.06154        0.07162        0.01741      300.00000      120.12003
   34    1    1     3408.91811     2142.62863      451.85113        6.05658       84.29309        0.00868        0.01498        1.12456       21.70000        0.82390        0.61358        1.12099        6.59400        0.01062        0.00012        0.00355        1.37447       83.16906        0.00841        0.01383       22.29615        0.92919        0.25630        1.37436        6.59411        0.01071        0.00353        0.00011      300.00000       14.44377
   35    1    1     2494.98054     1610.10288      730.74182        6.14602      112.27942        0.01540        0.02536        0.08720        5.40000        0.01496        1.66258        0.07199        8.33051        0.01673        0.00014        0.01523        1.19405      107.33862        0.01401        0.02337        9.72208        0.00624        0.55673        1.18997        8.33089        0.01694        0.01102        0.00408      300.00000        8.28065
   36    1    1     2077.38359     6808.69185     3024.31209        3.91538       78.25199        0.00748        0.04131        0.91806       17.70000        6.40865        0.82079        0.91378       11.58628        0.03276        0.00742        0.00421        5.54217       83.11433        0.00843        0.06014       15.34310        0.32535        2.27981        5.54037        6.73321        0.01112        0.00944        0.00180      300.00000       20.69224
   37    1    1     1397.82964    30523.85031    14374.48476        7.31770      192.52742        0.04527        0.03927        0.66521       15.30000       32.39654        1.06891        0.66566        7.31560        0.01328        0.01113       -0.00047        2.62553      192.65855        0.04533        0.03960       14.98299        6.33392       25.18054        2.61625        7.31456        0.01354        0.00115        0.00929      300.00000        0.24490
   38    1    1      818.26872    21998.35468    10458.86492        8.87343      269.06442        0.08842        0.02388        0.87733       13.50000       22.26704        0.85992        0.87464        4.47885        0.00491        0.00173        0.00275        2.80038      268.93287        0.08827        0.02402       13.41470        0.43000       20.77455        2.79693        4.49304        0.00493        0.00107        0.00345      300.00000        0.20805
   39    1    1     2278.02128     1616.92477      631.40400        2.84750       54.10515        0.00358        0.04052        0.83428       16.30000        0.19842        0.90405        0.83052        9.97026        0.02498        0.00099        0.00379        0.20316       73.11299        0.00653        0.03278       11.48150        0.04337        1.68187        0.20352       11.58300        0.03333        0.00579       -0.00036      300.00000       53.12346
   40    1    1     2654.47095     1916.04811      617.32405        5.34913      105.48431        0.01359        0.03390        0.48025       21.80000        0.52937        1.25755        0.47701       11.26099        0.03183        0.00751        0.00326        1.00886      103.33980        0.01297        0.02950       24.27589        0.45121        0.82164        0.99697       11.10093        0.02980        0.00003        0.01189      300.00000       25.67501
   41    1    1     8299.38064    10765.52112     4949.94678        3.52379       36.52810        0.00163        0.01149        0.78948       26.60000       10.65952        0.97342        0.76115        0.67597        0.00012        0.00605        0.02834        8.01036       65.72881        0.00527        0.01037       25.04091        0.21567        4.17202        7.98649        9.57103        0.02193        0.00610        0.02387      300.00000      170.05578
   42    1    1     6583.08042     1563.27900      557.53572        0.92200       16.87293        0.00035        0.04055        0.91611       23.90000        0.07126        0.81978        0.91479       12.23288        0.03673        0.00007        0.00140        1.03206       46.84991        0.00268        0.00392       37.66626        0.43530        0.38000        1.03194       11.04494        0.03007        0.00084        0.00011      300.00000       28.82880
   43    1    1     2598.40546     1628.41485      632.81146        7.64971      101.18225        0.01250        0.00886        1.12502       16.70000        0.20884        0.65279        1.08178        3.47285        0.00285        0.00020        0.04332        0.25779      101.24463        0.01250        0.00893       16.65568        0.20474        1.48674        0.25185        3.46953        0.00303        0.03735        0.00593      300.00000        1.13751
   44    1    1     3145.97202     1492.62063      601.51563        3.85681       54.52220        0.00363        0.02078        0.47697       17.00000        0.05030        1.26117        0.47340        4.53559        0.00517        0.00279        0.00353        0.40157       47.60068        0.00276        0.01922       22.29457        0.09383        1.29711        0.40144        0.51152        0.00007        0.00624        0.00014      300.00000       31.03482
   45    1    1     1002.73888     1584.06053      568.60899        8.80965      223.90180        0.06123        0.01766        1.08259       16.30000        0.11705        0.68259        1.05198        0.71631        0.00012        0.00171        0.03068        1.03844      224.01897        0.06120        0.01778       16.23782        0.08280        0.73670        1.03201        0.72240        0.00013        0.02590        0.00643      300.00000        0.13638
   46    1    1     1223.74606     1593.36333      655.27001        0.32728        9.43407        0.00011        0.10138        0.61160        6.20000        0.00742        1.15399        0.58057       14.62152        0.05500        0.00200        0.03109        0.35507       25.42276        0.00079        0.09551       12.01215        0.01433        1.38471        0.35543       14.16311        0.04984        0.03125       -0.00036      300.00000      170.28513
   47    1    1     3397.66482     6858.96608     3242.83129        1.82175       21.37715        0.00056        0.01626        0.42578       31.90000        6.19530        1.30904        0.42552       18.19336        0.08251        0.00511        0.00027        3.33368       15.42759        0.00029        0.00926       36.47138        0.12489        4.50023        3.33016       16.28662        0.06482        0.00136        0.00352      300.00000      125.19298
   48    1    1     2288.91266     3594.17438     1434.83557        1.01912       14.74582        0.00027        0.02530        1.29889       20.80000        2.31003        0.48570        1.24887       14.15342        0.05204        0.00260        0.05006        3.14893       16.08443        0.00031        0.03704       27.98611        0.42898        0.45686        3.14925       14.20906        0.04987        0.05283       -0.00032      300.00000      143.27381
   49    1    1     3362.17142     7734.13713     3339.61706        6.23237       84.74635        0.00877        0.01381        0.60214       15.90000        7.38346        1.13198        0.60258       11.80940        0.03447        0.00024       -0.00040        5.47468       82.76135        0.00835        0.01516       15.02576        0.11892        3.52309        5.47510       11.79598        0.03442        0.00028       -0.00042      300.00000       11.97583
   50    1    1     2066.71624     1856.65590      651.40314        4.65533      113.05581        0.01561        0.05642        1.60288        7.60000        0.39857        0.25487        1.47970        4.79397        0.00526        0.00039        0.12324        1.78290      107.15576        0.01399        0.05257        7.70057        0.25992        0.10111        1.77245        6.75217        0.01155        0.11196        0.01045      300.00000       12.56568
   51    1    1     1784.86967    23045.32216     9604.80492        1.64067       29.52773        0.00106        0.03849        1.40044       20.90000       23.34191        0.45224        1.28233       20.63210        0.11333        0.04000        0.11809       13.48669       26.91596        0.00088        0.04560       45.87871        0.11247       11.70597       13.34726        9.76727        0.02555        0.01031        0.13942      300.00000      168.88192
   52    1    1     1390.48269     1618.38119      652.88081        8.61438      170.18613        0.03537        0.01229        0.73969       21.50000        0.08510        1.02636        0.70820        2.57117        0.00170        0.00041        0.03151        0.28166      170.30072        0.03533        0.01262       21.33246        0.42917        1.12211        0.26801        2.57890        0.00169        0.01835        0.01365      300.00000        0.06725
   53    1    1     1677.37014     2025.12151      815.60703        1.59447       33.30813        0.00135        0.05194        0.94402       20.90000        0.63042        0.79283        0.94173       17.23355        0.07442        0.00042        0.00228        2.00699       41.71485        0.00212        0.05529       12.69113        0.10223        0.24220        2.00735       18.39773        0.08362        0.00298       -0.00036      300.00000      121.61479
   54    1    1    16201.55277     2160.21279      922.32067        0.22488        1.88794        0.00000        0.00860        0.82260       19.90000        0.86221        0.91598        0.81859        5.16679        0.00652        0.00151        0.00400        2.00507       17.14723        0.00036        0.00148        8.99573        0.08365        0.50873        2.00563        7.02615        0.01224        0.00589       -0.00056      300.00000      115.00167
   55    1    1     2620.30799   251671.90191    97278.79373        5.48722      107.75487        0.01418        0.03292        0.60451       18.80000      250.75628        1.13209        0.60247       17.42446        0.07440        0.00224        0.00200      131.39193      107.81912        0.01420        0.03210       18.60327        0.02556      121.06513      131.39000       18.55590        0.08622        0.00158        0.00192      300.00000       28.61888
   56    1    1     1134.80323     4442.71517     1913.59126        8.85668      194.22286        0.04607        0.01266        1.19533       24.30000        3.37704        0.64044        1.09412        3.43688        0.00313        0.00047        0.10115        0.85484      194.20128        0.04599        0.01264       24.37170        0.94313        3.35314        0.81550        3.43062        0.00304        0.06235        0.03934      300.00000        0.40876
   57    1    1     3224.61746    45452.35326    19470.58693        4.60523       80.02546        0.00782        0.02906        0.95466       18.60000       47.07063        0.81126        0.92331        2.61746        0.00163        0.00223        0.03139       34.14135       79.02796        0.00763        0.01860       15.43313        0.02184       14.67928       34.11352        4.52135        0.00525        0.00340        0.02783      300.00000       26.17544
   58    1    1     2817.00167     1970.66825      741.03846        5.76564      100.33519        0.01230        0.02469        1.49501       18.90000        0.44642        0.23966        1.49491        7.73914        0.01476        0.02195        0.00019        1.51281      100.82165        0.01241        0.02576       19.25727        0.45034        0.23001        1.50138        7.21541        0.01320        0.01026        0.01144      300.00000       22.00047
   59    1    1     2169.10574     1546.01817      672.09409        6.85843      128.95940        0.02031        0.02287        0.18602        4.40000        0.01640        1.55165        0.18291        6.04927        0.00895        0.03571        0.00316        0.95052      129.63983        0.02051        0.02232        5.17762        0.06495        0.73616        0.95025        6.04780        0.00900        0.03846        0.00027      300.00000        5.85947
   60    1    1     1436.88763     3293.17530     1242.10551        1.06974       32.65970        0.00130        0.11254        0.69100       17.60000        2.03000        1.04644        0.68813        9.48126        0.02255        0.00431        0.00279        2.54134       23.20062        0.00065        0.06984       27.71548        0.22995        1.01358        2.53563       14.50508        0.05124        0.00153        0.00571      300.00000      147.72424
   61    1    1     2075.08740     5433.64915     2416.48093        1.56590       46.80736        0.00268        0.10645        1.40227       14.10000        4.37871        0.33211        1.40246        4.03923        0.00406        0.00009       -0.00023        4.35788       73.21409        0.00653        0.02962       30.39381        0.24020        1.53455        4.35763       15.22755        0.05710        0.00049        0.00025      300.00000       65.64863
   62    1    1    12126.60802     1901.33170      537.08546        6.48878       49.54913        0.00300        0.00412        1.53850       16.00000        0.52307        0.22233        1.51224        7.55231        0.01363        0.00059        0.02629        0.75384       29.72919        0.00108        0.00508       24.01220        0.78786        0.74333        0.73437        5.52833        0.00734        0.00674        0.01947      300.00000      126.59165
   63    1    1     1201.78529   301335.41815   114255.09133        0.35511        8.73511        0.00009        0.07381        1.32556       30.90000      298.32604        0.41041        1.32415       14.33666        0.05142        0.00000        0.00148       46.13301       33.91253        0.00140        0.14250       18.10027        0.05661      253.61009       46.12825       26.45812        0.17072        0.07296        0.00475      300.00000      163.48116
   64    1    1     1369.84761     4052.36812     1879.23701        5.53333      184.30318        0.04149        0.09401        0.09737       30.90000        2.44006        1.63674        0.09782       17.31832        0.07447        0.00114       -0.00046        0.16565      184.35851        0.04142        0.09968       29.08754        1.67066        2.33218        0.16612       17.31849        0.07426        0.00144       -0.00047      300.00000        4.58234
   65    1    1     2492.33508     1725.72040      736.39377        2.45034       46.57991        0.00265        0.04148        1.65647       11.80000        0.34021        0.07918        1.65539        6.55180        0.01054        0.06965        0.00109        0.71277       71.53911        0.00624        0.02208       21.99518        0.09535        1.30234        0.69484        6.64510        0.01126        0.05013        0.01794      300.00000       43.56756
   66    1    1     1989.36390     1988.06094      626.53042        3.61757       81.58699        0.00813        0.05399        0.85911       17.70000        0.50209        0.89984        0.83472       13.79864        0.04557        0.00048        0.02439        1.05602       34.23871        0.00143        0.02825       40.13902        0.47295        0.78403        1.05138        4.75337        0.00568        0.02086        0.00463      300.00000       82.10502
   67    1    1     3224.00453     1666.12121      704.55595        7.05919       85.14607        0.00885        0.00891        1.35013       10.40000        0.22418        0.40347        1.33109        5.69192        0.00827        0.00101        0.01907        1.42340       86.49778        0.00911        0.00891       10.18710        0.17496        0.36576        1.41780        5.69194        0.00789        0.01479        0.00561      300.00000        3.14912
   68    1    1     1534.86648   116336.64347    47282.63834        8.76456      148.31509        0.02687        0.00811        0.66038       32.70000      118.58410        1.07946        0.65510        6.53310        0.01075        0.04332        0.00526       47.39355      148.56361        0.02693        0.00809       32.76597        0.16268       72.80006       47.35599        6.53401        0.01013        0.01156        0.03757      300.00000        0.14529
   69    1    1     1742.58240     2102.62329      822.63846        3.88529      100.34014        0.01230        0.06916        0.15721        6.70000        0.39781        1.58130        0.15327       24.88519        0.15565        0.01739        0.00389        1.54987       92.92491        0.01049        0.08825        7.44377        0.00402        0.58604        1.54028       23.74231        0.13664        0.01551        0.00959      300.00000       12.45641
   70    1    1     5456.34471    13319.15831     6128.73387        4.04598       45.03898        0.00248        0.01266        1.33104       28.00000       13.27522        0.41404        1.32053       14.89318        0.05371        0.00489        0.01051        1.66852       52.30768        0.00334        0.00511       26.56080        0.04355       13.36381        1.66219        4.36446        0.00464        0.00504        0.00633      300.00000       50.73620
   71    1    1     1169.62420     1659.51943      623.34358        8.22134      217.23911        0.05764        0.02764        1.19049       13.60000        0.07358        0.54397        1.19060       10.01798        0.02498        0.00182       -0.00008        1.14574      217.31338        0.05749        0.02783       13.56612        0.04324        0.62084        1.14402       10.01817        0.02461        0.00036        0.00172      300.00000        0.43116
   72    1    1     4315.05226     1516.33579      614.05889        3.24381       39.15568        0.00187        0.01592        1.03036        9.50000        0.01346        0.72994        1.00462        5.64866        0.00763        0.07062        0.02574        0.67101       43.03615        0.00226        0.00659        6.12437        0.08320        1.08427        0.57823        9.04070        0.02159        0.00090        0.09278      300.00000       35.04963
   73    1    0      960.41239 10131579.08485  3299227.54490        6.60829      124.16949        0.01883        0.02429        1.03124        8.50000     8693.11431        0.70985        1.02472        9.78226        0.02414        0.01282        0.00653      196.90810        0.00000        0.00000        0.00000      121.10526        0.04021     8497.98431      196.90810        0.00000        0.00000        0.00000        0.00000      300.00000        0.00000
   74    1    1     1776.05641    57003.76081    26229.44556        5.95778      150.72596        0.02775        0.05042        0.07689       31.40000       59.08328        1.66020        0.07436        0.67918        0.00012        0.00866        0.00246       37.08274      148.80127        0.02700        0.04997       31.78810        0.19770       23.54321       37.07810        0.80688        0.00016        0.00654        0.00464      300.00000        5.40948
   75    1    1     1349.54153    47002.66655    22462.19062        8.49154      177.63461        0.03854        0.01491        1.06705       10.20000       48.81365        0.68753        1.04703       20.04107        0.09645        0.03756        0.01998       23.54172      177.82963        0.03857        0.01491       10.22474        0.00849       27.05405       23.48563       20.04043        0.09442        0.00346        0.05610      300.00000        0.63861
   76    1    1     3103.94846     4523.62574     2303.75909        6.84570       90.28817        0.00996        0.01129        0.84716       13.20000        3.21800        0.96880        0.76577        6.03511        0.00958        0.00876        0.08138        1.58992       88.17671        0.00948        0.01118       13.59587        0.23053        3.21649        1.50606        6.03922        0.00847        0.00746        0.08386      300.00000        3.08579
   77    1    1     3139.31925     1950.04077      366.48676        3.00194       64.54130        0.00509        0.05137        1.40469       21.20000        0.56061        0.35185        1.38271        3.33056        0.00266        0.00257        0.02203        1.02591       60.93152        0.00453        0.01205       27.42880        0.58783        0.72104        1.00213       10.32716        0.02731        0.00015        0.02378      300.00000       10.67441
   78    1    1     2881.70185    10958.30703     4176.00913        5.04241       76.51318        0.00715        0.02097        0.30207       33.80000       11.46934        1.48389        0.25068        3.49096        0.00287        0.02933        0.05128        2.60595       74.62381        0.00680        0.03315       27.06175        0.70245        9.90699        2.57666        7.27768        0.01264        0.04767        0.02929      300.00000       10.16103
   79    1    1     2435.12606     1594.03795      571.07956        5.12316      103.82923        0.01317        0.03700        1.05194       22.00000        0.05277        0.69265        1.04191       16.66242        0.07032        0.00017        0.01004        1.25647      107.12443        0.01394        0.03659       21.80447        0.03809        0.49701        1.25184       16.66024        0.06770        0.00820        0.00464      300.00000       17.02727
   80    1    1     1193.67322     4094.35763     1898.09349        5.20992      204.24603        0.05095        0.13676        0.11946       12.20000        2.56586        1.61695        0.11762       10.50805        0.02707        0.03195        0.00182        0.95368      205.28187        0.05130        0.13722       11.72812        0.30939        3.06899        0.92080       10.59511        0.02672        0.00171        0.03287      300.00000        3.72741
   81    1    1     1502.68808     1598.71879      526.72634        2.43638       68.37179        0.00571        0.09047        1.40147       12.00000        0.06754        0.34898        1.38559        3.70733        0.00331        0.01072        0.01585        0.71061       79.67148        0.00768        0.10293        7.21846        0.67761        0.41632        0.68694        6.76840        0.01097        0.00208        0.02368      300.00000       59.11196
   82    1    1     2047.99404    85780.98611    35996.85459        3.22489       56.76904        0.00394        0.03391        0.06202       21.90000       87.66521        1.67778        0.05679        1.52482        0.00057        0.00000        0.00531       83.42378       69.50752        0.00590        0.06277        9.70522        0.01476        5.92815       83.42413        3.57733        0.00318        0.00486       -0.00035      300.00000       58.03044
   83    1    1     2307.01912     1657.95714      676.99278        8.27115      107.41804        0.01409        0.00651        0.55287        7.30000        0.14015        1.18812        0.54645       20.51670        0.10242        0.01078        0.00650        0.31927      107.67420        0.01413        0.00675        6.80527        0.05693        1.49779        0.31964       20.51617        0.10451        0.01557       -0.00038      300.00000        1.20199
   84    1    1     1561.25704     1921.13422      781.62279        4.14457      130.43688        0.02078        0.10019        1.06476       20.60000        0.21281        0.67138        1.06319       11.01464        0.02977        0.00001        0.00158        1.58393      136.77841        0.02283        0.12457       14.13503        0.19599        0.14775        1.58441        9.61784        0.02288        0.00175       -0.00048      300.00000       18.56111
   85    1    1     1860.88028    31715.51244    14007.06393        8.07431      138.42271        0.02340        0.01249        1.09388        9.70000       32.70066        0.65720        1.07736        7.88814        0.01498        0.02013        0.01652       16.45643      137.86075        0.02320        0.01233       10.03606        0.10392       17.89384       16.43785        7.88811        0.01496        0.01808        0.01857      300.00000        0.18728
   86    1    1     2281.08302     1591.79076      551.31785        5.39258      115.50131        0.01629        0.03974        0.62166        5.30000        0.01574        1.12450        0.61006       16.35608        0.06786        0.05289        0.01157        0.15327      121.06067        0.01786        0.03755        6.13186        0.11681        1.48930        0.14486       16.35466        0.06492        0.05897        0.00841      300.00000       18.31640
   87    1    1     2604.39105     9747.55756     4762.57479        1.50506       19.41431        0.00046        0.01986        0.09823       22.40000        9.76101        1.63672        0.09785        8.10683        0.01639        0.01277        0.00029        5.03214       14.55610        0.00026        0.02405       27.23319        0.35598        6.10632        5.03079        8.60081        0.01815        0.00854        0.00135      300.00000      132.49926
   88    1    1     1150.57623     3436.56491      777.76635        2.16765       67.22416        0.00552        0.11194        1.11665       29.80000        2.10591        0.63381        1.10076       14.39003        0.05272        0.01285        0.01585        2.20380       32.41890        0.00127        0.10958       28.10996        1.14259        0.49328        2.20216       15.09062        0.05699        0.03189        0.00164      300.00000      131.03226
   89    1    1     3478.87535     1465.24452      575.78488        7.13932       75.57309        0.00698        0.00671        0.40429        4.10000        0.02439        1.33254        0.40202       15.30419        0.05869        0.00607        0.00224        0.04587       75.53853        0.00696        0.00675        4.01169        0.15962        1.55299        0.04631       15.30441        0.05811        0.00937       -0.00044      300.00000        3.94037
   90    1    1     2829.18738    49566.33535    20702.62074        1.25878       19.12467        0.00045        0.02774        1.04636       15.40000       51.05842        0.69215        1.04242        8.97711        0.01968        0.02409        0.00402       37.87933       37.22771        0.00169        0.01315       28.31892        0.09566       14.84788       37.85975        9.63642        0.02371        0.00747        0.01958      300.00000      114.50597
   91    1    1      727.01304     2219.52979      491.07567        8.96407      294.75957        0.10611        0.02594        1.52644       21.70000        0.72447        0.20976        1.52481        2.20747        0.00122        0.03828        0.00163        1.63030      294.81514        0.10609        0.02600       21.68842        0.75668        0.11199        1.59035        2.20648        0.00115        0.00001        0.03996      300.00000        0.02269
   92    1    0      578.49097 52363243.51806 18109844.06970        4.67326       71.70433        0.00628        0.02247        1.02427       21.10000    45704.52726        0.70984        1.02472        2.08516        0.00108        0.01141       -0.00052    20336.02186        0.00000        0.00000        0.00000       83.16668        0.01528    25370.27346    20336.02186        0.00000        0.00000        0.00000        0.00000      300.00000        0.00000
   93    1    1     1807.10404     1657.13433      733.45506        7.96621      142.96787        0.02496        0.01437        1.35951       10.50000        0.14370        0.40304        1.33152        6.15506        0.00973        0.03162        0.02666        0.23210      142.81953        0.02480        0.01452       10.50938        1.24379        0.46272        0.17176        6.15503        0.00889        0.00012        0.06034      300.00000        0.86431
   94    1    1     1840.38980    81775.52049    33800.93689        1.70531       33.45758        0.00137        0.04565        1.28297       22.70000       84.02167        0.45224        1.28233        3.74094        0.00349        0.00136        0.00069        3.01686       26.27948        0.00084        0.04758       28.54740        0.30389       82.43071        3.01619        5.92388        0.00876        0.00005        0.00067      300.00000      130.62759
   95    1    1     1625.26291     1714.58830      611.76563        7.05072      165.37489        0.03340        0.03379        0.84156       29.50000        0.24563        0.91296        0.82160        7.64497        0.01403        0.00950        0.02006        0.97787      165.65072        0.03343        0.03427       29.26794        0.12221        0.88132        0.97599        7.68487        0.01448        0.02729        0.00188      300.00000        0.27591
   96    1    1     2684.54235    25590.95185    11295.67650        4.81776       92.89310        0.01054        0.03487        1.49674       35.10000       26.28217        0.24053        1.49403        7.33179        0.01348        0.01963        0.00271       21.14774       88.89635        0.00964        0.03861       32.74330        0.35236        6.52285       21.14213        7.33617        0.01311        0.01369        0.00561      300.00000       37.97796
   97    1    1     2983.12105     7385.58774     3432.86158        5.28812       88.71834        0.00961        0.02476        0.13282       19.40000        6.83919        1.61629        0.11828        5.19363        0.00651        0.00259        0.01456        2.61095      100.33791        0.01228        0.03487        9.90025        0.05906        5.90121        2.59945        5.59419        0.00794        0.00541        0.01150      300.00000       41.43520
   98    1    1     1359.08965     1769.60999      789.87999        1.77402       46.09024        0.00259        0.07984        1.25732        1.80000        0.00052        0.53380        1.20076       14.17618        0.04724        0.00783        0.05661        0.89065       40.25936        0.00197        0.14354       10.34737        0.16390        0.65431        0.88901        7.80142        0.01493        0.05985        0.00165      300.00000      112.91764
   99    1    1     3475.98849     1627.13662      681.67619        3.26545       90.42693        0.00999        0.08367        0.36085        3.30000        0.02950        1.41005        0.32452       11.79006        0.03302        0.07008        0.03635        1.67143       92.41177        0.01038        0.07836        8.15961        0.00778        0.12411        1.63334       12.22838        0.03548        0.06960        0.03809      300.00000       59.30611
  100    1    1     1970.93623     2003.19539      622.47465        7.80603      134.86896        0.02222        0.01424        1.32664       22.70000        0.59228        0.46895        1.26561       11.27097        0.02980        0.00006        0.06101        0.71264      134.81932        0.02219        0.01429       22.70979        1.09572        0.53732        0.69383       11.27062        0.03053        0.04151        0.01880      300.00000        1.06383
