    1    1    1     2009.60287     2917.84681     1092.31106        3.68500       88.52941        0.00957        0.06092        1.44338       13.80000        1.69377        0.29143        1.44313        8.37095        0.01747        0.01512   -33197.38361        0.47660       92.84632        0.01049        0.05599       24.04695        0.58677        2.38494        0.47541        3.33007        0.00272        0.01414        0.00118      300.00000       17.45299
    2    1    1     1137.88558   591949.02612   224590.53360        0.85082       19.98555        0.00049        0.06690        1.04497       39.80000      567.73048        0.69936        1.03520        4.32124        0.00473        0.00254        0.00986      191.45949        7.06810        0.00006        0.49379       39.72481       96.86552      280.68064      191.45756       12.30222        0.03710        0.01288        0.00194      300.00000      165.56487
    3    1    1     2155.88565     7037.09128     3404.39878        1.36521       19.36242        0.00046        0.02411        0.61819       14.90000        6.53051        1.12191        0.61265       14.36764        0.05029        0.00371        0.00554        0.29512       31.60628        0.00121        0.04923       18.10262        1.57818        6.37133        0.29427       13.81441        0.04766        0.00643        0.00085      300.00000      128.35249
    4    1    1     4152.29510     2037.73151      656.74053        6.28859       68.70104        0.00576        0.00881        1.50303       27.90000        0.56947        0.23935        1.49522        8.86026        0.01907        0.01250        0.00777        1.46149       71.86222        0.00630        0.00871       27.79389        0.60219        0.24041        1.46112        8.85332        0.01929        0.01960        0.00038      300.00000       15.74831
    5    1    1     5107.38782     1448.90967      636.76671        5.35320       68.25182        0.00569        0.01416        1.18101        2.80000        0.00066        0.55577        1.17880        9.84964        0.02377        0.01689        0.00213        0.79170       70.96125        0.00614        0.02078       17.67747        0.53907        0.41909        0.79199        2.91791        0.00212        0.01906       -0.00029      300.00000      130.24640
    6    1    1     1199.27545   378147.92292   149302.48754        8.10483      213.54166        0.05569        0.02909        1.65129       31.20000      372.20637        0.08467        1.64989        7.21859        0.01303        0.01318        0.00145      161.02939      213.49491        0.05567        0.02922       31.16302        0.04287      212.87411      161.02371        7.21671        0.01312        0.00888        0.00568      300.00000        0.04769
    7    1    1     4172.31173     1798.48645      775.49212        5.50817       71.39384        0.00623        0.01429        1.34340       33.70000        0.13422        0.39702        1.33755       17.83618        0.07746        0.00560        0.00589        1.08017       75.35112        0.00692        0.01957       30.11042        0.12602        0.65382        1.07765       18.37201        0.08264        0.00908        0.00251      300.00000       85.89539
    8    1    1     1242.29891     2661.68533      953.28536        6.69291      217.27461        0.05766        0.07106        0.50482       25.90000        1.17742        1.23340        0.50116       17.65858        0.07619        0.00170        0.00365        1.65484      217.53585        0.05750        0.07229       25.48443        0.10604        1.14980        1.65506       17.66028        0.07755        0.00423       -0.00023      300.00000        0.73784
    9    1    1     1352.51605     2242.31683      783.75308        0.93314       30.89336        0.00117        0.13270        0.56816       20.50000        0.59105        1.18497        0.54959        5.58252        0.00749        0.04024        0.01860        0.59604       52.90784        0.00339        0.07763       34.39062        1.49495        0.25758        0.54373       19.29657        0.08770        0.00848        0.05231      300.00000      128.65457
   10    1    1     1458.22880     1578.75600      620.96095        7.84042      178.85895        0.03907        0.02449        0.25096       12.00000        0.14028        1.48413        0.25044        5.15642        0.00663        0.00114        0.00054        0.63802      179.01432        0.03906        0.02416       12.35167        0.03956        1.19758        0.63816        5.15663        0.00662        0.00171       -0.00014      300.00000        0.54467
   11    1    1     1456.03649     3064.94101     1115.76805        3.12600       95.63789        0.01117        0.10315        1.13830       17.20000        1.83281        0.59732        1.13725        4.31554        0.00458        0.00260        0.00095        2.88505      116.35863        0.01642        0.06965       19.31205        0.26011        0.42505        2.88511       10.94475        0.02981        0.00382       -0.00006      300.00000       46.53140
   12    1    1     1842.56022     3295.42145     1240.61646        6.35600      146.06036        0.02606        0.03844        0.77756       17.00000        2.02175        0.98800        0.74656        8.21792        0.01609        0.00115        0.03099        1.65849      146.87250        0.02632        0.03878       16.66723        0.59633        1.53176        1.62764        8.21391        0.01608        0.00130        0.03086      300.00000        2.56419
   13    1    1     1437.69731     1960.24128      699.12856        8.73960      157.89052        0.03045        0.00942        0.65332       10.30000        0.56178        1.08555        0.64901        5.24998        0.00693        0.05366        0.00428        0.69763      157.99066        0.03042        0.00943       10.35325        0.63600        0.97625        0.68414        5.25064        0.00700        0.04436        0.01349      300.00000        0.66054
   14    1    1     2269.45403     4051.13098     1840.99674        7.33004      119.42360        0.01742        0.01500        0.81513       20.90000        3.11547        0.92937        0.80520       14.65153        0.05202        0.00271        0.00992        2.29720      118.96300        0.01728        0.01489       21.01748        2.22133        0.34454        2.28443       14.65088        0.05186        0.00003        0.01277      300.00000        0.44126
   15    1    1     2023.19974    12525.80434     5811.56027        3.99557       67.32012        0.00554        0.02914        1.09521       15.10000       12.36967        0.68987        1.04469       21.10058        0.10496        0.00003        0.05055       13.01035       27.63015        0.00093        0.08823       32.58346        0.21004        0.84745       13.00723       20.75334        0.10811        0.02928        0.00312      300.00000       78.52855
   16    1    1     1696.96629    23940.11369    11799.51652        3.10535       80.82486        0.00798        0.07476        0.34089       44.10000       25.29852        1.40333        0.33123       14.87124        0.05360        0.01792        0.00961        1.23961       83.02675        0.00840        0.05625       38.28234        1.98664       23.79834        1.22721       19.34449        0.09499        0.01280        0.01241      300.00000       60.28581
   17    1    1     2144.49174    14490.96265     7019.36188        3.74006       69.69402        0.00593        0.03648        0.43074       30.10000       13.73847        1.30335        0.43121        3.75728        0.00349        0.01733       -0.00052       12.76497       86.42937        0.00912        0.04944       37.97304        0.26011        2.43392       12.76546        6.21136        0.00957        0.00867       -0.00049      300.00000       29.05771
   18    1    1     1532.65466    12539.90529     5593.48037        0.30929        8.56416        0.00009        0.09355        0.45552        7.00000       12.61350        1.28546        0.44911       12.63898        0.04029        0.00007        0.00645        9.79242       35.66764        0.00155        0.06020       30.77891        0.05541        4.56041        9.79186        6.83650        0.01166        0.00681        0.00056      300.00000      153.15926
   19    1    1     1401.15752     2331.06721      864.20301        8.55687      170.33126        0.03543        0.01296        0.59494       25.40000        0.97426        1.15504        0.57952        5.42033        0.00708        0.02467        0.01536        1.57975      170.19833        0.03535        0.01315       25.36075        0.87967        0.28950        1.53955        5.42058        0.00696        0.00000        0.04019      300.00000        0.23282
   20    1    1     1705.96402     1417.62572      631.68948        7.26700      158.99548        0.03087        0.02759        1.50136       15.20000        0.03371        0.23360        1.50097        5.07889        0.00643        0.00017        0.00038        0.12263      158.40469        0.03055        0.02784       15.24870        0.06024        1.58611        0.12200        5.08959        0.00637        0.00000        0.00063      300.00000        0.48693
   21    1    1     3642.32823     1677.82553      724.88794        3.36323       80.62740        0.00794        0.06225        1.11314       12.60000        0.11336        0.62123        1.11333        4.73180        0.00557        0.00209       -0.00012        0.95637       85.09625        0.00883        0.02055       25.39183        0.17817        0.73709        0.95574        9.69073        0.02343        0.00114        0.00063      300.00000       82.50948
   22    1    1     2450.71522     1640.61679      760.04659        7.02936      110.04300        0.01479        0.01514        1.50648       14.90000        0.01100        0.25278        1.48179        9.22030        0.02034        0.01853        0.02474        0.70477      110.08775        0.01474        0.01579       14.50901        0.01162        1.06339        0.66997        9.22241        0.02022        0.00853        0.03481      300.00000        0.29722
   23    1    1     2320.40538     2460.91854     1134.87427        2.27507       32.00821        0.00125        0.02292        0.19312        9.60000        0.97904        1.55320        0.18136       10.90081        0.02874        0.02956        0.01167        1.79094       22.58862        0.00062        0.04445        7.26888        0.01733        0.94807        1.75354        3.81490        0.00376        0.00266        0.03740      300.00000      118.45507
   24    1    1     6589.56351     7844.23056     3701.33219        0.41596        6.44033        0.00005        0.02923        0.52142       24.90000        7.39945        1.21268        0.52189        7.63059        0.01445        0.01227       -0.00049        1.83355       12.44005        0.00019        0.00323       22.65731        0.72526        6.61068        1.82627        7.70398        0.01442        0.00221        0.00728      300.00000      119.40346
   25    1    1     1950.49873     1663.27843      683.91483        1.32123       22.68552        0.00063        0.03538        0.13286       24.00000        0.14751        1.60372        0.13085        7.36633        0.01359        0.00421        0.00191        0.86745       18.99551        0.00044        0.06139       13.11295        0.01902        0.98241        0.86222        4.97426        0.00623        0.00094        0.00523      300.00000      142.51441
   26    1    1      758.78942     2307.30199     1001.25256        8.90292      289.95763        0.10268        0.02687        0.93092       11.90000        0.72051        0.80353        0.93104        3.22923        0.00257        0.00305       -0.00001        1.84731      289.82386        0.10227        0.02723       11.90008        0.12841        0.48163        1.84505        3.23426        0.00262        0.00068        0.00226      300.00000        0.16251
   27    1    1     1023.28348     1719.91129      574.10560        8.02148      253.11700        0.07825        0.04336        1.32783       11.10000        0.12274        0.40627        1.32829        9.71438        0.02342        0.00055       -0.00050        0.14087      252.99534        0.07781        0.04353       11.37170        0.44594        1.27061        0.14108        9.71511        0.02348        0.00018       -0.00021      300.00000        0.06843
   28    1    1     1892.85374     1578.83484      655.23095        6.36825      144.54184        0.02552        0.03740        1.42924       11.50000        0.00739        0.31092        1.42364       14.42998        0.05246        0.03958        0.00558        1.31253      146.17662        0.02604        0.03657       11.70768        0.00726        0.47098        1.26403       14.43012        0.04914        0.00000        0.04850      300.00000        5.63713
   29    1    1     2531.80294     2355.23224      873.20188        3.06889       38.99390        0.00186        0.01786        0.77353       21.20000        1.02878        0.96273        0.77184        9.84791        0.02378        0.00280        0.00170        0.45575       31.95297        0.00124        0.03521       14.44665        2.06965        0.22067        0.45186       10.71595        0.02804        0.00076        0.00390      300.00000       95.75628
   30    1    1     2802.04110     1650.93818      719.30529        0.45451        6.40766        0.00005        0.02422        1.65338       12.30000        0.16270        0.08380        1.65076        4.21872        0.00446        0.00900        0.00262        0.49557       12.38953        0.00019        0.01203       19.98395        0.55224        0.87018        0.48800        3.68697        0.00343        0.00399        0.00757      300.00000      153.11522
   31    1    1     1400.17340    12257.63660     5971.97614        8.09011      183.78759        0.04125        0.02178        1.41674        9.00000       11.94230        0.31770        1.41686       18.88198        0.08797        0.00163       -0.00023        8.89115      184.18345        0.04134        0.02155        9.24538        0.03279        4.75357        8.89073       18.88186        0.08894        0.00002        0.00042      300.00000        0.45508
   32    1    1      998.31597     2756.01817     1334.63637        8.22767      252.80135        0.07805        0.03725        0.15272       23.20000        1.01960        1.58979        0.14477       15.50768        0.05841        0.00699        0.00786        0.66539      252.62210        0.07746        0.03751       23.35718        0.31875        1.78240        0.65339       15.50758        0.06102        0.00029        0.01200      300.00000        0.29238
   33    1    1     1600.60320     1678.19017      832.88542        8.89133      137.47369        0.02308        0.00612        1.21351       13.00000        0.07317        0.52845        1.20611       11.85992        0.03418        0.00612        0.00741        1.15552      137.28510        0.02298        0.00622       12.96807        0.08077        0.57494        1.15197       11.85972        0.03437        0.00982        0.00355      300.00000        0.10402
   34    1    1     1076.66932     6668.22922     3017.65361        7.67476      245.51572        0.07362        0.05137        1.03871       15.80000        5.59942        0.71247        1.02210       14.18958        0.04848        0.00016        0.01660        3.00273      245.84346        0.07365        0.05151       15.68464        0.10549        4.24109        2.98724       14.18943        0.04853        0.00122        0.01549      300.00000        0.40838
   35    1    1     1920.14811     1548.32088      591.78435        7.73039      135.76666        0.02251        0.01516        1.36021        7.10000        0.08060        0.37629        1.35827       10.05012        0.02529        0.00180        0.00194        0.63027      136.15645        0.02262        0.01523        6.84924        0.09264        1.09214        0.63021       10.04961        0.02489        0.00406        0.00006      300.00000        1.34898
   36    1    1     1254.35038   259525.41812   103696.38669        8.61798      187.63415        0.04300        0.01490        0.12574       13.10000      257.14129        1.62066        0.11391       10.90210        0.02874        0.00478        0.01186      135.96306      187.61093        0.04297        0.01474       13.10304        0.00474      122.91595      135.95545       10.90239        0.03002        0.00771        0.00761      300.00000        0.01538
   37    1    1     2431.69845     1489.14270      594.38875        5.83398      105.48070        0.01359        0.02634        1.01726       15.10000        0.02645        0.72390        1.01067        6.92457        0.01166        0.00238        0.00662        0.95497      107.21673        0.01400        0.02906       13.28158        0.01236        0.79257        0.95355        6.73009        0.01133        0.00728        0.00143      300.00000        3.50616
   38    1    1     1696.73831     4070.23689     1977.02867        1.75983       39.47202        0.00190        0.05954        1.15377       29.30000        2.76331        0.58303        1.15154        3.86641        0.00375        0.00145        0.00222        3.28489       59.56402        0.00433        0.07311       22.13683        0.08684        1.10309        3.28539        6.39703        0.01016        0.00433       -0.00050      300.00000       92.08724
   39    1    1     3135.67079    93333.21642    36826.42928        2.90360       46.11629        0.00260        0.02821        0.08258       50.90000       95.17316        1.67344        0.06112        2.73534        0.00179        0.00001        0.02140       12.24946       55.43323        0.00375        0.01169       56.43410       24.61942       60.02325       12.24797       11.66121        0.03402        0.02019        0.00149      300.00000       41.15992
   40    1    1     1801.37838     2113.36106      887.14365        4.34750      101.37062        0.01255        0.05385        1.70515       12.50000        0.72283        0.04133        1.69323       14.87169        0.05348        0.03373        0.01186        0.18928      110.94663        0.01497        0.06505        9.62590        0.04743        2.21618        0.18961       13.64966        0.04628        0.04372       -0.00033      300.00000       18.31179
   41    1    1     2804.53906     1711.47344      560.88658        3.03538       34.08576        0.00142        0.01398        1.31365       16.10000        0.17222        0.43984        1.29473       14.69960        0.05515        0.00031        0.01895        1.01167       45.28109        0.00249        0.03313       21.74872        0.83431        0.02932        1.00905       15.89115        0.06181        0.02384        0.00262      300.00000       80.88006
   42    1    1     1121.06815     2773.38148     1195.81692        8.35786      222.09233        0.06024        0.02600        1.49064       20.30000        1.29567        0.25988        1.47468       12.90752        0.04014        0.00116        0.01597        1.51840      222.24290        0.06005        0.02628       20.24921        0.07872        1.44138        1.51004       12.90754        0.04044        0.00848        0.00836      300.00000        0.26617
   43    1    1     1980.04652    18373.76939     8100.89786        3.65591       53.43962        0.00349        0.02261        0.75354       45.70000       19.00972        1.02241        0.71216        4.88481        0.00565        0.00723        0.04134        5.44159       60.94234        0.00452        0.09789       47.90119        3.01357       12.16900        5.38944       14.57748        0.05526        0.04282        0.05215      300.00000       79.40626
   44    1    1     2580.04727     1554.89052      591.02993        5.69438      105.65509        0.01363        0.02841        0.68090        9.60000        0.00595        1.05329        0.68127       15.57960        0.06030        0.00217       -0.00037        0.70935      105.20278        0.01348        0.03219        4.56201        0.00191        1.02539        0.70955       15.57952        0.06036        0.00200       -0.00021      300.00000       18.56607
   45    1    1     1338.42260     1658.52762      593.13741        6.82203      200.27294        0.04899        0.05627        1.08029       18.00000        0.17443        0.66474        1.06982        4.63995        0.00521        0.00440        0.01046        1.06122      200.05954        0.04880        0.05613       18.07962        0.07605        0.78397        1.04914        4.72484        0.00566        0.00251        0.01208      300.00000        0.68543
   46    1    1     1758.93588     1510.05248      641.31410        7.97796      148.04149        0.02677        0.01529        1.36273        8.10000        0.02295        0.37177        1.36279        2.70144        0.00182        0.00071        0.00001        0.40163      147.87640        0.02661        0.01539        8.17218        0.09432        1.26125        0.40200        2.70073        0.00181        0.00103       -0.00037      300.00000        0.23687
   47    1    1     1652.89744    20440.45107     8126.52285        8.64970      143.64936        0.02520        0.00848        1.51227       21.70000       21.30785        0.22720        1.50737       15.56294        0.06097        0.00111        0.00489        4.47831      143.48323        0.02513        0.00858       21.67129        0.27961       18.29253        4.47022       15.56291        0.05881        0.00014        0.00808      300.00000        0.85976
   48    1    1     3253.29694     1854.31316      747.59314        4.56233       66.69387        0.00543        0.02067        0.63549        7.50000        0.16046        1.10454        0.63003       21.84217        0.11624        0.06037        0.00545        0.78062       73.27536        0.00655        0.01728        5.67029        0.75985        0.35866        0.77994       21.96368        0.11860        0.06163        0.00068      300.00000        6.49345
   49    1    1     1510.59367     6785.87261     3208.68292        7.56351      177.33575        0.03841        0.02873        1.44708       19.20000        6.50760        0.28709        1.44747        8.43270        0.01765        0.00017       -0.00051        3.90981      177.91907        0.03863        0.02851       19.21041        0.12973        4.20243        3.91005        8.43429        0.01756        0.00007       -0.00025      300.00000        0.61393
   50    1    1     1877.54476     1550.38175      613.89588        4.41980      102.37856        0.01280        0.05273        1.65928       27.70000        0.05959        0.07774        1.65682        9.62984        0.02271        0.00000        0.00242        0.75716       73.37952        0.00656        0.04652       28.81566        0.23102        0.80965        0.75686       11.49969        0.03297        0.00097        0.00030      300.00000       41.87715
   51    1    1     4261.87648     2586.35774     1109.50343        1.13952       13.48866        0.00022        0.01689        0.56959       11.40000        1.27572        1.17316        0.56141       10.25313        0.02657        0.01670        0.00821        2.64945       20.06376        0.00049        0.00421       11.63760        0.01170        0.38296        2.62276       11.19693        0.02996        0.00008        0.02669      300.00000      110.01980
   52    1    1     1863.68820     1646.37570      510.04811        0.12531        2.71358        0.00001        0.05726        1.43903       17.70000        0.25498        0.30210        1.43246        1.91229        0.00092        0.00002        0.00654        0.97531       29.89931        0.00109        0.03584       22.00057        0.46904        0.55777        0.97406        6.14016        0.00926        0.00601        0.00125      300.00000      151.62888
   53    1    1     4069.10956   110342.97612    45746.60122        7.43283       65.33865        0.00521        0.00422        0.57169       16.20000      111.85131        1.16352        0.57105        6.94156        0.01185        0.01463        0.00069       46.99234       65.75147        0.00528        0.00503       15.46361        1.41854       65.18310       46.98335        6.94177        0.01169        0.00648        0.00899      300.00000        1.34104
   54    1    1     2150.25145    59889.36840    23496.42656        5.69991      122.09103        0.01821        0.03783        1.24232       27.50000       62.00160        0.49170        1.24286        9.43285        0.02204        0.02920       -0.00052       20.59304      120.40895        0.01767        0.03796       27.55277        2.10010       41.06825       20.56912        9.25759        0.02195        0.00393        0.02393      300.00000        6.39857
   55    1    1     5265.74942     4153.47703     1846.92888        2.96122       14.34311        0.00025        0.00261        0.97848       22.20000        3.24189        0.75653        0.97804        5.56473        0.00762        0.01124        0.00048        1.68971       23.80472        0.00069        0.00676       23.75137        0.42572        2.85955        1.68995        4.34583        0.00470        0.01149       -0.00024      300.00000       98.60607
   56    1    1     1137.45469     1910.39092      785.56435        8.92939      189.64156        0.04392        0.01116        1.07887       18.20000        0.38749        0.65812        1.07645        6.78536        0.01154        0.03988        0.00245        0.19295      189.58257        0.04383        0.01126       18.18249        1.44117        0.52824        0.15262        6.78493        0.01190        0.00164        0.04033      300.00000        0.42315
   57    1    1     1995.50592     1716.65028      687.00661        5.37042      128.35390        0.02012        0.04964        1.70312       10.00000        0.14620        0.05031        1.68426        5.97487        0.00911        0.01670        0.01882        0.67212      129.68681        0.02052        0.04716       11.68637        0.39084        0.84318        0.64864        6.08794        0.00949        0.01191        0.02348      300.00000        9.54300
   58    1    1     6549.55099     2203.19408     1054.49237        1.17698       25.02422        0.00076        0.05444        0.11937       22.90000        0.53325        1.63268        0.10189       10.44281        0.02624        0.00584        0.01744        1.30977       52.18341        0.00332        0.01797       30.95840        0.16960        0.81626        1.28583       14.92680        0.05335        0.00231        0.02394      300.00000      115.99857
   59    1    1     2150.15302     2680.21932      997.55512        4.53444      100.12723        0.01224        0.04731        0.82920       17.00000        1.07922        0.91647        0.81809       23.22976        0.13681        0.00049        0.01110        2.16601       97.47254        0.01159        0.04188       20.42780        0.14413        0.51379        2.16210       23.19269        0.13135        0.01300        0.00391      300.00000        5.99529
   60    1    1     2515.24712     1893.14023      659.55749        4.19470      102.49382        0.01283        0.06009        1.35481       57.30000        0.24608        0.38452        1.35004        2.71653        0.00180        0.01633        0.00472        0.68681       94.02836        0.01078        0.03133       58.71865        0.42277        0.87878        0.68717        9.82995        0.02400        0.02198       -0.00036      300.00000       30.99187
   61    1    1     1795.30438     7259.17217     3095.40452        1.40134       30.33829        0.00112        0.05612        0.34955       21.40000        6.73658        1.40398        0.33058       12.11643        0.03528        0.00980        0.01902        3.25798       45.12119        0.00248        0.06019       23.04312        0.40734        4.76830        3.24958       17.07929        0.07374        0.02240        0.00840      300.00000      117.27135
   62    1    1     1514.72042     1688.18667      551.59196        4.30684      133.01786        0.02161        0.09489        1.20055        8.70000        0.14673        0.53653        1.19804        4.66023        0.00545        0.00124        0.00259        0.58002      125.52934        0.01911        0.09926        8.83995        0.53729        0.76784        0.57666        3.44822        0.00299        0.00049        0.00336      300.00000        7.00580
   63    1    1     1269.11145     1776.19051      773.58417        1.58458       50.82827        0.00316        0.12251        0.29419        3.90000        0.06490        1.43981        0.29475       10.25482        0.02604        0.00091       -0.00048        0.99038       46.60267        0.00263        0.12937        8.80110        0.00398        0.81682        0.99033        5.78642        0.00834        0.00000        0.00004      300.00000      107.25001
   64    1    1     2410.39931   285029.66268   108323.98709        7.18148      113.12504        0.01563        0.01468        0.22537       16.90000      281.47794        1.51376        0.22080        2.16176        0.00114        0.05652        0.00454       34.67458      112.98623        0.01559        0.01462       16.87488        0.14732      248.41712       34.64825        2.19179        0.00115        0.03479        0.02632      300.00000        1.23629
   65    1    1     1072.11980    27941.11083    12036.89711        1.56977       46.73087        0.00267        0.10557        1.37048       23.80000       28.55364        0.36804        1.36652       14.69399        0.05272        0.00010        0.00394       29.23016       42.69894        0.00222        0.14344       31.62502        0.31550        0.73322       29.23030       10.51525        0.02751        0.00119       -0.00015      300.00000      137.59532
   66    1    1     2175.30595     1725.42340      548.99516        2.54261       57.29169        0.00401        0.05800        1.27663       11.80000        0.16169        0.48525        1.24931       10.41468        0.02784        0.03862        0.02737        0.87048       71.10972        0.00615        0.03254       34.12643        0.35221        0.75113        0.83414        6.22374        0.00920        0.03034        0.03634      300.00000       56.56029
   67    1    1     3806.55271    13918.70051     6298.60670        3.95211       29.49117        0.00106        0.00574        1.06852       17.40000       14.40277        0.68776        1.04680       19.03400        0.08688        0.00034        0.02173       12.66673       35.25819        0.00152        0.01890       15.03799        0.04090        3.43283       12.65346       18.37570        0.08155        0.01064        0.01327      300.00000       79.38450
   68    1    1     1218.14240   133264.53470    56418.20647        0.31434        9.84343        0.00012        0.11964        0.57590       21.40000      134.76697        1.15928        0.57528       23.31807        0.13375        0.01567        0.00060      133.14599       33.51435        0.00137        0.05598       34.26321        0.06712        3.40887      133.10414       17.86791        0.08262        0.00945        0.04185      300.00000      156.97608
   69    1    1     2849.98378     5356.41840     2334.37411        1.99627       36.44741        0.00162        0.03909        0.95436       27.60000        4.49031        0.79685        0.93772       12.13920        0.03754        0.00458        0.01665        5.16261       18.42048        0.00041        0.01145       17.43255        0.35546        0.76254        5.16150        6.64413        0.01103        0.02085        0.00111      300.00000      113.56802
   70    1    0      556.81052 51945454.97078 17766303.11619        4.26357      108.64053        0.01442        0.06488        1.21045       26.20000    45377.24446        0.55853        1.17603        2.60695        0.00175        0.00718        0.03448     1933.53344        0.00000        0.00000        0.00000      129.04396        0.05768    43445.49318     1933.53344        0.00000        0.00000        0.00000        0.00000      300.00000        0.00000
   71    1    1     3205.37817     1514.09151      616.30159        4.60711       58.63121        0.00420        0.01558        0.50658       32.30000        0.06635        1.23161        0.50296        4.72386        0.00561        0.03000        0.01026        1.35858       36.79775        0.00165        0.02898       28.32690        0.04522        0.41616        1.32635        5.78303        0.00861        0.00073        0.03223      300.00000       36.44798
   72    1    1     3998.29055     1688.20199      675.92475        8.09888       63.99181        0.00500        0.00262        1.62366       16.70000        0.37067        0.12849        1.60607        5.44259        0.00755        0.03857        0.01766        1.53279       63.89246        0.00499        0.00263       16.70852        0.47948        0.09459        1.53119        5.43811        0.00725        0.05484        0.00160      300.00000        0.62964
   73    1    1     2082.52352     5112.43307     1386.97812        5.30812      122.18973        0.01823        0.04648        1.59834       49.00000        4.15009        0.13797        1.59660        7.64880        0.01464        0.00715        0.00168        2.60011      122.29394        0.01824        0.04572       49.38750        1.52688        1.76572        2.59383        7.38269        0.01374        0.00249        0.00628      300.00000        9.81175
   74    1    1     1025.77015     1651.12962      743.12227        8.74564      223.44365        0.06098        0.01875        1.13890        8.70000        0.07492        0.59516        1.13941        5.16489        0.00660        0.00010       -0.00050        1.58945      223.30456        0.06085        0.01889        8.61134        0.07797        0.14151        1.58992        5.16449        0.00662        0.00011       -0.00048      300.00000        0.06949
   75    1    1     2082.93390     3918.12295     1725.10953        5.98486      134.70134        0.02216        0.03971        0.84903       22.20000        2.69879        0.88545        0.84911        4.38893        0.00475        0.02744       -0.00010        2.25752      134.62475        0.02205        0.03970       22.13068        0.74173        1.43385        2.25770        4.48809        0.00501        0.02748       -0.00018      300.00000       13.49579
   76    1    1     2009.49145    36173.96947    14726.98533        7.08185      134.83074        0.02220        0.02207        0.48324       12.90000       38.08676        1.25207        0.48250        8.61511        0.01824        0.00047        0.00082        4.57553      134.02385        0.02190        0.02308       12.26931        0.02854       35.21675        4.57523        8.61501        0.01828        0.00097        0.00030      300.00000        0.26616
   77    1    1     1074.61896     2703.58348      741.84895        8.87576      204.85055        0.05125        0.01381        1.49444       36.60000        1.28449        0.24731        1.48726       15.37582        0.05969        0.01834        0.00725        1.90878      204.79187        0.05109        0.01389       36.61063        0.53664        0.58569        1.89677       15.37597        0.05999        0.01325        0.01201      300.00000        0.23172
   78    1    1     1410.12696     2471.82777      483.95086        3.59012      126.01698        0.01940        0.13108        1.18004       27.10000        1.00483        0.55546        1.17911        4.01328        0.00402        0.00867        0.00093        1.83939      139.32251        0.02364        0.11073       30.63294        0.72801        0.19190        1.83104        5.85859        0.00833        0.00150        0.00835      300.00000        6.26634
   79    1    1     2757.72921     1984.22118      536.70435        4.68979       68.74429        0.00577        0.02047        1.40077       20.40000        0.56763        0.34624        1.38833        6.05535        0.00886        0.00015        0.01242        1.11452       70.96934        0.00615        0.02848       18.52612        0.87294        0.31079        1.11470        4.29045        0.00454        0.01248       -0.00019      300.00000       10.58636
   80    1    1     2595.96422     4286.33422     1963.72601        0.19554        3.59303        0.00002        0.04122        1.26650       14.70000        3.22869        0.47025        1.26431        5.56277        0.00775        0.00289        0.00217        3.62597        5.26985        0.00003        0.01330       19.61275        0.01774        1.33791        3.62644        8.49074        0.01786        0.00453       -0.00048      300.00000      173.84916
   81    1    1      970.32287  1566293.25217   527475.58579        8.97564      219.46658        0.05883        0.01419        0.33487       14.40000     1427.28343        1.39920        0.33536        6.91472        0.01184        0.01536       -0.00047      997.27754      219.47753        0.05883        0.01420       14.39000        0.02184      431.71618      997.27816        6.91457        0.01186        0.01533       -0.00062      300.00000        0.09112
   82    1    1     3165.97026    16356.37709     7264.90470        6.40518       91.15267        0.01015        0.01459        0.45833       28.60000       17.03955        1.27588        0.45868       13.61873        0.04582        0.03098       -0.00045        3.77336       89.72850        0.00982        0.01531       28.39230        0.26413       14.75880        3.75081       13.62243        0.04748        0.00640        0.02255      300.00000       12.41001
   83    1    1     1300.89921    10619.63335     5133.52985        0.83332       23.32940        0.00066        0.09506        0.68317       10.60000       10.41761        1.05520        0.67937       12.38283        0.03853        0.03366        0.00389        9.93021       54.51041        0.00363        0.08471       19.36430        0.03208        2.20718        9.92107       12.87115        0.04191        0.02418        0.00914      300.00000      131.89294
   84    1    1     3280.22835     2070.61755      820.82837        3.40512       75.63702        0.00699        0.05327        0.45705        9.10000        0.77172        1.28541        0.44915        6.75960        0.01110        0.00001        0.00799        0.51030       64.97545        0.00515        0.01119       29.15873        0.59812        1.44355        0.50965        6.35159        0.01007        0.00716        0.00065      300.00000       26.84318
   85    1    1     1590.02992     1704.47329      553.81627        1.24068       30.09598        0.00111        0.07076        1.42822       16.20000        0.02194        0.33672        1.39784        5.96027        0.00847        0.06874        0.03042        0.65712        8.07935        0.00008        0.08867       26.79288        0.65328        0.41550        0.63801       14.26889        0.05197        0.06934        0.01911      300.00000      151.67941
   86    1    1     1657.54716     1933.08970      778.14164        0.74546       15.10464        0.00028        0.04986        1.41258       17.00000        0.37842        0.33828        1.39628       11.51212        0.03192        0.00173        0.01627        0.69054       14.65804        0.00026        0.05303       13.56648        0.74356        0.69288        0.67279       11.66489        0.03273        0.00007        0.01774      300.00000      157.96734
   87    1    1     2180.02850     2182.46007      926.26982        1.08636       19.33860        0.00046        0.03825        0.42267       21.20000        0.78300        1.31660        0.41797        5.02712        0.00616        0.00004        0.00468        1.81181       32.67420        0.00130        0.03329       12.42045        0.33057        0.36446        1.80674       10.26686        0.02569        0.00004        0.00507      300.00000      116.95481
   88    1    1     3157.47267     1919.67718      617.22856        3.67280       32.58278        0.00130        0.00832        1.29637       27.70000        0.53041        0.45447        1.28009        4.13203        0.00411        0.00027        0.01626        1.46717       18.65418        0.00042        0.02506       21.92903        0.47867        0.32003        1.45104        3.80700        0.00349        0.00039        0.01613      300.00000      104.73047
   89    1    1     1995.03770     2582.61674      923.46936        7.61952      132.98772        0.02160        0.01560        1.16074       20.30000        1.27216        0.57474        1.15982        7.04518        0.01240        0.02292        0.00096        1.61690      133.41787        0.02174        0.01522       20.39974        0.54889        0.85502        1.60302        7.05073        0.01200        0.01040        0.01388      300.00000        0.18920
   90    1    1     2346.26429     2134.50943      720.40697        1.28406       18.27582        0.00041        0.02433        1.24404       27.20000        0.73727        0.49058        1.24398        8.90568        0.01975        0.00066       -0.00003        0.44940       54.91867        0.00368        0.03790       23.67136        1.11855        0.90263        0.44941        4.07109        0.00409        0.00080       -0.00001      300.00000      102.78380
   91    1    1     3226.74047     1674.61486      484.39604        2.18661       23.80467        0.00069        0.01378        1.64848       20.70000        0.32155        0.08869        1.64587        7.11183        0.01268        0.00862        0.00269        1.35269       32.36614        0.00128        0.01448       20.14688        0.31445        0.38378        1.35242        8.14323        0.01633        0.01150        0.00027      300.00000      101.86772
   92    1    1     1771.99239     1505.93177      629.98164        6.15166      152.77696        0.02851        0.04682        1.37877       18.60000        0.01727        0.36595        1.36861        2.52782        0.00155        0.01039        0.01016        0.82983      153.86253        0.02875        0.04667       18.63656        0.01799        0.90361        0.83033        2.39722        0.00143        0.02099       -0.00050      300.00000        5.32941
   93    1    1     3184.69367     1630.11455      589.52787        3.24470       28.68316        0.00100        0.00854        1.57198        2.70000        0.05115        0.17083        1.56373       21.48950        0.11673        0.06022        0.00829        1.07307       26.06547        0.00083        0.03692       19.15802        0.14184        0.62386        1.02905       17.66573        0.08085        0.02310        0.04402      300.00000       94.01943
   94    1    1     1589.80669     1692.33394      651.59789        2.54683       65.34450        0.00521        0.07518        0.40851        5.30000        0.04919        1.36403        0.37053        3.79372        0.00372        0.00981        0.03799        0.39430       30.40169        0.00112        0.07389       34.86605        1.07701        0.32086        0.39473        3.41075        0.00289        0.04560       -0.00043      300.00000      102.33882
   95    1    1     2112.45996     1820.55074      539.83888        3.29563       74.74673        0.00682        0.05600        1.43144       20.80000        0.32187        0.32565        1.40891        7.30743        0.01366        0.03782        0.02263        1.39512       75.25026        0.00690        0.04079       22.99497        0.52691        0.14026        1.39052       11.27124        0.03099        0.05231        0.00460      300.00000       28.74071
   96    1    1     1969.72333     1794.76495      710.38467        4.38598      100.96388        0.01245        0.05227        0.64746        5.10000        0.26399        1.09920        0.63537        7.21956        0.01323        0.05402        0.01215        0.85987       91.43829        0.01020        0.05016       11.92146        0.05445        1.12848        0.82088        7.11994        0.01202        0.02743        0.03899      300.00000       19.83651
   97    1    1     2833.87512     1541.11290      711.72962        7.53288       94.32421        0.01087        0.00828        0.29273       10.80000        0.11615        1.44365        0.29092        6.71780        0.01106        0.11553        0.00184        1.36047       94.74580        0.01096        0.00851       10.45788        0.02392        0.58179        1.24464        6.71867        0.01201        0.00060        0.11583      300.00000        0.54291
   98    1    1     1969.89913    90724.01769    37303.80772        3.45807       72.64445        0.00645        0.04745        0.54706       17.70000       91.98689        1.19246        0.54211        0.82770        0.00017        0.00003        0.00492       39.74869       81.29155        0.00807        0.04713        9.89719        0.03327       53.93741       39.74920        2.16163        0.00116        0.00484       -0.00051      300.00000       43.59664
   99    1    1     1825.30588     1643.76087      562.14990        2.66079       45.56671        0.00254        0.03328        0.97241       11.70000        0.09589        0.76253        0.97203       19.86109        0.09712        0.04359        0.00030        0.85848       51.54414        0.00324        0.11527       11.53944        0.03984        0.94032        0.85329        5.03646        0.00639        0.04382        0.00519      300.00000       94.20738
  100    1    1     1649.20966    31859.96638    14122.67131        8.20587      152.44874        0.02838        0.01377        0.09783       22.80000       32.65846        1.63956        0.09500        5.13891        0.00646        0.04602        0.00283       25.82122      152.06647        0.02823        0.01362       23.01409        0.10307        8.51590       25.77439        5.13567        0.00684        0.00161        0.04682      300.00000        0.57898
