    1    1    1     1533.52971     1624.98544      562.77383        3.81999      128.03888        0.02002        0.11719        1.45671        6.30000        0.02218        0.28916        1.44541        7.66662        0.01490        0.00144   -33197.37252        1.39535      129.17716        0.02036        0.11316       17.22364        0.21771        0.15992        1.39127        4.80722        0.00564        0.00946        0.00408      300.00000       22.05302
    2    1    1     2462.45959     1892.81320      560.66272        4.15426       60.33308        0.00445        0.02131        0.54133       22.50000        0.33366        1.20604        0.52853       19.40491        0.09562        0.00050        0.01280        1.14491       50.05542        0.00304        0.06360       20.05601        0.58421        0.33933        1.12734       16.76333        0.06761        0.00019        0.01757      300.00000       43.92177
    3    1    1     2010.55613     1872.20117      390.49494        5.55563      128.45248        0.02015        0.04514        0.89766       15.60000        0.43332        0.86248        0.87209        7.25311        0.01349        0.00403        0.02566        0.93007      128.81568        0.02017        0.05071       13.91177        0.55362        0.70809        0.90358        6.33967        0.01031        0.00331        0.02649      300.00000       12.53414
    4    1    1     1659.60527     3153.88268     1203.06120        4.24325      125.05271        0.01910        0.08698        0.54835       42.60000        1.65923        1.18693        0.54763        8.06080        0.01598        0.00127        0.00070        0.46124      127.27163        0.01967        0.10299       39.39501        1.87432        1.04156        0.46079        8.17545        0.01667        0.00138        0.00045      300.00000       20.74124
    5    1    1     3082.25451    28478.47459    11895.96521        5.82325       96.58673        0.01139        0.02221        0.49759       37.50000       29.56638        1.26218        0.47239       13.63863        0.04768        0.00057        0.02520       18.84098       94.67218        0.01094        0.02313       37.06292        1.07953       11.38220       18.83926       13.60745        0.04540        0.02579        0.00172      300.00000       28.25608
    6    1    1     1729.85643    11783.83369     5695.80742        4.28996      134.67432        0.02215        0.09821        0.35816       25.30000       11.75547        1.41838        0.31619        2.61906        0.00162        0.00442        0.04192        6.57670      130.56849        0.02077        0.09265       29.10108        0.48161        6.47805        6.52602        6.02243        0.00855        0.00009        0.05068      300.00000       28.75699
    7    1    1     1598.97747     1643.57387      711.38783        6.41399      171.26860        0.03583        0.05126        1.24731        7.10000        0.06345        0.48695        1.24761        4.92951        0.00600        0.00725       -0.00030        0.97674      171.74627        0.03590        0.05077        7.62105        0.10429        0.71684        0.97728        4.94080        0.00605        0.00745       -0.00054      300.00000        4.95703
    8    1    1     3964.04908     1802.66727      524.69695        7.18609       70.46944        0.00607        0.00568        1.69590       14.40000        0.33884        0.06654        1.66802        8.32905        0.01656        0.01303        0.02789        1.22677       68.19386        0.00568        0.00599       14.40789        0.64964        0.20426        1.21950        8.32887        0.01751        0.03276        0.00727      300.00000        1.69849
    9    1    1     3439.27250     1830.31057      705.08005        6.14821       83.81711        0.00858        0.01412        0.62467       33.70000        0.42901        1.14435        0.59022        6.03878        0.00867        0.00802        0.03445        1.91183       83.37322        0.00847        0.01539       33.47355        0.10113        0.19021        1.87145        5.94572        0.00914        0.00126        0.04038      300.00000       18.06692
   10    1    1     3386.99094     1451.30819      591.15903        4.35413       51.78142        0.00327        0.01400        1.01661        5.30000        0.01744        0.71917        1.01539        7.07864        0.01253        0.00811        0.00114        1.15138       47.23186        0.00272        0.01471        9.27684        0.03439        0.57706        1.14515        5.58139        0.00758        0.00330        0.00623      300.00000       33.59350
   11    1    1     1934.30742     2020.40560      810.63254        6.38615      139.07198        0.02362        0.03430        1.36068        9.00000        0.62274        0.37392        1.36064        8.33736        0.01713        0.00958       -0.00003        1.17621      140.74889        0.02403        0.03414        8.69732        0.07939        1.10552        1.17212        8.34914        0.01752        0.00518        0.00409      300.00000        2.68434
   12    1    1     1831.88727    22967.25097    10174.51279        4.64040      130.69699        0.02086        0.07602        0.49135       14.80000       23.64101        1.24677        0.48780        5.72904        0.00824        0.00905        0.00356        5.53955      130.91450        0.02087        0.07908       13.33609        0.68423       19.14609        5.54006        5.84498        0.00846        0.01501       -0.00051      300.00000       26.23598
   13    1    1     3592.22060     1519.71456      638.69126        4.50625       77.48712        0.00733        0.02878        0.92791       29.40000        0.03758        0.81366        0.92090        9.17673        0.02126        0.02962        0.00709        1.06728       77.04270        0.00725        0.01815       28.27178        0.04288        0.69344        1.03320       11.74335        0.03280        0.00434        0.03408      300.00000       60.80350
   14    1    1     1856.89145     7943.21101     4004.88672        2.68826       58.26622        0.00415        0.05323        0.33115        9.80000        7.95145        1.41874        0.31582        8.73626        0.01942        0.00596        0.01524        2.36174       56.25127        0.00385        0.06662        6.87293        0.00494        7.34029        2.35843        4.75221        0.00567        0.00098        0.00331      300.00000       70.28241
   15    1    1     2181.14984     1628.12489      626.55942        6.93785      124.64159        0.01897        0.02045        0.86959        5.00000        0.20858        0.86463        0.86994        7.28302        0.01310        0.00686       -0.00035        0.51923      124.77520        0.01899        0.02048        4.89531        0.37696        1.04847        0.51766        7.28335        0.01301        0.00504        0.00156      300.00000        1.44682
   16    1    1     2487.01510     1563.78815      596.28321        2.50690       55.11035        0.00371        0.05531        0.88070       30.80000        0.09610        0.85492        0.87965        2.18909        0.00120        0.02498        0.00108        0.86844       89.43324        0.00974        0.03145       30.44899        0.05041        0.91353        0.86801        8.37155        0.01725        0.02611        0.00043      300.00000       13.15697
   17    1    1     3005.59284    72639.45523    29881.39775        5.59687       96.98895        0.01149        0.02519        1.44527       25.30000       75.04290        0.28886        1.44571        8.73406        0.01894        0.00002       -0.00042        9.65907       96.04505        0.01125        0.02865       24.16920        6.10053       61.01397        9.65957        8.78936        0.01913        0.00005       -0.00050      300.00000       37.52044
   18    1    1     2499.82923     1730.08106      501.24789        8.35758       97.44176        0.01160        0.00501        1.64969       23.10000        0.40728        0.08528        1.64929        1.98911        0.00097        0.00596        0.00042        0.86053       97.62445        0.01162        0.00503       23.06562        0.34141        0.94132        0.85903        2.00344        0.00098        0.00489        0.00149      300.00000        1.35670
   19    1    1     1794.56302     2118.07777      927.37257        7.14005      151.26634        0.02795        0.02687        0.25567       18.10000        0.84531        1.48328        0.25129        6.01703        0.00911        0.00161        0.00440        2.03532      151.86660        0.02815        0.02665       18.09128        0.09265        0.45224        2.03496        6.01383        0.00890        0.00587        0.00035      300.00000        1.03360
   20    1    1     2057.99923     1526.68290      543.08236        2.30186       51.65437        0.00326        0.05824        0.24105        9.80000        0.08088        1.49296        0.24161        2.49637        0.00154        0.00210       -0.00047        1.17341       26.76918        0.00087        0.02861       31.75955        0.15043        0.50779        1.17373        8.39651        0.01742        0.00151       -0.00032      300.00000      104.71972
   21    1    1     2262.88743    16051.54193     7235.93916        5.80114      117.86428        0.01697        0.03345        0.26733       35.00000       16.30493        1.50095        0.23362        6.95980        0.01152        0.00019        0.03374        7.83472      120.11654        0.01760        0.03474       34.25778        0.40384        9.80305        7.82954        7.26937        0.01331        0.02809        0.00518      300.00000       11.03451
   22    1    0      830.84803 20836240.43445  6949811.45027        1.48424       21.73069        0.00058        0.02560        0.04117       31.80000    18018.47050        1.71653        0.01804        5.58535        0.00747        0.01291        0.02318      673.80355        0.00000        0.00000        0.00000       46.22685        0.02591    17346.44992      673.80355        0.00000        0.00000        0.00000        0.00000      300.00000        0.00000
   23    1    1     2104.82886     1819.23633      764.31020        1.56915       29.86633        0.00109        0.04316        0.66398       13.40000        0.10248        1.07013        0.66443       21.37077        0.11300        0.00354       -0.00987        0.42480       27.47911        0.00091        0.03462       27.38293        0.29681        1.14500        0.42026       19.73843        0.09506        0.00017        0.00454      300.00000      127.04070
   24    1    1     1476.21022     1849.57949      816.43092        3.33924      101.14080        0.01249        0.09955        1.03733       20.50000        0.12663        0.69775        1.03681        3.78935        0.00353        0.00045        0.00058        1.48847       66.81907        0.00540        0.09298       24.89407        0.17363        0.19633        1.48814        9.03183        0.02034        0.00060        0.00032      300.00000       54.99381
   25    1    1     2240.91247     1884.82427      759.43663        4.92590      124.08064        0.01880        0.05869        1.02259       12.60000        0.31219        0.74117        0.99340        1.30772        0.00041        0.00130        0.02918        0.67051      119.80014        0.01752        0.04574       15.19697        0.97316        0.41171        0.66616        6.48351        0.01026        0.02625        0.00435      300.00000       35.84959
   26    1    1     1609.39690   244401.61515    98543.18364        0.61684        8.52311        0.00009        0.02323        0.36371       24.30000      243.47474        1.39036        0.34421        3.31653        0.00264        0.01579        0.01951        4.41185       93.42081        0.01066        0.33650       60.43751        3.32950      237.10729        4.39254       17.11203        0.07475        0.00000        0.01931      300.00000      131.68482
   27    1    1     1751.42783   160942.10073    66265.47848        6.60746      153.56553        0.02880        0.03717        0.02837       27.00000      162.57551        1.71465        0.01991        6.17585        0.00964        0.01463        0.00847       11.83040      154.09456        0.02900        0.03730       26.97843        0.54646      151.93298       11.83058        6.09092        0.00923        0.02344       -0.00018      300.00000        1.21520
   28    1    1     2104.93407    13599.33964     6091.11325        0.37572        6.69869        0.00005        0.03877        0.74796        9.00000       14.16828        0.98838        0.74618        6.56120        0.01055        0.00213        0.00187        6.70379       10.46551        0.00013        0.03130       20.48696        0.33084        8.86561        6.70391        9.52947        0.02240        0.00207       -0.00011      300.00000      166.70388
   29    1    1     1175.33837     1774.81671      782.43787        7.77398      225.16143        0.06192        0.04054        1.44120       25.50000        0.06813        0.29597        1.43859        8.88751        0.01934        0.01035        0.00254        0.61939      225.12482        0.06169        0.04076       25.50743        1.02863        0.15861        0.61548        8.88531        0.01928        0.00909        0.00391      300.00000        0.16586
   30    1    1      929.27876   140777.29722    60977.62041        8.36611      265.08189        0.08582        0.03679        1.14387       38.60000      143.21896        0.59112        1.14345        0.85467        0.00018        0.00752        0.00050       83.28975      265.09780        0.08580        0.03682       38.59055        0.54373       61.12236       83.28739        0.84951        0.00018        0.00561        0.00236      300.00000        0.21936
   31    1    1     1542.29393     1627.15235      672.75950        1.73260       44.60467        0.00243        0.07852        1.26360        4.50000        0.00897        0.47353        1.26103        7.77203        0.01479        0.01910        0.00258        0.53564       51.03465        0.00318        0.08574       11.83452        0.43126        0.78577        0.51401        8.64195        0.01791        0.00145        0.02162      300.00000      102.66605
   32    1    1     1962.13414     1668.31283      688.41594        4.65489      113.84009        0.01583        0.05722        0.74984        6.00000        0.00916        1.02711        0.70745       10.56563        0.02890        0.02593        0.04238        0.86080      120.57883        0.01776        0.07568        1.37281        0.03359        0.89443        0.81525        5.44738        0.00769        0.02404        0.04555      300.00000       22.13567
   33    1    1     4689.14317     1972.43908      630.49178        1.14279        6.95097        0.00006        0.00446        0.45671       22.40000        0.66367        1.27758        0.45698        5.09125        0.00644        0.00819       -0.00021        1.47353        3.47726        0.00001        0.00612       25.91269        0.33057        0.60321        1.46540        3.83245        0.00357        0.00012        0.00814      300.00000      163.40478
   34    1    1     1452.49721     1962.80654      537.12219        0.60486       13.08954        0.00021        0.05699        1.46585       43.10000        0.42407        0.26876        1.46580        7.27127        0.01303        0.00077        0.00009        1.17302       42.04185        0.00214        0.15232       21.80141        0.70695        0.18992        1.17337        4.05026        0.00405        0.00127       -0.00034      300.00000      158.70080
   35    1    1      836.59499     1786.88884      572.21288        8.79742      269.89730        0.08897        0.02599        0.67522       11.80000        0.19671        1.09047        0.64410        9.40542        0.02108        0.00000        0.03118        1.00957      269.78524        0.08878        0.02612       11.82744        0.63816        0.31443        0.97872        9.40543        0.02108        0.00029        0.03086      300.00000        0.02178
   36    1    1     1257.12010    29765.46604    12923.34739        8.50763      191.00277        0.04456        0.01700        1.63020       16.30000       31.00684        0.10404        1.63052        8.28743        0.01697        0.00292       -0.00040       10.92615      190.93660        0.04449        0.01682       16.53900        0.09335       21.72483       10.92361        8.28766        0.01681        0.00007        0.00254      300.00000        0.25091
   37    1    1     1833.99990     2089.67832      868.47744        7.77316      145.25707        0.02577        0.01688        0.52750        7.90000        0.64070        1.21487        0.51970       10.92142        0.02897        0.00791        0.00772        0.15377      144.93276        0.02558        0.01707        7.86308        0.68626        1.54718        0.14179       10.92148        0.03026        0.00248        0.01198      300.00000        0.76543
   38    1    1     2228.63628     2613.98283     1078.19175        4.36632       89.24817        0.00973        0.04130        0.17353       19.20000        1.26513        1.56055        0.17401       11.65304        0.03364        0.00170       -0.00051        1.91901       85.81217        0.00897        0.03642       19.35843        0.14417        0.93740        1.91902       12.47289        0.03873        0.00088       -0.00001      300.00000       22.76569
   39    1    1     2752.69984    14448.49889     6704.42759        4.79006       91.60303        0.01025        0.03442        0.15681       10.60000       14.67241        1.57728        0.15728       15.14008        0.05671        0.00533       -0.00046        2.02389       91.52416        0.01021        0.05045       10.54092        0.03908       14.34976        2.02160       12.47353        0.03899        0.00081        0.00229      300.00000       46.04588
   40    1    1     2109.94815    25945.44495    12131.21894        2.00261       24.87364        0.00076        0.01809        0.17100       31.40000       27.36797        1.57728        0.15728        7.71496        0.01513        0.01104        0.01369       17.96816       20.78844        0.00053        0.05257       15.95427        0.23922       10.87644       17.94498        9.55179        0.02336        0.00096        0.02318      300.00000      151.18726
   41    1    1     3095.30071     2464.08372      837.90614        6.57788       88.36312        0.00954        0.01250        1.03098       15.30000        1.15556        0.74910        0.98547       12.41789        0.03998        0.00787        0.04552        0.64494       91.11173        0.01011        0.01197       15.30013        1.26325        1.03176        0.59514       12.41621        0.04005        0.00345        0.04980      300.00000        5.79061
   42    1    1     2333.55362     1680.39978      767.27682        0.77739       14.90149        0.00027        0.04460        1.26454        0.10000        0.00000        0.47984        1.25473       14.97799        0.05436        0.00665        0.00980        0.21516       24.32303        0.00072        0.01690       27.52668        0.99380        0.57834        0.19944       13.28774        0.04495        0.00037        0.01572      300.00000      139.01915
   43    1    1     3113.63768     1631.46060      558.12934        6.72718       90.06799        0.00991        0.01199        1.39012       12.70000        0.17547        0.34479        1.38978       10.91473        0.02933        0.00060        0.00028        1.19450       90.12510        0.00990        0.01172       12.89559        0.14194        0.57338        1.19498       10.91262        0.02947        0.00128       -0.00048      300.00000        5.45725
   44    1    1     2846.73616     2432.51510      635.77662        4.77713       70.08765        0.00600        0.02029        1.49514       15.40000        1.09253        0.24577        1.48880       19.04401        0.09147        0.00037        0.00644        0.93689       54.91972        0.00368        0.02173       14.82899        0.99585        0.90259        0.92946       19.15729        0.08919        0.00163        0.00743      300.00000       27.67655
   45    1    1     4251.22584     1648.73235      788.62394        3.84304       53.28690        0.00347        0.02001        1.32635       27.00000        0.09592        0.40905        1.32551        4.69068        0.00541        0.00323        0.00089        0.21221       61.63238        0.00463        0.00886       26.48717        0.42387        1.19344        0.21178        8.24769        0.01674        0.00367        0.00043      300.00000       16.16540
   46    1    1     2075.66287    17117.62635     8209.74566        1.32665       21.75904        0.00058        0.03228        0.68280       19.60000       17.49677        1.07946        0.65510       19.66672        0.09237        0.00905        0.02771        8.88565       55.31298        0.00373        0.05262       31.37489        0.05945       10.31819        8.88528        8.94941        0.01997        0.05371        0.00038      300.00000      115.41976
   47    1    1     4845.43014     1696.49380      821.65560        0.69371       12.43495        0.00019        0.03905        1.29174       15.50000        0.09238        0.45453        1.28004        7.59895        0.01397        0.00106        0.01172        0.53081       12.18698        0.00018        0.01260       15.38617        0.74965        0.56107        0.52385       11.38540        0.03152        0.00707        0.00697      300.00000      110.90920
   48    1    1     1309.26894    13189.95969     6385.47857        7.73793      200.29221        0.04900        0.03283        0.13793       30.40000       12.82158        1.60153        0.13304       15.30097        0.05709        0.01708        0.00492       11.90089      200.44423        0.04907        0.03289       30.36957        0.28335        2.38532       11.88736       15.30080        0.05652        0.00900        0.01353      300.00000        0.71755
   49    1    1     1738.63104     2109.04090      625.70564        8.65957      133.01774        0.02161        0.00721        1.09519       21.10000        0.82478        0.65218        1.08238        1.42028        0.00049        0.00003        0.01277        1.04020      133.09119        0.02163        0.00698       21.22696        1.11173        0.41067        1.03723        1.43884        0.00051        0.00977        0.00297      300.00000        0.34276
   50    1    1     1802.08141     1537.79255      565.02201        1.05002       21.10573        0.00054        0.04880        0.75642        7.60000        0.04457        0.97911        0.75545       10.50623        0.02712        0.04693        0.00089        1.03161       12.87210        0.00020        0.06663       11.73897        0.05799        0.71703        1.01677        3.89052        0.00365        0.02637        0.01485      300.00000      138.60471
   51    1    1     1858.94004     1677.30940      796.46170        7.44321      146.42084        0.02618        0.02108        1.26597        9.40000        0.02543        0.46937        1.26520       10.54661        0.02734        0.02793        0.00072        0.36040      146.71628        0.02621        0.02121        9.23180        0.10550        1.31407        0.34024       10.54530        0.02670        0.00920        0.02015      300.00000        1.72488
   52    1    1     1376.11599     1954.96097      548.87031        1.01658       32.60872        0.00130        0.12437        0.27336       11.00000        0.36442        1.46149        0.27307       14.21986        0.05041        0.02424        0.00032        0.87845       15.12207        0.00028        0.07858       27.21375        0.27171        0.95157        0.87655       19.26860        0.09101        0.02799        0.00191      300.00000      145.82915
   53    1    1     2375.81846     4472.89121     2086.64005        1.29761       21.84023        0.00058        0.03402        0.90965       13.20000        3.36344        0.83138        0.90318       13.07463        0.04159        0.02080        0.00652        1.58561       44.76336        0.00245        0.02815       23.18373        0.21968        3.29476        1.58046       14.96932        0.05642        0.01439        0.00515      300.00000      103.21307
   54    1    1     2326.38760     1466.79442      626.06084        4.41064       92.99166        0.01056        0.04373        0.82882        4.90000        0.00375        0.90516        0.82940        5.00748        0.00621        0.03032       -0.00055        0.88787       84.60645        0.00869        0.03783        9.30923        0.03719        0.84181        0.86158        6.67283        0.01064        0.00454        0.02629      300.00000       10.91290
   55    1    1     1647.46365     2444.39171     1182.38369        8.20611      151.56188        0.02806        0.01361        0.40654       10.40000        0.87681        1.33236        0.40221       12.26474        0.03783        0.01454        0.00426        1.20577      151.41712        0.02796        0.01367       10.40266        0.19824        1.21852        1.19462       12.26441        0.03640        0.00917        0.01115      300.00000        1.24820
   56    1    1     2581.75031     1622.17044      509.72036        4.38549       68.62356        0.00575        0.02415        0.75517       23.60000        0.18890        0.97911        0.75545       15.00873        0.05564        0.00005       -0.00027        1.12106       59.56417        0.00432        0.02543       15.99491        0.15641        0.63213        1.12104       16.77183        0.06933        0.00011        0.00002      300.00000       42.34640
   57    1    1     1140.68845     5069.29235     2495.06869        6.92938      237.97173        0.06916        0.07488        1.57592       10.30000        3.72414        0.15820        1.57636        1.64185        0.00067        0.01336       -0.00047        1.36236      238.73772        0.06948        0.07464       10.26115        2.14103        1.95774        1.35992        1.64461        0.00066        0.01044        0.00244      300.00000        1.19874
   58    1    1     3926.48545     1815.83725      666.58154        2.14738       34.39694        0.00145        0.02989        1.14875       18.00000        0.30529        0.58927        1.14529       11.39952        0.03263        0.00833        0.00334        0.66837       14.23265        0.00025        0.00475       27.78806        0.41255        0.97897        0.66887       12.17765        0.03681        0.01392       -0.00050      300.00000      112.04337
   59    1    1     4582.19486     1448.85549      633.47477        5.30917       36.15308        0.00160        0.00407        0.30848       17.00000        0.06535        1.42793        0.30663       13.05725        0.04180        0.00563        0.00181        1.16363       31.74704        0.00123        0.03741       10.86846        0.12450        0.50788        1.16012        8.44917        0.01793        0.00226        0.00352      300.00000       30.12134
   60    1    1    11763.56127     1420.19621      575.94871        2.36986       17.76008        0.00039        0.00647        1.14524        9.60000        0.03621        0.59180        1.14277        6.81827        0.01138        0.00092        0.00253        1.28882       32.05880        0.00125        0.00462        7.87543        0.24198        0.22703        1.28729       10.67691        0.02797        0.00075        0.00153      300.00000       88.71345
   61    1    1     2908.52131     1646.85343      718.50194        4.44545       86.28056        0.00909        0.03692        0.81570       14.30000        0.11940        0.93884        0.79572        5.29989        0.00675        0.00915        0.01994        0.89006       62.65033        0.00479        0.02180       23.05476        0.02874        0.97083        0.87584        4.42884        0.00499        0.01466        0.01422      300.00000       23.16754
   62    1    1     8051.96172     3492.18248     1502.88107        1.93916       27.99925        0.00096        0.02450        0.13427       11.50000        2.62289        1.60643        0.12814        4.57217        0.00527        0.00106        0.00619        1.36619       12.69272        0.00020        0.01027       26.84392        1.15255        1.83363        1.36657       10.50504        0.02728        0.00523       -0.00038      300.00000       33.96439
   63    1    1     2121.11163     1600.92387      613.48202        0.01378        0.17948        0.00000        0.02073        0.80325       37.50000        0.06534        0.93075        0.80382       11.66560        0.03375        0.01211       -0.00046        0.20628        5.16496        0.00003        0.06938       34.42449        0.12913        1.45092        0.19604        6.34778        0.00976        0.00041        0.01024      300.00000      176.74643
   64    1    1     3730.63547     1508.89872      605.07796        0.81037       14.70392        0.00026        0.03995        0.24610        1.00000        0.00007        1.49033        0.24424       10.77280        0.02845        0.00093        0.00182        1.55421       18.32942        0.00041        0.00392       10.32389        0.07397        0.11294        1.55379       15.22756        0.05706        0.00357        0.00042      300.00000      131.60809
   65    1    1     2295.60637     1434.35541      620.85974        3.94735       78.40844        0.00751        0.04068        0.34800       12.60000        0.02860        1.39260        0.34196        3.81728        0.00367        0.00838        0.00603        1.15995       80.71846        0.00795        0.03238       11.08532        0.09379        0.50726        1.16048        7.19529        0.01283        0.01527       -0.00052      300.00000       23.19594
   66    1    1     2283.74561     1560.56572      628.43759        3.70160      107.86348        0.01421        0.08950        1.34693        9.50000        0.00394        0.38844        1.34612        5.81103        0.00843        0.00003        0.00085        0.34108       69.51664        0.00587        0.02514       28.51882        0.04046        1.39085        0.34136       13.74911        0.04669        0.00139       -0.00028      300.00000       14.43077
   67    1    1     2126.58369   101357.85366    41970.91907        3.60820       65.85085        0.00530        0.03538        0.20174       36.20000      103.49048        1.53404        0.20053       15.42504        0.05843        0.00277        0.00119       17.37634       74.59896        0.00679        0.04425       38.80215        2.98746       84.86134       17.37100       14.33636        0.05008        0.00186        0.00534      300.00000       48.03244
   68    1    1     2026.06075     2508.07383     1131.52290        7.67542      130.58319        0.02083        0.01452        0.21223       18.00000        1.14118        1.52191        0.21266        3.12348        0.00241        0.00010       -0.00039        1.36100      130.00422        0.02064        0.01425       18.23459        0.34809        1.16656        1.36154        3.12743        0.00243        0.00021       -0.00054      300.00000        0.34087
   69    1    1     1794.72408     2852.01423     1189.68353        3.68975       78.81884        0.00759        0.04814        0.31083       28.60000        1.36230        1.44031        0.29425        7.41296        0.01400        0.04130        0.01648        1.16884       74.77491        0.00682        0.09211       29.70507        0.85318        1.05597        1.12782       11.00510        0.02869        0.01886        0.04102      300.00000       45.78273
   70    1    1     4360.31873     2043.20940      470.58710        7.84774       57.16465        0.00399        0.00249        1.34465       23.70000        0.58035        0.39180        1.34276       15.76727        0.06225        0.01599        0.00192        0.68928       57.94836        0.00410        0.00242       23.69849        0.88464        0.75911        0.67116       15.76767        0.05979        0.00218        0.01812      300.00000        4.18542
   71    1    1     6688.89085     8970.53921     3981.92805        4.85382       64.81127        0.00513        0.01665        0.09988       14.80000        8.89095        1.64959        0.08497        6.16473        0.00967        0.00164        0.01489        3.76360       66.40586        0.00538        0.00958        9.84493        2.81037        4.04792        3.74232       11.79054        0.03554        0.00107        0.02128      300.00000      149.94594
   72    1    1     2510.63279     1603.59212      660.82431        2.95894       54.54777        0.00363        0.03787        1.03779       19.20000        0.09873        0.70061        1.03395        9.39533        0.02218        0.00043        0.00374        0.34223       64.26233        0.00501        0.02559       22.54034        0.73826        0.76188        0.34272        9.66824        0.02313        0.00514       -0.00048      300.00000       42.32560
   73    1    1     2593.31480     4918.58477     2221.55388        3.88002       64.26076        0.00504        0.02846        1.54163       12.20000        4.06948        0.23361        1.50096        5.29558        0.00665        0.07443        0.04065        4.27979       67.05503        0.00547        0.03387       19.26853        0.10471        1.52019        4.17199        7.08767        0.01333        0.00191        0.10780      300.00000       25.09645
   74    1    1     1186.43847     2353.08443      689.81216        7.58243      226.43924        0.06262        0.04630        0.36745       19.30000        0.90915        1.37181        0.36275       12.66724        0.04037        0.02758        0.00468        1.03268      226.65801        0.06240        0.04661       19.27615        0.99409        0.62013        1.02944       12.66692        0.04028        0.02909        0.00324      300.00000        0.59674
   75    1    1     1933.18842     1544.66453      591.41623        4.57236      116.72939        0.01664        0.06296        0.77867        2.30000        0.00746        0.96846        0.76611        9.33194        0.02105        0.00278        0.01257        0.78160      117.65533        0.01684        0.06872       16.79977        0.14764        0.83851        0.76900        3.14087        0.00250        0.00219        0.01260      300.00000       19.94183
   76    1    1     1185.01326     1503.18064      637.36287        8.46489      206.72487        0.05219        0.02065        1.52703        0.90000        0.00373        0.23568        1.49889        8.09774        0.01565        0.00218        0.02822        0.22138      206.68518        0.05217        0.02067        0.78700        0.01500        1.52537        0.19791        8.09759        0.01679        0.00572        0.02348      300.00000        0.65732
   77    1    1     2433.00592     1543.32846      690.03424        7.74961      109.64277        0.01468        0.00977        1.04036       10.90000        0.01466        0.69864        1.03593        9.12510        0.02094        0.00096        0.00435        1.02554      109.85918        0.01473        0.00964       10.96397        0.01068        0.71258        1.02604        9.12545        0.02064        0.00620       -0.00050      300.00000        1.13715
   78    1    1     1603.75341     1544.44039      628.91957        8.53188      150.56011        0.02769        0.01035        1.41522        7.10000        0.02733        0.31907        1.41550       14.42244        0.05135        0.00083       -0.00021        0.90477      150.91277        0.02776        0.01039        6.96358        0.09012        0.76656        0.90512       14.42254        0.05171        0.00052       -0.00035      300.00000        0.51538
   79    1    1     2735.31251     2330.97908      898.34843        0.66441        7.89338        0.00008        0.01716        0.97582       21.70000        1.10244        0.75838        0.97618       10.56830        0.02760        0.00208       -0.00045        1.56361        8.09153        0.00008        0.02634       18.27617        0.11078        1.15093        1.56195       11.32179        0.03143        0.00040        0.00166      300.00000      157.38045
   80    1    1     2228.27335     1556.03103      570.82440        4.44807       78.89902        0.00760        0.03082        0.81842       15.20000        0.06759        0.92137        0.81320       12.61657        0.04008        0.02288        0.00520        0.58857       82.12656        0.00823        0.05003       22.93181        0.63663        0.59931        0.57810        5.84045        0.00826        0.01776        0.01047      300.00000       30.18202
   81    1    1     1762.74399     4357.12005     1930.67535        6.30758      149.06831        0.02714        0.04108        1.21966       25.70000        3.03637        0.51591        1.21865       14.11539        0.04978        0.00114        0.00091        3.74825      150.32534        0.02759        0.04133       25.47805        0.36114        0.66079        3.74839       14.11628        0.04915        0.00284       -0.00014      300.00000        0.39249
   82    1    1     1314.52981     1637.60292      675.02039        1.80621       54.96826        0.00369        0.10943        1.45083       19.50000        0.01905        0.29775        1.43681        4.31218        0.00473        0.00967        0.01394        1.27889       11.17959        0.00015        0.08522       25.03058        0.04023        0.45273        1.27567        9.02559        0.01992        0.01801        0.00322      300.00000      139.90567
   83    1    1     1033.34728  1632165.12777  3537155.53902        0.04295        1.18630        0.00000        0.09318        1.65580        4.40000        0.21927        0.08135        1.65322       14.33568        0.05031        0.00431        0.00265    -1311.68412     5593.43883       38.07943      745.62832      834.64967      393.00081       86.78204      326.68915     6319.67840       30.78897       19.80268    -1638.37327      300.00000       79.43744
   84    1    1     6920.96124     9034.87976     4106.44205        6.58468       53.24810        0.00346        0.00452        1.04749       19.40000        8.96740        0.69474        1.03983        9.45341        0.02171        0.01418    -1648.26460        2.97699       58.38893        0.00416        0.00384       19.37561        0.53555        7.20486        2.96169        9.45616        0.02276        0.00534        0.01530      300.00000       64.10281
   85    1    1     2399.10864     1774.31804      761.74414        4.80192       85.38136        0.00890        0.02971        1.44096       21.50000        0.09090        0.30729        1.42728       16.56557        0.06624        0.04295        0.01369        0.67246       69.51888        0.00587        0.05848       20.89068        0.20792        0.94266        0.66296       14.86205        0.05591        0.04365        0.00950      300.00000        6.02903
   86    1    1     2087.54394     1532.37681      633.34363        7.98133      124.50818        0.01893        0.01079        0.80449       22.60000        0.05630        0.95499        0.77957       13.73916        0.04838        0.02987        0.02491        0.91199      124.70256        0.01894        0.01086       22.54779        0.13319        0.77365        0.88391       13.73921        0.04848        0.02664        0.02808      300.00000        0.04822
   87    1    1     5555.25489    19637.74179     7857.45125        0.63061        6.16210        0.00005        0.01162        0.48626       16.00000       20.87894        1.24819        0.48637        8.07820        0.01624        0.00008       -0.00006        9.38090       28.19953        0.00097        0.00232       27.45933        0.49492       12.74072        9.38126        9.28051        0.02126        0.00032       -0.00035      300.00000       80.62073
   88    1    1     2529.46402     2658.09032     1145.78462        5.41350      101.60371        0.01261        0.03041        1.32639       17.00000        1.29725        0.40916        1.32541        9.91640        0.02415        0.00633        0.00098        1.52633      102.04532        0.01267        0.03400       14.73062        0.25368        1.25313        1.52147        9.87627        0.02455        0.00196        0.00486      300.00000       13.49225
   89    1    1     1932.23807     6081.67607     2863.34837        0.87553       17.45158        0.00037        0.04815        0.34074       10.00000        5.57396        1.40030        0.33427       10.55580        0.02810        0.00005        0.00645        1.82686        6.08053        0.00005        0.02223       14.27815        0.12016        5.37468        1.82133       13.16231        0.04220        0.00550        0.00553      300.00000      171.32238
   90    1    1     2037.25691     2761.32193      471.00855        6.39741      134.23100        0.02201        0.03176        1.44494       39.30000        1.38078        0.29410        1.44046       11.90106        0.03456        0.00001        0.00445        1.41902      135.03623        0.02226        0.03312       38.90034        0.94589        0.74960        1.41823       11.91512        0.03489        0.00339        0.00079      300.00000        5.19329
   91    1    1     2057.34154   535813.21604   209088.84314        6.85702      131.11568        0.02100        0.02366        0.72175       25.80000      521.23570        1.01235        0.72222        3.26109        0.00263        0.00132       -0.00046       19.77484      131.03550        0.02097        0.02358       26.03233        1.25459      501.94138       19.77446        3.25628        0.00264        0.00055        0.00038      300.00000        0.19640
   92    1    1     1603.24354     1628.90062      659.60494        7.60739      166.45278        0.03384        0.02463        0.24554        3.60000        0.05874        1.49024        0.24432       11.67521        0.03408        0.00174        0.00129        0.99719      165.92798        0.03359        0.02500        2.97531        0.00541        0.79065        0.99704       11.67457        0.03358        0.00339        0.00015      300.00000        0.15696
   93    1    1     4213.48235     3540.86974     1128.20120        2.53836       25.20178        0.00078        0.01126        1.15738       37.80000        2.50907        0.57667        1.15789        3.01045        0.00224        0.05098       -0.00042        1.91526       33.11130        0.00134        0.00558       27.05312        0.82089        1.50229        1.90881        9.24089        0.02154        0.04148        0.00645      300.00000      120.85751
   94    1    1     4463.51344     1969.95025      798.44491        3.22763       42.73538        0.00223        0.01918        0.84520       20.90000        0.64206        0.89977        0.83479        4.25232        0.00458        0.00006        0.01043        0.53273       55.38863        0.00374        0.01380       21.27102        0.50173        1.35076        0.53084        2.83914        0.00198        0.00835        0.00189      300.00000       51.99200
   95    1    1     7180.76536     1825.32952      623.05793        3.53594       19.15131        0.00045        0.00313        1.05416       10.60000        0.53228        0.68351        1.05105        7.31955        0.01310        0.00823        0.00304        0.71893       36.27351        0.00161        0.00471       17.12375        0.28533        1.27365        0.71765        2.03247        0.00103        0.00962        0.00127      300.00000       19.75713
   96    1    1     3305.04308     1705.90138      866.23372        4.23720       56.79782        0.00394        0.01801        1.24683       12.50000        0.03428        0.48862        1.24594        9.16559        0.02098        0.04397        0.00091        0.17738       37.74813        0.00173        0.01487       18.72852        1.33213        0.26987        0.17790        7.93065        0.01559        0.04508       -0.00052      300.00000       29.46339
   97    1    1     1819.03490     1483.55047      650.16531        0.76170       13.41568        0.00022        0.03767        0.75840       25.70000        0.04909        0.97947        0.75509        3.26167        0.00267        0.01862        0.00327        1.36598       42.09437        0.00215        0.07759       10.19305        0.04870        0.33573        1.35671        2.75070        0.00183        0.01416        0.00927      300.00000      136.78253
   98    1    1     1690.44476     1518.59504      577.73705        0.35954        9.67931        0.00011        0.08840        1.41096       13.50000        0.04769        0.32436        1.41020        6.78998        0.01151        0.00002        0.00066        0.74926       35.43824        0.00153        0.04980       34.90997        0.31154        0.76563        0.74967        4.38726        0.00476        0.00056       -0.00041      300.00000      152.88119
   99    1    1     3532.59346    47452.56452    20016.27101        2.63275       31.53290        0.00121        0.01631        0.01749       11.80000       48.77016        1.71700        0.01756        7.78873        0.01510        0.00316       -0.00012       43.33971       39.57424        0.00191        0.02446       25.34703        0.04808        7.11068       43.34017        6.53205        0.01055        0.00502       -0.00046      300.00000       54.11803
  100    1    1     2160.36945    24554.36257    10460.09673        4.82180      119.61894        0.01748        0.05769        0.16198       29.30000       25.36208        1.57250        0.16207        3.56497        0.00313        0.00313       -0.00008       10.20298      109.48864        0.01461        0.04562       34.98714        0.52534       16.38588       10.20070        3.77647        0.00357        0.00002        0.00228      300.00000       23.02285
