    1    1    1     1767.23078    11804.85455     5189.07161        8.51807      135.63233        0.02247        0.00850        0.03117       20.00000       11.97525        1.70431        0.03025        8.57747        0.01808        0.03526   -33197.38292        4.50622      135.74524        0.02249        0.00865       19.91824        6.01871        3.20603        4.48492        8.57742        0.01765        0.01528        0.02130      300.00000        0.38674
    2    1    1     3063.62868     1658.27520      782.74473        1.94420       32.25003        0.00127        0.03234        1.04210       17.60000        0.02994        0.69219        1.04238       11.87185        0.03504        0.00006       -0.00034        1.03191       21.07431        0.00054        0.00819       24.80100        0.08960        0.65392        1.03241       13.98768        0.04849        0.00027       -0.00050      300.00000      109.66114
    3    1    1     2875.58574     2668.66404      918.39164        4.36043       40.72968        0.00203        0.00863        0.75484       23.80000        1.39759        0.98251        0.75206       15.49337        0.06021        0.00926        0.00278        2.36631       79.12809        0.00760        0.06446       22.60958        0.47599        0.29858        2.35365        2.57177        0.00168        0.00044        0.01266      300.00000       58.18052
    4    1    1     1905.27079     2889.62523     1071.21959        4.59318      129.82890        0.02059        0.07699        0.52947       26.10000        1.52467        1.20683        0.52774        5.63889        0.00796        0.00043        0.00160        2.38158      116.79931        0.01662        0.06139       24.44422        0.26972        0.60580        2.38061       11.12729        0.03042        0.00141        0.00098      300.00000       17.49998
    5    1    1     2032.97834     1674.03146      812.33148        3.68426       71.92622        0.00632        0.04023        0.73523        5.10000        0.08985        1.00763        0.72693        2.94385        0.00210        0.00029        0.00831        1.14058       70.91432        0.00613        0.03956        5.54744        0.04075        0.64935        1.13569        2.41337        0.00147        0.00381        0.00489      300.00000       49.69193
    6    1    1     1880.89869     1535.55307      648.50820        4.46171      117.73291        0.01693        0.06811        1.18412       20.80000        0.04189        0.55040        1.18416        3.84296        0.00368        0.00594       -0.00005        1.23985      123.31234        0.01856        0.07277       14.08593        0.07271        0.45599        1.23609        6.05500        0.00921        0.00197        0.00376      300.00000       19.69444
    7    1    1     1835.61150     3919.60412     1577.13771        6.73854      149.83515        0.02742        0.03297        0.79472       18.70000        2.71638        0.94302        0.79155       10.56577        0.02730        0.06678        0.00317        2.81777      151.16780        0.02773        0.03250       18.78779        0.52425        1.17620        2.75073       10.56523        0.02921        0.00093        0.06704      300.00000        3.61896
    8    1    1     1587.85870     1718.10491      574.68579        3.25217      105.77402        0.01366        0.11553        0.40312       33.90000        0.12093        1.34600        0.38856        9.81201        0.02322        0.00000        0.01455        1.46136      111.76053        0.01523        0.07191       44.28120        0.15129        0.29404        1.44905       10.11093        0.02471        0.00393        0.01230      300.00000       19.69345
    9    1    1     1983.75005     6266.50032     2946.29255        3.23792       73.21659        0.00655        0.05590        0.88155       23.50000        5.41266        0.89124        0.84333       11.45102        0.03111        0.02441        0.03819        2.24237       19.50759        0.00046        0.02773       35.13894        0.67162        4.27042        2.18633       18.32909        0.08751        0.00330        0.05604      300.00000      102.69289
   10    1    0      462.26531 80382571.36523 27188083.83697        4.49043       81.20669        0.00805        0.03189        0.34463       15.80000    70595.82711        1.38979        0.34476        1.25059        0.00039        0.01366       -0.00004    15195.67603        0.00000        0.00000        0.00000       91.19188        0.01722    55401.82537    15195.67603        0.00000        0.00000        0.00000        0.00000      300.00000        0.00000
   11    1    1     1284.09173  1665362.07837   565094.38722        0.58049       15.95411        0.00031        0.09194        0.50106       15.20000     1509.93382        1.23536        0.49921       20.96215        0.10771        0.00721        0.00190     1317.48333       34.23899        0.00143        0.07974       32.81722        0.01912      194.21723     1317.48174       16.73134        0.07005        0.00627        0.00159      300.00000      153.10628
   12    1    1     2195.64272     1626.92309      579.05225        0.72430       18.20104        0.00040        0.07672        1.18075        6.10000        0.06883        0.55416        1.18040        7.71345        0.01484        0.02071        0.00034        0.66420       11.12634        0.00015        0.01854        5.85213        0.11979        1.03601        0.64380       17.43940        0.07770        0.00002        0.02039      300.00000      148.92249
   13    1    1     1732.63800     7208.41285     2618.65408        4.44521      132.79625        0.02154        0.08746        0.93261       38.70000        6.32589        0.80307        0.93149       13.91000        0.04752        0.00547        0.00117        5.66348      126.07019        0.01939        0.08057       39.05480        0.88035        1.52233        5.65931       14.94721        0.05617        0.00127        0.00417      300.00000       17.37182
   14    1    1     3061.49649     1633.89234      726.83207        0.61161        5.09977        0.00003        0.00846        0.76539        6.10000        0.01193        0.96968        0.76489       16.35570        0.06582        0.00772        0.00056        0.15177       26.26621        0.00084        0.04388       17.68249        0.11398        1.49372        0.15205        8.09732        0.01618        0.00868       -0.00029      300.00000      151.25755
   15    1    1     1815.81210    18328.40013     9241.72101        7.23276      147.59977        0.02661        0.02425        0.59436       23.90000       19.96168        1.14120        0.59337        4.63636        0.00537        0.00804        0.00088       15.00477      148.03115        0.02675        0.02411       23.89820        0.13040        6.56681       14.99906        4.64939        0.00545        0.00326        0.00570      300.00000        0.60395
   16    1    1     3385.96277     1943.71682      471.74350        0.29914        3.80617        0.00002        0.01975        0.66571       24.60000        0.52891        1.06869        0.66587       13.92842        0.04786        0.02562       -0.00011        1.25693       12.34945        0.00019        0.00816       25.63409        0.46139        0.56833        1.23391       15.39421        0.05678        0.00479        0.02302      300.00000      159.29339
   17    1    1     2210.00425     3176.87772     1214.11318        5.20831      114.28370        0.01595        0.04285        1.46348       24.00000        2.11805        0.27811        1.45645        3.17168        0.00245        0.00036        0.00702        1.68645      121.07320        0.01781        0.04552       22.16751        0.58418        1.57856        1.68556        3.02716        0.00225        0.00649        0.00089      300.00000       14.23079
   18    1    1     5124.40062     2361.69113      916.00211        2.90808       24.54241        0.00074        0.00796        0.94141        9.10000        1.02595        0.79625        0.93831       12.98760        0.04233        0.00670        0.00311        0.27815       34.04970        0.00141        0.02770       10.57661        0.92662        1.55973        0.26599       10.69999        0.02768        0.00005        0.01215      300.00000       42.09902
   19    1    1     3883.31412     1481.05957      685.68883        4.12944       59.60690        0.00434        0.02111        0.60390       21.00000        0.02641        1.14735        0.58721        2.61241        0.00164        0.01089        0.01670        0.55585       76.43603        0.00711        0.01797        8.70843        0.00435        1.21024        0.53060        8.84577        0.01872        0.00140        0.02526      300.00000       76.80771
   20    1    1     3462.08333     2790.46439     1072.41192        4.88293       95.47309        0.01113        0.03556        1.29542       17.90000        1.60153        0.47330        1.26126        2.13312        0.00117        0.01381        0.03415        0.87547       77.88344        0.00739        0.01755       24.61801        1.69541        0.81471        0.84042        5.75029        0.00853        0.01287        0.03505      300.00000       64.70704
   21    1    1     1342.66078     3508.19110     1404.49091        0.85512       22.69112        0.00063        0.08537        1.49855       12.40000        2.01913        0.25223        1.48233       18.86176        0.08569        0.00198        0.01622        0.81846       51.33859        0.00320        0.11520       47.81702        2.42139        0.55207        0.81893        8.65603        0.01858        0.01467       -0.00047      300.00000      134.70907
   22    1    1     1146.82913     1695.52591      707.43754        8.22328      219.78667        0.05900        0.02825        1.43835       12.10000        0.07941        0.30703        1.42754        8.82214        0.01884        0.00000        0.01090        0.53230      219.68684        0.05894        0.02843       11.94235        0.14860        1.14353        0.52165        8.82262        0.01885        0.00023        0.01065      300.00000        0.14412
   23    1    1     2234.08496     1541.27458      628.27539        0.33790        5.34815        0.00003        0.03056        1.03467       14.70000        0.01718        0.70595        1.02861       10.29161        0.02578        0.00307        0.00609        1.07194       29.48334        0.00106        0.04360       10.48593        0.12338        0.53171        1.06771       12.77090        0.04101        0.00457        0.00423      300.00000      163.97335
   24    1    1     3590.71562     1661.62941      741.78414        0.07309        1.32363        0.00000        0.04006        1.05330       17.10000        0.12369        0.70595        1.02861        7.53051        0.01453        0.00474        0.02476        0.08603        7.49493        0.00007        0.00387       17.69303        0.01670        1.77465        0.08647       11.18054        0.03092        0.03004       -0.00044      300.00000      159.50080
   25    1    1     8155.52816     3547.54159     1574.01129        2.66063       45.76828        0.00256        0.03358        0.30668       20.00000        2.33557        1.44021        0.29435       17.11283        0.07078        0.00239        0.01238        1.58408       28.09289        0.00096        0.00176       20.05280        0.66729        1.87909        1.57003       15.58025        0.05858        0.00001        0.01405      300.00000       51.09193
   26    1    1     2063.97049     2425.67533      877.09078        2.75280       49.39184        0.00298        0.03634        0.97509       14.50000        1.09168        0.78616        0.94840       10.88674        0.02832        0.00613        0.02675        1.97104       43.01885        0.00225        0.03282       14.99068        0.13111        0.75225        1.94191       11.84920        0.03608        0.00116        0.02912      300.00000       97.55539
   27    1    1     2860.29417     1838.95063      880.52471        2.52112       38.34665        0.00180        0.02646        0.72319       16.30000        0.05407        1.01123        0.72333       17.06767        0.07247        0.00133       -0.00022        0.08993       62.46671        0.00476        0.01928       33.53302        0.44168        1.30735        0.09045       10.14619        0.02548        0.00213       -0.00052      300.00000       46.54055
   28    1    1     1387.76936    24306.49428    10324.60072        7.06118      196.89321        0.04735        0.04761        0.17062        6.60000       24.77955        1.56344        0.17112       21.34540        0.11264        0.01649       -0.00043       25.60279      195.80206        0.04658        0.04847        6.42818        0.00741        0.91378       25.59277       21.34508        0.11538        0.00331        0.01003      300.00000        1.14138
   29    1    1     4536.00692     4376.67643     2027.76859        1.30764       23.63032        0.00068        0.03920        1.40359        8.90000        3.25687        0.34037        1.39420       12.74324        0.04110        0.02229        0.00947        4.77265        9.33627        0.00011        0.01932       25.40316        0.03003        0.23201        4.76815       10.02005        0.02450        0.02548        0.00450      300.00000      117.33694
   30    1    1     2582.56305     1921.33050      874.05698        2.76278       48.49683        0.00287        0.03476        0.34996       18.90000        0.50420        1.38435        0.35021        7.50820        0.01392        0.00649       -0.00026        1.58868       50.35732        0.00309        0.02187        8.63192        0.01286        0.63193        1.58559       11.93301        0.03482        0.00331        0.00309      300.00000       56.33810
   31    1    1      976.72795     6856.91261     3099.68111        7.89471      267.67849        0.08751        0.05290        1.09616       14.30000        6.33974        0.66497        1.06960        6.44306        0.00992        0.00200        0.02651        3.34683      267.70628        0.08712        0.05331       14.27121        0.34863        4.40695        3.31870        6.44214        0.00991        0.00045        0.02813      300.00000        0.20005
   32    1    1     1551.14559     2493.37806      538.89757        3.57112      106.48994        0.01385        0.09475        0.86167       19.30000        1.14864        0.87410        0.86046        4.77530        0.00560        0.00029        0.00120        1.23982       83.78086        0.00854        0.05756       23.16791        0.84602        0.80356        1.23872       13.17896        0.04340        0.00000        0.00110      300.00000       53.93624
   33    1    1     4308.55765     4785.05094     2313.64145        4.99661       38.59362        0.00182        0.00547        0.53087        4.60000        3.33123        1.22660        0.50797       21.46566        0.11041        0.00135        0.02288        2.16449       28.83127        0.00101        0.00783        7.24803        0.01766        2.88547        2.15810       21.66980        0.11426        0.01699        0.00639      300.00000       66.22228
   34    1    1     2250.82274     1474.22179      612.67167        5.32668      118.22013        0.01707        0.04309        1.60344        9.40000        0.00381        0.13281        1.60176        1.38353        0.00047        0.00019        0.00177        0.20370      118.38918        0.01710        0.03888       12.79228        0.00923        1.52993        0.20307        1.79478        0.00079        0.00125        0.00063      300.00000       19.99900
   35    1    1     1733.19643     2586.54123     1091.34238        5.77716      155.67946        0.02960        0.05909        0.49489       20.70000        1.08200        1.24053        0.49404       10.64137        0.02828        0.00448        0.00081        1.05720      154.83274        0.02922        0.05739       21.64215        0.48610        1.28111        1.05146       10.63939        0.02757        0.00028        0.00574      300.00000       10.18172
   36    1    1     1530.15295     1687.90533      611.06338        1.99579       59.26968        0.00429        0.10342        0.74597       22.50000        0.02553        1.01433        0.72024       13.04766        0.04071        0.00140        0.02578        0.94306       54.57149        0.00361        0.06408       32.80635        0.13056        0.75468        0.92780       10.74950        0.02786        0.01181        0.01526      300.00000      103.26416
   37    1    1     1842.29075     3576.70803      728.78504        6.81485      145.34488        0.02580        0.02975        1.15903       37.80000        2.21658        0.58777        1.14680       13.66023        0.04511        0.00841        0.01226        1.55592      145.30167        0.02572        0.02978       37.81027        1.94508        0.45361        1.55249       13.66001        0.04561        0.01673        0.00344      300.00000        1.06457
   38    1    1     2974.95315     2943.46268      995.58678        6.96690       90.50825        0.01000        0.01061        0.67657       31.60000        1.72686        1.05751        0.67706        6.72430        0.01121        0.00035       -0.00049        1.20485       90.01966        0.00989        0.01084       31.52681        1.44205        0.81407        1.20508        6.76938        0.01131        0.00011       -0.00023      300.00000        0.99344
   39    1    1     3012.93804     2612.98983      346.71689        4.63903       90.15680        0.00993        0.03620        1.15927       34.50000        1.26512        0.61251        1.12205        3.77889        0.00339        0.00811        0.03721        1.61983       87.79872        0.00940        0.02388       37.09483        0.90971        0.51871        1.58109        5.16739        0.00690        0.00610        0.03874      300.00000       48.44813
   40    1    1     1253.64710  3060713.04879   968551.63277        6.80618      216.15948        0.05707        0.06612        1.62185       31.10000     2663.18567        0.11434        1.62022        3.91717        0.00384        0.00495        0.00166      249.89044      216.31265        0.05713        0.06621       31.29711        0.10034     2414.92989      249.89084        4.05803        0.00407        0.00700       -0.00039      300.00000        1.10828
   41    1    1    14113.04158    16290.26713     7019.00375        0.04918        0.42330        0.00000        0.00905        0.86341       21.40000       17.04079        0.87550        0.85906        5.46419        0.00729        0.00825        0.00426        5.66799        8.03052        0.00008        0.00636       31.79596        0.57108       12.51993        5.66798        9.59717        0.02271        0.01620        0.00001      300.00000       68.50723
   42    1    1     1832.74706     5634.21616     2646.35642        0.63002       16.05125        0.00031        0.07896        0.56766       25.20000        4.54156        1.20631        0.52826        5.74193        0.00852        0.00574        0.03942        2.71456       46.21670        0.00260        0.04148       40.67094        0.66314        2.94001        2.70485        6.11656        0.00907        0.03822        0.00971      300.00000      118.71197
   43    1    1     9696.06312     1729.09488      732.74993        3.79894       36.64931        0.00164        0.00973        1.51464       15.80000        0.12783        0.24216        1.49240       16.44087        0.06915        0.00203        0.02224        0.52959       32.91444        0.00132        0.00776       29.09814        0.54297        0.85730        0.50232       10.74893        0.02760        0.00066        0.02728      300.00000       78.43123
   44    1    1     1663.06953     6719.61541     3206.96944        8.80591      134.17497        0.02199        0.00637        1.12819       29.20000        5.86599        0.61418        1.12039        4.52327        0.00517        0.01476        0.00777        0.64933      134.27652        0.02198        0.00643       29.20583        1.74575        5.20612        0.64870        4.52195        0.00503        0.02202        0.00062      300.00000        0.60543
   45    1    1     2246.08421     4425.09690     2324.91960        1.93279       28.41330        0.00099        0.02541        0.03181       10.00000        3.79425        1.70678        0.02778        1.27177        0.00041        0.00005        0.00398        1.14635       28.35747        0.00098        0.02593        9.95389        0.10054        4.28117        1.14640        1.47807        0.00054        0.00414       -0.00004      300.00000      123.88783
   46    1    1     2292.70351     2136.76044      743.54151        3.08127       67.38229        0.00555        0.05286        0.37268       29.20000        0.71874        1.37660        0.35796        7.58138        0.01386        0.03515        0.01474        1.57204       39.56156        0.00191        0.02495       12.99902        0.19371        0.65179        1.57253       17.63526        0.07718        0.05385       -0.00049      300.00000       74.49677
   47    1    1     1553.84392    18399.44318     8571.26530        3.18283       67.58515        0.00558        0.04949        0.07336       46.20000       18.96125        1.66246        0.07210        8.91282        0.01986        0.00285        0.00131       10.50543       67.66026        0.00556        0.10009       31.10374        0.05564       10.07458       10.49890       11.48378        0.03208        0.00147        0.00654      300.00000       83.66037
   48    1    1     1672.93831     3885.03663     1372.71215        8.19107      151.76320        0.02813        0.01380        1.27200       39.00000        2.76380        0.46199        1.27257       12.16347        0.03665        0.00100       -0.00049        2.10792      151.92625        0.02814        0.01364       39.02426        1.14634        1.24404        2.10808       12.16371        0.03681        0.00049       -0.00017      300.00000        0.24690
   49    1    1     4850.97527     5749.78720     2398.13966        2.67593       29.77430        0.00108        0.01404        1.11330       14.60000        5.30321        0.62074        1.11383       10.24796        0.02604        0.02021       -0.00051        3.89764       18.59535        0.00042        0.01574       15.56129        0.61877        2.52200        3.87684       13.12807        0.04405        0.00003        0.02080      300.00000       90.44976
   50    1    1     1605.60219    10532.66454     4804.84943        4.19843       92.83147        0.01053        0.04919        1.28713       24.90000       10.82148        0.44888        1.28568        9.34207        0.02183        0.02876        0.00142        0.76107      100.91633        0.01241        0.07369       16.56351        0.71129       11.09686        0.72430        7.04296        0.01178        0.00070        0.03677      300.00000       53.45627
   51    1    1     1919.25244     2689.56431     1062.28617        6.21553      141.07089        0.02431        0.03861        0.28070       29.90000        1.39708        1.47470        0.25986        7.83218        0.01568        0.01050        0.02079        1.88613      140.00941        0.02394        0.04019       29.48709        0.10677        1.14472        1.87897        7.83444        0.01492        0.02492        0.00717      300.00000        4.30513
   52    1    1     1579.52548     2025.61464      535.94068        2.01869       47.41026        0.00275        0.06462        1.18359       32.70000        0.59022        0.55040        1.18416        1.88808        0.00088        0.02755       -0.00051        1.63026       49.93166        0.00302        0.09743       16.99033        0.54642        0.11082        1.63072        3.65756        0.00331        0.02875       -0.00046      300.00000      102.09340
   53    1    1     2951.11720     1658.24444      717.04851        1.02205       14.35688        0.00025        0.02385        0.77578        8.40000        0.14044        0.96390        0.77066        2.45377        0.00147        0.01212        0.00508        1.24199       14.97363        0.00027        0.01292       13.46217        0.29620        0.31811        1.22858       13.52433        0.04647        0.00185        0.01341      300.00000      167.02442
   54    1    1     1402.47657   411676.12939   164900.48819        0.11418        1.76889        0.00000        0.02931        1.43497       38.90000      403.02816        0.32057        1.41399        5.74418        0.00843        0.00032        0.02102       64.81300       28.57638        0.00100        0.40224       21.54315        0.01543      339.58404       64.79177        3.12991        0.00250        0.00363        0.02123      300.00000      172.90724
   55    1    1     1825.18850     1604.07182      534.47240        5.85718      148.71866        0.02701        0.05173        0.92248        7.80000        0.12523        0.81270        0.92186        5.80645        0.00829        0.01433        0.00060        0.87274      149.80455        0.02728        0.05177        7.74091        0.20400        0.79218        0.86346        5.70318        0.00789        0.00593        0.00928      300.00000       10.20298
   56    1    1     1812.63019     4754.88140     2189.54316        4.05699      109.81185        0.01473        0.07475        0.40050       15.80000        3.78647        1.33531        0.39925        6.84922        0.01173        0.03064        0.00126        3.32332      104.34364        0.01324        0.06516       15.16380        0.14609        2.06722        3.31680        7.16776        0.01250        0.02661        0.00652      300.00000        6.14999
   57    1    1     2325.72912     1468.12115      574.96488        5.54838      126.37973        0.01951        0.04386        0.92313        1.80000        0.01320        0.81270        0.92186        4.12835        0.00418        0.00003        0.00127        1.22091      121.22555        0.01791        0.04305        6.94502        0.02681        0.50222        1.22088        4.17458        0.00434        0.00138        0.00003      300.00000       32.45343
   58    1    1     3983.87045    19246.93757     8132.71846        2.52985       38.10809        0.00177        0.02594        0.89066       19.90000       20.56977        0.84727        0.88730        7.41151        0.01379        0.00048        0.00342       20.62261       50.88737        0.00316        0.00695       25.89575        0.16957        1.53616       20.61886        6.79622        0.01128        0.00000        0.00375      300.00000       26.89974
   59    1    1     4368.77277     1469.30607      597.71059        7.91763       61.87036        0.00468        0.00278        0.55382        6.70000        0.06742        1.18015        0.55442        5.51780        0.00754        0.00766       -0.00052        0.71232       63.19185        0.00487        0.00320        5.66885        0.02703        1.06618        0.70813        5.51679        0.00743        0.00303        0.00419      300.00000        4.48974
   60    1    1     1895.39458     1982.81006      641.73727        5.60463      135.84043        0.02254        0.04921        0.76153       10.10000        0.59167        0.97406        0.76051        3.22939        0.00256        0.04223        0.00100        1.24561      135.63830        0.02240        0.05089        9.74837        0.27217        0.84719        1.20650        2.37618        0.00134        0.00419        0.03910      300.00000        5.45345
   61    1    1     4255.90877     2043.01719      895.21562        3.10077       41.52307        0.00211        0.01980        1.04960       15.30000        0.46987        0.68493        1.04963       19.09263        0.09075        0.00037       -0.00002        1.48352       63.17118        0.00487        0.01029       21.00863        0.07934        0.65013        1.48327       18.89762        0.08900        0.00027        0.00025      300.00000       38.82916
   62    1    1     1811.51788     1512.92777      601.20742        1.10409       23.62095        0.00068        0.05522        0.80886        7.80000        0.02496        0.92731        0.80725        9.08791        0.02067        0.03374        0.00170        0.33400       17.37396        0.00037        0.05067       20.39206        0.12637        1.34421        0.30373        5.87524        0.00823        0.00761        0.03027      300.00000      138.51647
   63    1    1      720.68373     3686.10169     1657.12140        8.34931      343.39953        0.14402        0.06258        0.30692       28.30000        2.05111        1.42921        0.30536        7.79374        0.01490        0.00030        0.00153        3.34144      343.25743        0.14372        0.06258       28.42602        0.09823        0.34672        3.34109        7.79568        0.01496        0.00139        0.00034      300.00000        0.14362
   64    1    1     3285.47493    16144.99620     7002.25469        5.38759       76.70724        0.00719        0.01757        0.46122       41.70000       16.58421        1.27708        0.45748       12.70982        0.04058        0.00014        0.00367       13.91413       59.40286        0.00430        0.04726       33.99047        0.23151        4.15585       13.91098       11.56956        0.03360        0.00134        0.00315      300.00000       28.98164
   65    1    1     5140.38194   223550.60828    90621.65869        2.56762       42.89397        0.00225        0.03184        0.66659        6.70000      223.70152        1.07369        0.66088       21.15660        0.10901        0.00318        0.00572       20.20219       54.70676        0.00365        0.05295        8.80091      113.84642       91.37024       20.09373       21.20830        0.10355        0.00922        0.10847      300.00000       20.04441
   66    1    1     2117.39668     2432.42166      988.12045        4.07183       83.00321        0.00841        0.04234        0.61756       19.90000        0.92421        1.15869        0.57588       13.90871        0.04581        0.01092        0.04164        0.86658       57.94470        0.00410        0.04991       24.45102        0.04852        1.75642        0.86472       11.41808        0.03196        0.05045        0.00186      300.00000       37.29038
   67    1    1     2101.58561     7205.26077     2705.44818        2.29417       36.24146        0.00160        0.02887        1.16434       25.50000        6.89863        0.57075        1.16382       10.54047        0.02772        0.00006        0.00057        4.93991       32.03053        0.00125        0.05681       21.60950        0.35995        3.29975        4.93974       11.75860        0.03406        0.00024        0.00017      300.00000      110.11048
   68    1    1     2043.42372     1624.71330      582.36249        1.69100       39.24427        0.00188        0.06390        0.17489       15.60000        0.13701        1.56281        0.17176       13.85166        0.04815        0.00613        0.00306        0.95941       30.39879        0.00113        0.02861       40.65003        0.19573        0.79410        0.95186        7.43431        0.01343        0.00236        0.00755      300.00000      121.00903
   69    1    1     1621.07717     1643.17510      685.25772        8.55574      146.91985        0.02636        0.00965        1.26944       17.50000        0.02826        0.46896        1.26561       17.02408        0.07079        0.00178        0.00372        1.39475      146.81822        0.02630        0.00938       17.73184        0.03071        0.33999        1.39256       17.02379        0.07262        0.00149        0.00220      300.00000        0.08637
   70    1    1     3168.28157    10151.20188     4670.35111        1.67630       17.72102        0.00038        0.01327        0.13974       17.10000       10.13713        1.59942        0.13515        5.27966        0.00701        0.00170        0.00461        0.44312       19.61216        0.00047        0.01078       15.12080        1.71249        9.71003        0.44080        6.93805        0.01179        0.00999        0.00232      300.00000      124.35983
   71    1    1     1535.23840    24093.38515    11307.82544        2.27153       73.48406        0.00660        0.12122        0.24842       18.80000       24.65820        1.49649        0.23808        8.88926        0.02002        0.01875        0.01031        6.88987       95.76074        0.01120        0.05593       34.67107        0.05371       19.49699        6.86858       14.86582        0.05302        0.00900        0.02129      300.00000       57.57003
   72    1    1     1647.88573    18093.71434     8107.59395        1.33806       27.91559        0.00095        0.05221        0.10778       15.70000       19.55996        1.67099        0.06358       10.46393        0.02837        0.00043        0.04421        3.97205       33.17543        0.00134        0.08018       12.61051        0.06825       17.23109        3.96741       10.49475        0.02771        0.04005        0.00464      300.00000      129.61959
   73    1    1     1848.84134     2345.11589     1096.21866        5.83524      143.47136        0.02514        0.04869        0.13579       34.20000        0.79388        1.65244        0.08212        0.34583        0.00003        0.00039        0.05369        1.13104      143.06732        0.02483        0.04971       33.98206        0.29359        1.13932        1.09489        0.18684        0.00001        0.01787        0.03615      300.00000        6.55105
   74    1    1     1592.93374    17090.85861     7303.17782        0.76989       20.68727        0.00052        0.08766        0.49010       28.20000       17.17217        1.25781        0.47676        8.13543        0.01598        0.00097        0.01340        6.91182       41.65553        0.00211        0.03756       31.00164        0.07363       11.87966        6.91055       21.15461        0.11188        0.00856        0.00127      300.00000      144.08418
   75    1    1     3838.18454     1788.14061      628.56517        7.41996       70.74818        0.00611        0.00499        1.20231       24.70000        0.20511        0.53715        1.19741       18.01373        0.08167        0.07527        0.00493        0.95426       70.59067        0.00608        0.00500       24.72188        0.12033        0.90150        0.91790       18.01417        0.08374        0.04172        0.03636      300.00000        1.14363
   76    1    1     1600.66796   323463.11597   129101.93907        2.56769       57.64856        0.00406        0.05750        1.06832       14.00000      318.91828        0.67199        1.06257        9.71752        0.02300        0.01682        0.00570      152.25790       70.63372        0.00609        0.07371       12.60575        0.17733      168.17193      152.23972       17.26105        0.07165        0.00133        0.01818      300.00000       86.53423
   77    1    1     1235.21889     1598.04051      628.80384        7.72944      215.98168        0.05697        0.03839        1.51986        9.90000        0.05850        0.21468        1.51989       14.97807        0.05585        0.01503       -0.00004        0.88676      216.18281        0.05691        0.03826       10.13988        0.39334        0.51595        0.88401       14.97774        0.05489        0.01317        0.00275      300.00000        0.88258
   78    1    1     3689.21101     1929.75770      829.39544        5.27211       57.44616        0.00403        0.01047        0.32096        9.30000        0.45889        1.42527        0.30929       14.86864        0.05347        0.00280        0.01162        1.72053       59.71955        0.00434        0.01886       13.44340        0.07773        0.40081        1.71834       13.09856        0.04299        0.01062        0.00219      300.00000        7.57425
   79    1    1     1388.46219     6029.37659     2860.42377        3.79885      140.36546        0.02406        0.14268        0.90368        9.20000        4.79459        0.83533        0.89924        6.08462        0.00931        0.00536        0.00442        3.56399      114.11770        0.01586        0.08686       32.72024        0.10538        2.91186        3.55579       10.86547        0.02984        0.00123        0.00819      300.00000       24.69438
   80    1    1     4458.35968     2063.36770     1028.01540        7.08336       61.62007        0.00464        0.00461        0.40733       17.20000        0.35002        1.33033        0.40424       14.65115        0.05250        0.02769        0.00310        0.07404       62.11949        0.00471        0.00520       16.89136        0.09808        1.93333        0.05260       14.65138        0.05489        0.00686        0.02144      300.00000        2.47294
   81    1    1     1709.30904     1800.83374      592.19768        3.86576      102.36499        0.01280        0.07284        1.48658       10.80000        0.38827        0.24815        1.48641        7.31533        0.01333        0.00432        0.00011        0.66414       93.62119        0.01063        0.05588       14.07886        0.16679        1.30119        0.65935       10.57978        0.02730        0.00036        0.00479      300.00000       33.19359
   82    1    1     1832.56951     6314.48506     2371.30199        7.21691      147.01738        0.02640        0.02429        1.37135       30.70000        5.85690        0.36362        1.37095       11.90111        0.03486        0.00376        0.00041        2.06766      146.30707        0.02610        0.02494       30.57315        0.92786        4.59849        2.06471       11.90230        0.03555        0.00057        0.00295      300.00000        0.25809
   83    1    1     2123.28290    24970.84256    10652.86659        6.59917      127.10192        0.01973        0.02558        0.08882       22.50000       25.24189        1.67802        0.05654       23.57495        0.13234        0.02404        0.03225        0.47385      128.44068        0.02013        0.02544       22.37644        0.56428       25.93849        0.47350       23.56932        0.13677        0.05143        0.00036      300.00000        1.40352
   84    1    1     2390.54096     1558.86445      682.73582        3.25290       77.53021        0.00734        0.06204        0.54309        9.20000        0.12956        1.19100        0.54357        2.83856        0.00199        0.01300       -0.00037        0.29519       51.13498        0.00319        0.01939       29.70053        0.07093        1.54922        0.28884        2.60576        0.00171        0.00840        0.00636      300.00000       43.45030
   85    1    1     4959.01509     1756.05095      676.72847        1.49327       22.92055        0.00064        0.02813        1.36878       22.20000        0.30586        0.36592        1.36864        3.26111        0.00265        0.00070        0.00021        1.33935       21.30923        0.00055        0.00220       21.57836        0.10487        0.62169        1.33939        3.60985        0.00321        0.00081       -0.00004      300.00000       89.94162
   86    1    1     3616.68627     7343.01940     3357.02926        1.07727       23.96551        0.00070        0.05974        0.26308       25.20000        6.82836        1.47648        0.25809        8.65665        0.01886        0.02138        0.00502        8.06672       15.23965        0.00028        0.02892       38.29612        0.34356        0.21077        8.04510        7.85970        0.01580        0.00256        0.02162      300.00000      137.23306
   87    1    1     2061.05463     1548.92018      680.02789        7.24750      133.53516        0.02178        0.01968        1.43931        5.50000        0.00289        0.30188        1.43268       12.67559        0.03908        0.00298        0.00674        0.92652      134.43938        0.02202        0.01983        4.77668        0.00727        0.80541        0.92439       12.67521        0.04025        0.00629        0.00214      300.00000        3.16215
   88    1    1     1959.20847     1676.19316      642.49067        1.20646       27.58895        0.00093        0.06294        0.33560        8.50000        0.01522        1.41439        0.32017       18.46223        0.08216        0.00019        0.01536        1.07234       45.51193        0.00253        0.03363       25.54471        0.04098        0.66138        1.06188       20.36247        0.10040        0.00015        0.01046      300.00000      122.40841
   89    1    0      352.70981171993944.27799 59931381.61631        3.90381       43.31831        0.00229        0.01275        1.36310       17.50000   153076.99722        0.42593        1.30872        8.97360        0.01895        0.01401        0.05432    39159.08658        0.00000        0.00000        0.00000       38.72526        0.00227   113919.73531    39159.08658        0.00000        0.00000        0.00000        0.00000      300.00000        0.00000
   90    1    1     2508.59761     1654.77542      561.46349        6.40017      109.22374        0.01457        0.02100        1.48740       40.80000        0.27573        0.24686        1.48771        3.62152        0.00324        0.00014       -0.00032        1.47556      108.82091        0.01444        0.02097       40.83240        0.30818        0.22643        1.47582        3.62212        0.00326        0.00010       -0.00026      300.00000        4.70557
   91    1    1     3469.88194     1633.11999      569.56923        1.91573       38.04322        0.00177        0.04640        1.47515        8.40000        0.27864        0.26102        1.47354        2.83768        0.00198        0.00180        0.00167        1.42682       46.19216        0.00260        0.00735       26.97853        0.34061        0.27983        1.42303        6.11759        0.00914        0.00040        0.00379      300.00000       55.69387
   92    1    1     1800.12304     5433.03821     1880.38905        2.46223       45.19801        0.00250        0.03866        1.57169       39.40000        4.75502        0.17203        1.56253        7.59439        0.01399        0.00034        0.00917        1.40989       31.33394        0.00120        0.05534       37.17350        2.16318        2.91464        1.40593        4.02515        0.00396        0.00601        0.00396      300.00000      120.52948
   93    1    1     1064.90756     1698.50412      606.03987        8.47457      226.47527        0.06264        0.02458        1.18949       22.90000        0.03050        0.54553        1.18903       21.08540        0.11089        0.02532        0.00039        0.77855      226.35049        0.06256        0.02448       23.00552        0.22916        0.75851        0.77764       21.08555        0.10925        0.02645        0.00091      300.00000        0.40923
   94    1    1     1068.75245     1729.49005      700.81257        8.02302      243.38789        0.07235        0.04005        1.46147       21.10000        0.10430        0.28469        1.44988        5.40229        0.00706        0.00002        0.01154        1.31708      243.54339        0.07198        0.04028       21.17937        0.10549        0.42768        1.30586        5.40681        0.00741        0.00001        0.01122      300.00000        0.36767
   95    1    1     1720.29239    39332.53237    16371.89254        1.40521       31.86001        0.00124        0.06154        0.27968       12.20000       40.09253        1.47981        0.25475       13.34553        0.04565        0.00215        0.02494        8.46111       22.49782        0.00062        0.06094       13.10807        0.24793       33.08974        8.46072       16.85927        0.07089        0.03134        0.00039      300.00000      139.08500
   96    1    1     1211.38753     1579.98640      596.02630        8.70923      190.09222        0.04413        0.01405        1.34599       34.60000        0.08001        0.41457        1.31999        0.61882        0.00010        0.04412        0.02600        1.27293      190.12208        0.04413        0.01394       34.61293        0.06156        0.47965        1.27341        0.61947        0.00010        0.07067       -0.00048      300.00000        0.05712
   97    1    1     3359.07278     3263.64753     1245.57929        5.34226       78.48435        0.00752        0.01884        0.64019       24.80000        2.04182        1.09771        0.63686        4.66025        0.00531        0.00056        0.00340        1.98590       65.33911        0.00520        0.02092       20.78653        0.58789        1.19821        1.98412        6.88443        0.01186        0.00195        0.00179      300.00000       32.87853
   98    1    1     1825.90636     2580.95929     1028.26150        7.89199      145.91315        0.02600        0.01575        0.45916       18.70000        1.22651        1.27499        0.45958        8.35236        0.01733        0.01122       -0.00040        0.48669      145.73222        0.02584        0.01573       18.81484        1.74009        0.73498        0.48625        8.35299        0.01717        0.01047        0.00045      300.00000        1.71554
   99    1    1     3531.02693     3800.37212     1689.75371        5.19529       72.20774        0.00637        0.01722        1.53021       14.20000        2.74485        0.22082        1.51375       14.53146        0.05379        0.00138        0.01641        1.82695       96.50339        0.01135        0.02929       23.59166        0.03992        2.65550        1.80942        5.97772        0.00911        0.00253        0.01753      300.00000       81.70908
  100    1    1     1150.33413     1675.32479      619.32211        8.84237      193.55244        0.04575        0.01276        1.39157        6.90000        0.12805        0.34948        1.38509       11.40999        0.03284        0.01113        0.00645        1.11645      193.71400        0.04580        0.01274        6.95982        0.17807        0.58459        1.10000       11.41040        0.03317        0.00078        0.01645      300.00000        0.07133
