    1    1    1     3851.47684     1790.15003      621.81143        0.64074        9.44461        0.00011        0.02643        1.12201       12.20000        0.30665        0.61211        1.12246       12.68561        0.03993        0.00639   -33197.38434        0.85668       40.47248        0.00200        0.01131       25.89293        0.70944        0.50597        0.85321       10.21430        0.02549        0.00273        0.00347      300.00000       94.63337
    2    1    1     2771.07553     1823.94185      637.31459        5.41831      101.51789        0.01259        0.03029        0.88537       12.50000        0.39658        0.86081        0.87376       15.29525        0.05659        0.00592        0.01154        0.33020      105.37411        0.01354        0.03143       10.06592        0.28313        1.52975        0.31559       15.36914        0.06008        0.00001        0.01461      300.00000       36.87646
    3    1    1     2296.83008     2799.14395     1051.73236        4.10888       80.64598        0.00794        0.03911        0.92526       22.60000        1.30078        0.85940        0.87516       13.04094        0.04418        0.01153        0.05018        1.67823       79.38193        0.00767        0.03667       25.37245        0.74796        0.61392        1.67854       12.65005        0.03978        0.06399       -0.00032      300.00000       11.08461
    4    1    1     4096.39330     2009.95799      843.46356        6.77956       67.70562        0.00560        0.00658        0.76149       21.50000        0.71128        1.00428        0.73029       11.62247        0.03475        0.00251        0.03119        1.18479       68.04963        0.00565        0.00694       21.34595        0.05958        1.21305        1.17287       11.62136        0.03427        0.02222        0.01192      300.00000        4.49331
    5    1    1     1629.03993     6129.45343     3003.06979        8.04431      156.76651        0.03002        0.01637        0.25281        6.50000        5.41425        1.48136        0.25321       11.87187        0.03501        0.00019       -0.00046        5.56531      156.99264        0.03008        0.01649        6.15840        0.11041        1.47247        5.56573       11.87139        0.03499        0.00026       -0.00042      300.00000        0.82158
    6    1    1     2626.80385    96412.02958    41724.79849        7.26986      101.36171        0.01255        0.01119        0.26822       15.10000      100.13697        1.47612        0.25844       11.76895        0.03507        0.00016        0.00986       78.33234      101.19467        0.01250        0.01136       14.73423        0.02830       23.51645       78.32655       11.76944        0.03373        0.00555        0.00578      300.00000        1.44601
    7    1    1     3656.93733     1874.48797      718.23174        6.39759       78.63082        0.00755        0.01090        1.02964       19.80000        0.42452        0.74313        0.99144       17.03509        0.06886        0.00474        0.03818        0.73472       79.71051        0.00774        0.01051       19.90754        0.08201        1.36952        0.70778       17.03120        0.07444        0.01040        0.02693      300.00000       12.91374
    8    1    1     3758.25165     1651.29277      717.42154        1.66440       23.84679        0.00069        0.02438        1.42429       18.90000        0.07863        0.32167        1.41290       10.78312        0.02813        0.00159        0.01143        0.92583       11.01956        0.00015        0.03707       10.98197        0.14008        0.72995        0.92323       12.26405        0.03771        0.00860        0.00260      300.00000       75.79845
    9    1    1     4278.91753    16925.13231     7975.17010        6.20472       72.11210        0.00635        0.01015        0.67492       25.00000       17.56292        1.09765        0.63692        6.50184        0.01003        0.01768        0.03809        1.97253       72.00976        0.00633        0.01078       24.70358        0.31895       17.05560        1.92114        6.69073        0.01164        0.00389        0.05139      300.00000       29.45621
   10    1    1     3193.89724     3702.28080     1613.12643        1.08874       21.46641        0.00056        0.04692        0.46923       11.70000        2.62296        1.26560        0.46896        3.45120        0.00297        0.07686        0.00036        3.24042       25.13363        0.00077        0.00554       28.07275        0.38708        0.77171        3.22353        9.08752        0.01988        0.05970        0.01689      300.00000      114.05144
   11    1    1     9282.70235     3988.19717     1702.13939        4.73876       55.75531        0.00380        0.01311        1.64096       12.30000        3.11908        0.10227        1.63230        3.42592        0.00297        0.00189        0.00874        2.69867       47.77904        0.00278        0.00922       14.29846        0.21375        1.94951        2.69761        1.81412        0.00082        0.00932        0.00105      300.00000       91.16710
   12    1    1     3242.33251   513468.19876   195657.63170        0.03505        0.72939        0.00000        0.05288        0.57268       43.70000      501.29062        1.17432        0.56024        9.97455        0.02405        0.00005        0.01243       51.76588       10.33124        0.00013        0.00412       37.72645        0.10088      451.18768       51.76573       13.81355        0.04702        0.00904        0.00015      300.00000      155.39806
   13    1    1     2424.24596    66408.54503    29100.54798        2.44996       46.31731        0.00262        0.04103        0.04982       25.60000       67.73681        1.68700        0.04756       11.53022        0.03331        0.02491        0.00231       28.68422       47.89529        0.00280        0.01860       32.80018        0.16994       40.63107       28.66235       15.13478        0.05858        0.01027        0.02187      300.00000       79.88467
   14    1    1     4237.31440    83759.61921    35875.89906        5.91256       60.14180        0.00442        0.00822        0.90213       27.20000       86.09750        0.86255        0.87201       16.00143        0.06583        0.00252        0.03011       13.40048       47.59640        0.00276        0.03045       26.08108        0.23061       74.21022       13.36837       16.98471        0.06870        0.00006        0.03211      300.00000       12.67876
   15    1    1     4899.64135    70852.23797    28150.32975        1.38953       15.82436        0.00031        0.01553        1.22726       21.00000       72.83337        0.50894        1.22563        5.64377        0.00797        0.00537        0.00152       23.18613       50.86179        0.00316        0.00505       38.82717        0.42270       50.96868       23.18518        6.78177        0.01130        0.00174        0.00095      300.00000       39.99075
   16    1    1     1335.08361     1888.49038      746.24555        0.55404       14.48912        0.00026        0.08327        1.69963       42.30000        0.36439        0.05039        1.68418       14.16848        0.04838        0.00594        0.01550        0.76127       38.06052        0.00176        0.16496       16.94066        0.04318        1.20671        0.76063       14.35778        0.05145        0.02294        0.00065      300.00000      154.66017
   17    1    1     5418.40643     2280.72816      815.41729        3.68641       36.15872        0.00160        0.01015        1.09930       13.80000        1.05062        0.63983        1.09473        8.48577        0.01757        0.00037        0.00453        1.51103       51.47642        0.00323        0.02382       17.93587        0.46021        0.79953        1.50753        9.20308        0.02127        0.00034        0.00350      300.00000       37.89375
   18    1    1     1546.97395     1843.91068      843.93634        3.65893       91.24710        0.01017        0.06579        0.20044       11.40000        0.15027        1.53974        0.19482       10.21380        0.02628        0.00537        0.00553        0.36628      109.26020        0.01452        0.08345       12.10149        0.08136        1.44155        0.36110        3.95195        0.00393        0.00696        0.00518      300.00000       46.39871
   19    1    1     1069.76549     1979.09917      628.76273        0.69776       29.80095        0.00108        0.22170        1.55453       16.20000        0.15326        0.18024        1.55432        0.68667        0.00012        0.02322        0.00018        0.68686       68.47270        0.00571        0.11770       46.94208        0.70873        0.55175        0.68733       12.84842        0.04088        0.02251       -0.00047      300.00000      128.25008
   20    1    1     3456.81200     1997.60843      545.89679        1.29743       15.49321        0.00029        0.01712        1.32932       21.70000        0.55361        0.41784        1.31673       10.74132        0.02788        0.00517        0.01262        1.85031       33.09679        0.00134        0.02120       24.66675        0.36801        0.09281        1.83907        6.83314        0.01130        0.00627        0.01124      300.00000       99.27470
   21    1    1     2068.74463     1671.76074      739.44057        2.20749       42.78649        0.00224        0.04365        1.50943       26.40000        0.03610        0.22730        1.50727        9.68781        0.02351        0.00711        0.00215        1.09256       70.55347        0.00608        0.03925       20.93279        0.03209        0.63246        1.08973       12.66616        0.04024        0.00667        0.00283      300.00000       73.98548
   22    1    1     1755.87101    22592.78513    10047.10031        6.78293      152.97423        0.02858        0.03354        0.35975       26.40000       23.48465        1.39067        0.34389        8.70387        0.01825        0.00313        0.01590       21.55072      152.97333        0.02853        0.03403       26.21246        0.25104        3.43599       21.53169        8.70091        0.01819        0.00009        0.01903      300.00000        0.37990
   23    1    1     1618.50593     1694.11978      719.49836        4.43881      136.98248        0.02292        0.09340        1.69573       12.90000        0.17936        0.05918        1.67538        7.23045        0.01255        0.00441        0.02039        0.14178      128.60869        0.02013        0.08051       14.28337        0.10554        1.67722        0.13290       10.39213        0.02620        0.01618        0.00888      300.00000        5.99629
   24    1    1     1799.10135     1547.64405      617.51725        3.59417       59.46118        0.00432        0.02911        0.72326       27.80000        0.06083        1.01126        0.72330       17.31831        0.07464        0.00063       -0.00008        1.36464       18.59991        0.00042        0.07415       27.08488        0.21101        0.21642        1.36287       12.13546        0.03687        0.00054        0.00177      300.00000      121.34674
   25    1    1     3136.93402    39282.07009    16437.12309        3.17971       36.97929        0.00167        0.01485        1.00867       27.20000       41.21010        0.75651        0.97806        3.32440        0.00263        0.02426        0.03054       20.85062       39.04656        0.00186        0.01541       33.71832        0.39659       21.70991       20.84093        1.11079        0.00031        0.04400        0.00969      300.00000       77.94128
   26    1    1     3968.59986     6469.19194     2543.05566        4.27145       50.70039        0.00314        0.01407        0.79086       43.50000        5.75025        0.97183        0.76274        1.59314        0.00065        0.00864        0.02807        1.78228       62.10286        0.00471        0.01424       38.89463        2.55915        3.17046        1.74901        5.01724        0.00648        0.00209        0.03327      300.00000       20.75278
   27    1    1     5168.73832     2230.48944      732.19280        5.63389       42.11494        0.00217        0.00466        1.58250       18.30000        1.06339        0.16311        1.57146        9.09860        0.02004        0.00091        0.01103        1.77121       38.59630        0.00181        0.01379       12.58064        0.42507        0.61169        1.76124        6.81681        0.01126        0.00192        0.00997      300.00000       25.02081
   28    1    1     2405.93412     1802.35010      813.72389        6.03759      113.44404        0.01572        0.02740        1.57126       20.20000        0.24036        0.17187        1.56270        4.37748        0.00485        0.01962        0.00862        0.87528      112.23963        0.01531        0.02782       20.10396        0.37498        0.75182        0.84791        4.45456        0.00509        0.00077        0.02737      300.00000        8.45490
   29    1    1     2217.72232    19379.77492     9754.25833        0.26744        5.72271        0.00004        0.05588        0.71150       24.60000       19.48398        1.04465        0.68991        6.13484        0.00903        0.00028        0.02163       13.80959       19.10557        0.00045        0.01966       29.00878        2.24392        5.21282       13.79419        6.87567        0.01203        0.00686        0.01540      300.00000      155.88859
   30    1    1     3019.24412    29219.34998    13178.58740        5.29102       70.71408        0.00611        0.01571        0.27453       15.80000       30.76693        1.45958        0.27499        6.70235        0.01110        0.00137       -0.00039        1.78872       71.84748        0.00630        0.03754       15.04982        0.18320       30.51421        1.78868        4.52648        0.00505        0.00029        0.00004      300.00000        7.78150
   31    1    1      891.24084  4027863.52373  1302922.90642        0.81866       24.50134        0.00073        0.10867        0.06411       39.30000     3491.56890        1.73171        0.00286        7.60905        0.01358        0.00786        0.06133      355.31804       77.18530        0.00727        0.20155       50.67228        3.80612     3134.10101      355.31808        8.56279        0.01808        0.04355       -0.00004      300.00000      153.41147
   32    1    1     1588.42815     1496.01017      631.49603        6.34418      170.13287        0.03535        0.05248        1.45587        0.90000        0.00423        0.28899        1.44557        0.60512        0.00009        0.00481        0.01027        1.27193      169.67923        0.03515        0.05262        1.75995        0.00033        0.47608        1.26252        0.50791        0.00006        0.00564        0.00941      300.00000        2.85153
   33    1    1     2156.61737     1891.95290      573.27450        1.96074       35.10865        0.00151        0.03765        1.46336       35.00000        0.34433        0.27332        1.46124       16.27681        0.06636        0.00250        0.00209        1.00569       67.91771        0.00563        0.04211       21.05275        0.32226        0.71779        1.00495       19.15628        0.09160        0.00395        0.00074      300.00000       71.35766
   34    1    1     3339.83431     4400.74418     2022.71698        0.19759        5.56044        0.00004        0.09669        1.36957       16.30000        3.04126        0.39357        1.34100       10.50171        0.02632        0.02536        0.02860        1.81966       48.60832        0.00287        0.02139       48.13832        0.70094        2.32954        1.79492       14.35498        0.05281        0.02560        0.02474      300.00000       85.22882
   35    1    1     3234.95661    97564.54704    38323.77307        0.56761        3.15649        0.00001        0.00376        1.60775       19.20000       99.08838        0.17249        1.56207       10.07862        0.02400        0.01334        0.04571       12.88676       18.60023        0.00042        0.05229       21.90030        0.09277       87.80442       12.84890       13.95822        0.04624        0.02688        0.03786      300.00000      171.71889
   36    1    1     2026.14114    14601.71016     6241.92193        4.60374       96.69165        0.01142        0.04246        1.56185       21.80000       14.88838        0.17249        1.56207       10.75964        0.02858        0.01077       -0.00033        4.88164       87.39038        0.00931        0.07731        9.65860        0.56269       11.14727        4.88136       10.29688        0.02611        0.01160        0.00028      300.00000        8.32778
   37    1    1     1371.58517     1470.90782      639.85486        7.48956      194.26709        0.04609        0.03608        0.61702        5.80000        0.02880        1.12050        0.61406        7.05714        0.01218        0.00043        0.00294        1.68366      194.74282        0.04613        0.03603        5.93413        0.03318        0.04965        1.68063        7.05777        0.01218        0.00029        0.00303      300.00000        0.53646
   38    1    1     2882.18745     1754.83021      729.15380        2.82654       35.10734        0.00151        0.01734        0.47625        7.70000        0.40885        1.25794        0.47662        6.33700        0.00992        0.00516       -0.00041        1.16304       25.36539        0.00078        0.01373        4.71383        0.16609        0.81581        1.16003        8.00433        0.01608        0.00143        0.00301      300.00000      108.57713
   39    1    1     1105.88934     1735.01292      735.03410        8.06844      233.17755        0.06641        0.03560        1.25847       14.60000        0.05282        0.52538        1.20919        8.43344        0.01847        0.00509        0.04932        0.90935      233.33804        0.06618        0.03616       14.33126        0.07270        0.85901        0.85526        8.43272        0.01851        0.00033        0.05409      300.00000        0.07834
   40    1    1     2836.18525   134054.11737    53206.70725        5.72653       97.99236        0.01173        0.02404        1.28734       20.90000      134.57652        0.48200        1.25256        3.82299        0.00377        0.01661        0.03473       18.23937      101.02806        0.01245        0.02560       21.02355        0.10517      117.99553       18.20737        3.98304        0.00408        0.01984        0.03201      300.00000       20.82486
   41    1    1     1943.20443     1534.21989      608.01835        8.18365      132.04680        0.02130        0.01050        0.97127        7.10000        0.04997        0.78104        0.95353        3.21647        0.00264        0.02231        0.01776        1.16107      132.38897        0.02136        0.01042        7.17048        0.03748        0.58552        1.16159        3.21627        0.00257        0.04061       -0.00052      300.00000        1.19597
   42    1    1     1600.91216     9804.83054     4311.56784        4.36844      101.04390        0.01247        0.05287        0.61030       24.60000        9.81722        1.12906        0.60550       11.87739        0.03440        0.02209        0.00472        8.42737      104.51139        0.01328        0.11506       14.54827        0.09202        2.99917        8.42720        3.74801        0.00346        0.02804        0.00017      300.00000       38.67442
   43    1    1     1835.26361     1529.31020      654.53100        5.71062      146.26389        0.02613        0.05399        1.68580       12.20000        0.00725        0.05054        1.68402       12.26879        0.03690        0.00027        0.00188        1.26957      146.73627        0.02626        0.05221       13.26159        0.06293        0.41108        1.26920       12.29973        0.03773        0.00110        0.00037      300.00000       10.89970
   44    1    1     1339.71419     1896.64872      638.05594        5.40955      185.87143        0.04219        0.10200        0.68714       12.00000        0.32761        1.07803        0.65653       10.71614        0.02954        0.00786        0.03062        1.94404      189.26217        0.04358        0.10352        9.14934        0.10150        0.03789        1.91959       10.77187        0.02777        0.01609        0.02444      300.00000        4.27022
   45    1    1     1479.78581     1770.87837      706.67244        1.60527       60.06144        0.00441        0.16657        0.37488       26.90000        0.05039        1.35967        0.37490        2.63650        0.00173        0.00000       -0.00010        0.85042       64.87893        0.00513        0.04561       34.87759        0.07738        0.87358        0.84941       20.71959        0.10545        0.00008        0.00101      300.00000      112.23240
   46    1    1     3234.43136     9461.80383     4209.20818        3.53690       38.10789        0.00177        0.01240        1.50528       24.10000        9.46028        0.23302        1.50155        4.40256        0.00473        0.01374        0.00366        4.57571       29.51879        0.00106        0.01515       21.42005        0.37959        6.24263        4.57552        2.41492        0.00145        0.01566        0.00018      300.00000       81.29028
   47    1    1     3084.34570   401075.56772   157354.27099        5.08631       83.22847        0.00846        0.02424        1.51873       25.40000      393.38866        0.21618        1.51838        7.73869        0.01474        0.02550        0.00035       86.20096       87.93752        0.00944        0.02423       24.32534        1.06689      307.84861       86.18896       10.27014        0.02676        0.01981        0.01200      300.00000       27.48291
   48    1    1     1391.50285     1724.41699      830.39783        7.61752      192.69533        0.04535        0.03280        1.29944       12.00000        0.03869        0.43462        1.29995        6.87723        0.01174        0.05350       -0.00046        0.84553      192.86743        0.04520        0.03346       11.53788        0.06343        0.88455        0.82471        6.87668        0.01209        0.03188        0.02082      300.00000        0.58021
   49    1    1     1783.97854     1796.15000      807.48764        6.63539      150.25538        0.02757        0.03505        0.61678       12.40000        0.07740        1.12006        0.61450       17.23355        0.07442        0.00042        0.00226        1.52769      151.37036        0.02795        0.03439       12.62790        0.02530        0.25890        1.52808       17.23335        0.07340        0.00410       -0.00039      300.00000        0.49189
   50    1    1     2325.74328     6266.37816     2854.35262        0.95774       22.10369        0.00060        0.06446        0.09044       14.60000        5.83453        1.64504        0.08953        3.92889        0.00386        0.00957        0.00098        6.83692       29.23051        0.00104        0.01443       25.76877        0.30001        0.47722        6.82773        8.40968        0.01715        0.00173        0.00919      300.00000      123.61769
   51    1    1     1698.78590     5373.44903     2423.16948        8.26363      147.25536        0.02648        0.01230        0.20594        7.30000        4.47140        1.59294        0.14163       10.82533        0.03063        0.00282        0.06424        3.50722      146.81999        0.02628        0.01224        7.63084        0.08932        2.63819        3.47872       10.82566        0.02797        0.04127        0.02849      300.00000        0.44689
   52    1    1     5532.18653     2743.43996     1311.34023        2.80292       28.87387        0.00102        0.01194        1.06436        8.90000        1.60287        0.68987        1.04469        8.72585        0.01944        0.00375        0.01965        1.67280       30.34328        0.00112        0.00742       15.00337        0.01790        1.66905        1.65171        9.38789        0.02115        0.00381        0.02109      300.00000       48.66219
   53    1    1     2167.04190     1481.90370      639.19999        6.97619      126.07600        0.01941        0.02048        1.53738        1.80000        0.02161        0.25331        1.48125        8.17564        0.01571        0.00014        0.05613        1.18901      125.96411        0.01933        0.02034        2.73470        0.00625        0.56077        1.18939        8.17613        0.01661        0.05574       -0.00038      300.00000        1.89779
   54    1    1     3423.00788     1660.58356      783.49914        5.80013       84.37064        0.00869        0.01715        1.37761       19.30000        0.12594        0.35663        1.37794        6.12333        0.00932        0.00651       -0.00036        1.49260       67.55608        0.00553        0.04152       19.34121        0.17389        0.18415        1.48930        2.16256        0.00114        0.00301        0.00329      300.00000       56.18836
   55    1    1     2209.05801     2388.24463      990.88738        0.23636        5.45162        0.00004        0.06494        1.01299       25.10000        1.00697        0.72207        1.01250        3.68200        0.00338        0.01084        0.00050        2.60065       10.59573        0.00014        0.01820       15.53596        0.01718        0.16367        2.60096        6.53627        0.01062        0.01077       -0.00031      300.00000      164.31108
   56    1    1     5401.32198     1782.71948      615.16737        4.41514       19.14424        0.00045        0.00185        1.45854       34.40000        0.24651        0.33100        1.40357       11.35740        0.03359        0.00188        0.05498        1.58335       14.36724        0.00025        0.03280       32.55574        0.17062        0.28063        1.52715        1.93996        0.00088        0.00527        0.05620      300.00000       94.32415
   57    1    1     3590.27976     2138.33067      648.77389        3.16824       48.13907        0.00283        0.02537        1.19632       17.60000        0.73112        0.55406        1.18051        6.72882        0.01153        0.01385        0.01580        1.12269       51.71521        0.00326        0.00811       22.12424        0.87750        0.48740        1.10214       10.39362        0.02593        0.01019        0.02054      300.00000       20.78333
   58    1    1     3731.37766     1556.87591      570.28707        5.58802      104.27561        0.01328        0.02925        1.05629        6.10000        0.11229        0.68449        1.05007       12.26990        0.03796        0.01273        0.00622        0.70484       92.89064        0.01052        0.02647       11.85744        0.08449        1.07428        0.69367       12.25646        0.03809        0.00760        0.01117      300.00000      115.34895
   59    1    1     8133.31474     9222.84353     4039.40938        4.97516       47.53813        0.00276        0.00839        0.38451       18.60000        9.12267        1.47092        0.26364        7.12540        0.01353        0.00396        0.12097        4.47798       51.55439        0.00325        0.00841       19.43159        0.68700        5.70442        4.43852        8.53355        0.01727        0.10843        0.03947      300.00000      145.31480
   60    1    1     1979.80629     4685.63498     1926.84995        8.93722      110.10284        0.01481        0.00373        0.96562       23.00000        3.73833        0.79041        0.94415       10.71609        0.02936        0.01717        0.02151        0.95383      110.25672        0.01482        0.00375       22.99104        3.08556        1.44033        0.94698       10.71642        0.02792        0.03321        0.00685      300.00000        0.54565
   61    1    1     1670.68560     2254.57053      753.09902        0.46147       10.61506        0.00014        0.06449        0.86659       15.00000        0.76171        0.94318        0.79138        7.58891        0.01512        0.02201        0.07517        1.39376       50.55976        0.00312        0.06460       26.94739        0.58540        0.61369        1.29465        7.25474        0.01216        0.00050        0.09911      300.00000      124.56623
   62    1    1     3444.58184     7196.68155     3101.03434        6.85732       81.81281        0.00817        0.00921        0.73459       17.60000        6.64788        1.06893        0.66564       11.43349        0.03423        0.03912        0.06903        5.85619       79.49166        0.00772        0.00898       17.91617        1.46715        1.06632        5.84953       11.43468        0.03299        0.10281        0.00667      300.00000        4.40755
   63    1    1     2761.40003   241552.46477    95966.11008        1.09392       11.07694        0.00015        0.01237        0.95734       27.50000      241.07188        0.77967        0.95490       18.95328        0.09004        0.00423        0.00246       93.50418       33.67724        0.00138        0.01950       18.93961        0.01791      149.21883       93.50175       22.37945        0.12263        0.03135        0.00244      300.00000      130.95335
   64    1    1     2634.38605     2546.69364     1118.53334        4.01988       59.96280        0.00439        0.02278        0.81580       17.70000        1.27831        0.92358        0.81099        5.79183        0.00818        0.00303        0.00475        2.58419       51.62459        0.00325        0.01776       21.73020        0.07224        0.37205        2.57733        4.92571        0.00590        0.00068        0.00686      300.00000       61.75239
   65    1    1     1345.57089     3507.16147     1697.46860        7.86955      193.53601        0.04575        0.02812        0.30141       17.50000        2.13400        1.50009        0.23448        4.25310        0.00473        0.02449        0.06696        0.52481      193.55912        0.04564        0.02819       17.54045        0.47248        2.90987        0.48630        4.23316        0.00425        0.05336        0.03851      300.00000        0.63966
   66    1    1     1441.22705     1709.40596      678.72530        6.99241      188.42721        0.04336        0.04533        1.35251       12.30000        0.11861        0.40423        1.33034        6.25628        0.00938        0.00212        0.02210        0.27218      189.16380        0.04351        0.04460       12.79884        0.47539        1.10763        0.27081        6.25520        0.00960        0.02262        0.00137      300.00000        0.97782
   67    1    1     2486.56141     2548.36480      848.37596        7.84277      105.44360        0.01358        0.00850        0.78405       13.20000        1.41224        0.95338        0.78118        5.78556        0.00819        0.00878        0.00284        1.75957      104.59380        0.01334        0.00864       13.22597        0.53802        0.85989        1.74894        5.78410        0.00848        0.00078        0.01064      300.00000        0.79896
   68    1    1     4905.31360     1480.21942      668.21121        0.58897        3.41622        0.00001        0.00409        0.35768        5.20000        0.08577        1.41008        0.32448       10.05962        0.02408        0.00048        0.03327        1.28645       20.64811        0.00052        0.00382       13.33440        0.02736        0.54231        1.26021        8.44270        0.01704        0.00469        0.02624      300.00000      140.65207
   69    1    1     1783.58237     2129.79126      685.67710        0.40177       13.88027        0.00024        0.14554        1.27268       13.30000        0.58018        0.46474        1.26983        7.07303        0.01224        0.04642        0.00293        1.43330        9.55648        0.00011        0.02432       36.81525        0.48509        0.52023        1.39459       13.79564        0.04917        0.00981        0.03871      300.00000      174.76828
   70    1    1     2482.06676     1471.32746      589.48508        6.51104      108.60499        0.01441        0.01958        0.82327       11.20000        0.09754        0.91141        0.82315        8.01270        0.01599        0.00019        0.00008        0.94111      107.15733        0.01398        0.01793       12.99249        0.20819        0.68443        0.94169        8.01572        0.01590        0.00085       -0.00057      300.00000        0.60947
   71    1    1     2431.67532     1563.45772      609.11724        8.19847      102.90153        0.01293        0.00631        1.00301       19.40000        0.03897        0.74416        0.99041       12.28710        0.03648        0.00313        0.01254        1.26814      102.93521        0.01294        0.00614       19.47767        0.03924        0.46999        1.26446       12.28693        0.03793        0.01062        0.00368      300.00000        0.66311
   72    1    1     2410.40895    11316.12464     5072.03580        1.30656       14.51351        0.00026        0.01481        1.28087       45.70000       11.62117        0.46098        1.27358       15.47194        0.06044        0.02624        0.00727        8.63730       38.43770        0.00180        0.06921       40.54072        0.09572        4.57673        8.62339       16.27475        0.06393        0.02006        0.01391      300.00000      131.42248
   73    1    1     2433.93923     2019.54782      925.25102        2.12685       29.51391        0.00106        0.02245        0.48356        4.20000        0.54371        1.25809        0.47648       12.24336        0.03784        0.01720        0.00708        0.33249       51.67161        0.00325        0.04149       10.21855        0.22224        1.74245        0.30875        8.98818        0.01935        0.00267        0.02373      300.00000       79.20246
   74    1    1     2898.36599     1581.47085      581.04525        0.21351        2.56741        0.00001        0.01765        0.70871       21.00000        0.19340        1.02970        0.70487       13.46998        0.04431        0.00046        0.00391        0.35844       22.50906        0.00062        0.01609       24.87010        0.23959        1.33952        0.35742       12.15914        0.03695        0.00304        0.00102      300.00000      149.96921
   75    1    1     1492.17654     1626.20053      611.56790        1.52516       49.50574        0.00299        0.12569        1.64656       12.40000        0.00756        0.09384        1.64073        7.72817        0.01505        0.00050        0.00574        1.04870       79.94149        0.00780        0.03995       33.26099        0.08004        0.65792        1.04727       13.97425        0.04793        0.00984        0.00143      300.00000       94.99115
   76    1    1     1642.60240     1599.28804      612.02891        6.91990      166.98738        0.03406        0.03706        1.11767       10.50000        0.04254        0.63220        1.10237       13.32193        0.04516        0.01728        0.01533        1.52111      166.17249        0.03371        0.03694       10.91956        0.01307        0.26329        1.50120       13.32179        0.04533        0.01251        0.01991      300.00000        2.11305
   77    1    1     1861.75791    25662.53393    11887.05017        1.48138       21.37176        0.00056        0.02486        0.76415       35.00000       26.48840        0.98433        0.75023        2.29827        0.00134        0.00150        0.01391       20.46094       66.01161        0.00530        0.09469       16.20918        0.07680        7.53706       20.45126       17.89506        0.07761        0.01270        0.00968      300.00000      127.75073
   78    1    1     2709.52912     2210.30960      965.22808        2.28787       35.60472        0.00155        0.02803        0.32980        3.60000        0.84251        1.41033        0.32424        7.91506        0.01526        0.00169        0.00544        1.27693       46.34348        0.00262        0.01312       20.62816        0.11763        1.21034        1.26974        5.77032        0.00841        0.00012        0.00719      300.00000       86.53893
   79    1    1     2070.66024     1735.26435      569.19774        3.63682       80.41604        0.00790        0.05182        0.60295       16.20000        0.14723        1.13256        0.60201       15.43157        0.05851        0.03992        0.00099        1.33898      101.56539        0.01256        0.05886       16.19715        0.09579        0.46221        1.32588       13.53713        0.04655        0.02594        0.01310      300.00000       16.31712
   80    1    1     4642.58381     2772.30069      976.79275        3.39863       29.09548        0.00103        0.00792        0.68154       15.80000        1.52099        1.05246        0.68211       12.44223        0.03834        0.01546       -0.00050        1.26474       42.66474        0.00222        0.00445       16.47730        1.16062        0.83151        1.26369       12.73853        0.04055        0.01367        0.00105      300.00000       40.97302
   81    1    1     1866.73117     1588.47976      684.27212        1.23256       27.63832        0.00093        0.06048        1.59444       11.70000        0.19330        0.14718        1.58738        5.47928        0.00758        0.03252        0.00702        1.25936       20.80616        0.00053        0.04545        9.50259        0.10656        0.60196        1.21590        9.68335        0.02218        0.00039        0.04346      300.00000      134.22838
   82    1    1     2589.00478     2636.25338      912.57951        5.96031      114.15360        0.01592        0.02888        0.95244       15.60000        1.40888        0.79479        0.93977        5.79980        0.00813        0.00109        0.01269        1.19200      107.98817        0.01419        0.02820       16.01726        0.79903        1.15421        1.19085        6.35737        0.00993        0.01259        0.00115      300.00000       21.66993
   83    1    1     3580.83779    63729.35600    25337.79927        7.59017       71.27054        0.00620        0.00456        0.28352       24.20000       65.10917        1.45071        0.28386       15.57960        0.06030        0.00217       -0.00032       30.22369       71.63587        0.00626        0.00449       24.19574        0.13522       36.48715       30.22146       15.57975        0.05946        0.00042        0.00223      300.00000        4.45276
   84    1    1     2057.92874     1562.70468      573.55329        6.22969      129.95816        0.02063        0.03252        1.13678        5.80000        0.06017        0.65252        1.08205        9.82325        0.02270        0.01133        0.05480        0.77558      127.07685        0.01964        0.03371        5.32128        0.12715        0.93103        0.73627        9.82123        0.02287        0.02666        0.03931      300.00000        1.60449
   85    1    1     2299.42142     2579.05870      853.93970        5.59249      118.31771        0.01710        0.03757        0.61735       25.50000        1.24593        1.11921        0.61536        3.48288        0.00297        0.01121        0.00206        0.89784      118.20218        0.01694        0.04130       25.04641        0.72746        1.35340        0.89837        1.59673        0.00063        0.01375       -0.00053      300.00000       19.90746
   86    1    1     3646.36510     2430.33194      971.41754        3.89588       58.74484        0.00421        0.02355        0.70865       16.30000        1.11235        1.04665        0.68791        5.23550        0.00700        0.00465        0.02067        0.74685       66.18157        0.00535        0.01633       11.76839        0.77799        1.35127        0.72346        5.33703        0.00682        0.00247        0.02339      300.00000       31.75524
   87    1    1     2413.88645     5768.36414     2674.24822        3.87578       64.02000        0.00501        0.02832        0.67006       18.80000        5.13310        1.06636        0.66820       10.77280        0.02845        0.00093        0.00183        4.53252       61.81401        0.00465        0.03037       11.00365        0.03773        2.28743        4.53226       12.41242        0.03841        0.00114        0.00026      300.00000       50.50242
   88    1    1      679.19049    32108.49987    13859.58673        8.51152      353.96798        0.15302        0.05820        0.28049       29.40000       32.74117        1.45630        0.27826        5.56277        0.00775        0.00289        0.00217       27.14863      354.03489        0.15295        0.05819       29.48133        0.68681        6.64212       27.14701        5.55235        0.00772        0.00341        0.00161      300.00000        0.14932
   89    1    1     2021.16627     3549.16599     1080.53798        8.27504      123.10451        0.01851        0.00852        1.63826       28.70000        2.35059        0.10015        1.63441       22.74848        0.12639        0.00004        0.00377        1.23796      123.23225        0.01850        0.00856       28.69340        0.70487        2.14179        1.23850       22.74858        0.12834        0.00244       -0.00054      300.00000        0.71932
   90    1    1     2049.04370     4530.17406     2276.43281        6.04191      131.57012        0.02114        0.03677        0.64535       20.70000        3.14714        1.11972        0.61484       11.89329        0.03372        0.00051        0.03049        0.35216      131.07013        0.02096        0.03869       19.87688        4.45755        0.09791        0.32460       11.87556        0.03621        0.00089        0.02756      300.00000        7.26706
   91    1    1     1664.82344     2367.23331      726.18802        7.88546      157.08965        0.03014        0.01833        0.89788       29.60000        0.98650        0.86993        0.86464       10.05962        0.02408        0.00048        0.03323        1.14587      157.31981        0.03005        0.01812       29.68828        0.46885        1.13384        1.11866       10.06113        0.02598        0.00462        0.02721      300.00000        0.18485
   92    1    1     1344.87570   117436.87887    49574.31824        0.22840        6.39028        0.00005        0.09556        1.33800       24.80000      119.77058        0.39725        1.33732       10.11270        0.02515        0.02603        0.00069       17.26182       23.83865        0.00069        0.08371       30.96466        0.06861      104.16391       17.20697       16.47595        0.07068        0.00321        0.05485      300.00000      163.85686
   93    1    1     2364.44328    83899.85325    34741.07048        4.19191       65.66058        0.00527        0.02470        1.03783       22.20000       84.99432        0.69677        1.03779        9.77795        0.02356        0.02448        0.00003       10.06246       76.10735        0.00706        0.04619       29.16940        0.15283       76.52126       10.05441        4.22998        0.00452        0.01266        0.00806      300.00000       33.97061
   94    1    1     4181.63878    11239.38195     5091.09718        3.50919       59.94666        0.00439        0.03125        0.25937       35.50000       11.20417        1.47470        0.25987       11.29870        0.03159        0.02071       -0.00052        0.77537       53.95854        0.00356        0.00703       39.05017        1.26155       10.92075        0.76771       12.12700        0.03715        0.02079        0.00766      300.00000       25.63757
   95    1    1     4167.40852     9205.78166     3991.76532        0.25938        4.73802        0.00003        0.04072        0.63825        8.40000        9.21219        1.09939        0.63517        9.47358        0.02252        0.01553        0.00307        4.58733       12.23107        0.00018        0.00288       19.97328        0.18243        6.23656        4.57772        5.54506        0.00745        0.01182        0.00960      300.00000      147.98974
   96    1    1      926.10841     6017.78469     2025.36593        1.53651       56.98478        0.00397        0.16402        1.64114       42.10000        4.80558        0.09614        1.63843        9.76286        0.02390        0.05605        0.00271        2.13946       94.39623        0.01075        0.20705       39.61271        1.62614        2.79829        2.07653        3.05578        0.00244        0.00667        0.06293      300.00000      117.27365
   97    1    1     2160.76393    34168.48407    13872.20926        6.80600      125.01412        0.01909        0.02212        0.81547       29.50000       34.97166        0.94170        0.79287       12.99902        0.04324        0.01599        0.02266       11.59447      123.90904        0.01875        0.02185       29.81193        0.17831       24.95755       11.57089       12.99371        0.04044        0.01790        0.02358      300.00000        0.40747
   98    1    1     1276.25536     1610.74860      610.16250        0.57907       17.99489        0.00040        0.11755        0.51519       14.40000        0.02497        1.24621        0.48835       12.16490        0.03536        0.00123        0.02685        0.53848       10.79475        0.00014        0.12286       23.54527        0.08612        1.16125        0.51454       11.52011        0.03177        0.00027        0.02394      300.00000      165.97356
   99    1    1     7333.08199     1441.39705      635.75464        3.86845       39.83556        0.00194        0.01101        1.26161        1.90000        0.00344        0.48175        1.25282        7.98012        0.01611        0.00101        0.00877        0.64082       39.57383        0.00191        0.01767        4.88807        0.00194        1.10036        0.63792        5.31305        0.00708        0.00709        0.00290      300.00000       77.22319
  100    1    1     1815.28005     3332.54827      959.86264        6.72827      148.53901        0.02695        0.03258        1.08127       34.40000        1.90829        0.65541        1.07915       16.43299        0.06617        0.00611        0.00211        1.47420      149.86249        0.02737        0.03229       34.37816        1.37938        0.79094        1.47245       16.43436        0.06622        0.00638        0.00175      300.00000        0.82974
