    1    1    1     1559.36569     1564.73719      660.03403        0.93154       27.54455        0.00093        0.10586        0.61660       11.80000        0.01824        1.15044        0.58412       10.85954        0.03036        0.00002   -33197.35140        0.57312       14.03221        0.00024        0.06742       10.15228        0.08833        1.13945        0.54593       14.07881        0.05088        0.00302        0.02718      300.00000      145.42976
    2    1    1     2689.40179     2728.34426      835.87369        6.17067      102.80879        0.01291        0.02099        0.93660       30.80000        1.46291        0.80974        0.92482        7.75871        0.01456        0.00034        0.01172        1.75909      102.97218        0.01290        0.02448       29.70380        0.96234        0.47957        1.75209        7.75877        0.01464        0.00504        0.00700      300.00000       12.15977
    3    1    1     9225.92156     1749.83441      808.63443        5.21098       57.80554        0.00408        0.01095        0.85563       17.40000        0.28036        0.87840        0.85617        2.92777        0.00212        0.00072       -0.00049        1.54863       53.25450        0.00346        0.00497       17.92693        0.11864        0.35240        1.54914        3.77934        0.00354        0.00064       -0.00051      300.00000      171.22644
    4    1    1     4183.65225     3133.69430     1315.55404        6.28598       69.71328        0.00594        0.00909        1.23746       17.30000        2.04869        0.56018        1.17439        7.33100        0.01404        0.00397        0.06308        0.88907       71.19764        0.00618        0.01088       16.16835        0.42495        2.47371        0.88265        7.32564        0.01306        0.06152        0.00642      300.00000       20.85252
    5    1    1     2046.33576    92274.02967    39858.01173        3.97012       78.48658        0.00752        0.04021        1.64066       19.90000       94.06111        0.09730        1.63726        9.22013        0.02135        0.00146        0.00334       37.57710       65.60606        0.00525        0.03990       21.53122        0.09615       58.12395       37.57299        9.88780        0.02387        0.00345        0.00411      300.00000       53.03192
    6    1    1     2139.36150     3401.38080      635.97733        5.66188      121.98743        0.01817        0.03852        1.56679       31.70000        2.09467        0.21538        1.51919       14.21462        0.04770        0.01743        0.04767        2.59800      120.98342        0.01785        0.03900       31.66547        1.11257        0.12619        2.59016       14.23141        0.05117        0.05389        0.00784      300.00000        6.39180
    7    1    1     1674.53390     7606.34980     3413.84138        8.30165      147.47473        0.02656        0.01198        0.87544       20.80000        7.08762        0.85986        0.87470        6.60261        0.01088        0.02599        0.00074        3.48593      147.68129        0.02660        0.01217       20.67278        0.11269        5.24937        3.45991        6.60279        0.01118        0.00041        0.02602      300.00000        0.94514
    8    1    1     1851.48341     2149.77196      766.36813        0.94815       15.48975        0.00029        0.03230        0.68284       42.60000        0.65366        1.05126        0.68330       12.94348        0.04157        0.00014       -0.00046        1.39910       36.10607        0.00159        0.09615       47.43212        0.63933        0.32397        1.39942        2.56778        0.00164        0.00030       -0.00032      300.00000      134.75301
    9    1    1     1385.39381     1591.48479      689.03037        7.64078      193.63681        0.04579        0.03265        0.87952       13.60000        0.02452        0.86614        0.86843        3.64603        0.00322        0.00609        0.01108        1.46039      193.11516        0.04537        0.03287       13.75010        0.02180        0.29256        1.44493        3.63219        0.00318        0.00175        0.01546      300.00000        0.60192
   10    1    1     2398.49133     2755.83283     1330.72460        4.62190       84.59529        0.00874        0.03217        0.18410       18.90000        1.29993        1.57976        0.15480        7.01774        0.01266        0.00325        0.02927        2.70341       79.72906        0.00776        0.03873       19.93103        0.10514        0.23326        2.69735        4.65477        0.00527        0.02704        0.00607      300.00000        8.67627
   11    1    1     2937.95460     2145.35577      785.91305        1.67731       24.03482        0.00071        0.02437        0.46994       19.70000        0.75028        1.26426        0.47031        3.17921        0.00250        0.08375       -0.00035        1.63496       34.54041        0.00146        0.02748        7.90694        0.19597        0.67009        1.61823        2.61454        0.00165        0.06421        0.01673      300.00000       83.25571
   12    1    1     2996.42318     1679.43456      552.90205        3.95941       46.10315        0.00260        0.01396        0.98271       22.70000        0.28810        0.75741        0.97715        5.40243        0.00735        0.00135        0.00561        0.73064       44.59038        0.00242        0.03398       16.10232        0.34887        0.92485        0.73104        4.24944        0.00449        0.00824       -0.00040      300.00000       46.64115
   13    1    1     1190.69923     1632.19532      737.62812        7.55284      223.74107        0.06114        0.04604        1.23037        1.10000        0.00007        0.50366        1.23090        2.92777        0.00212        0.00076       -0.00053        0.67536      223.38364        0.06068        0.04638        1.48217        0.00019        1.05916        0.67534        2.94135        0.00213        0.00026        0.00002      300.00000        0.57537
   14    1    1     1752.85104     1515.39419      565.05174        0.58393       13.27394        0.00022        0.06290        1.22988       12.50000        0.02233        0.50717        1.22740        9.04835        0.02053        0.01126        0.00256        0.97378       16.62587        0.00034        0.07697        9.92101        0.15024        0.64224        0.96478        6.18684        0.00968        0.00103        0.00900      300.00000      156.96824
   15    1    1     5006.34907    10841.28153     4532.26800        2.54075       50.87208        0.00316        0.04580        0.80557       34.40000       10.94845        0.95027        0.78429       15.63620        0.05865        0.00320        0.02134        3.93025       27.92128        0.00095        0.00956       39.10370        6.37141        2.45827        3.92661        9.26860        0.02099        0.02370        0.00364      300.00000       99.27085
   16    1    1     1198.45444     2250.60186      727.12830        7.17571      224.66438        0.06165        0.05808        1.35708       27.60000        0.66269        0.40144        1.33313       17.60936        0.07424        0.00346        0.02398        1.45439      224.91463        0.06163        0.05811       27.58675        0.22328        0.72683        1.44711       17.60932        0.07829        0.01611        0.00728      300.00000        0.16728
   17    1    0      546.05643 41958593.46380 14793840.40752        8.54155      141.39270        0.02442        0.00905        0.20689        7.80000    36628.52251        1.52712        0.20744       10.70037        0.02839        0.00047       -0.00050      354.31246        0.00000        0.00000        0.00000      149.40975        0.03620    36277.57310      354.31246        0.00000        0.00000        0.00000        0.00000      300.00000        0.00000
   18    1    1     2942.46921     1802.88101      708.02262        2.44771       69.58157        0.00591        0.09278        1.25686       14.60000        0.23287        0.48335        1.25121        6.38571        0.01027        0.00237        0.00575        0.21242       58.61663        0.00419        0.01026       27.14344        1.70403        0.08181        0.20925       16.37713        0.06558        0.00614        0.00317      300.00000       46.99468
   19    1    1     1696.61573     1583.82630      624.81724        6.84430      159.02069        0.03088        0.03505        1.02076        7.80000        0.00338        0.71959        1.01497       14.18148        0.05068        0.01404        0.00579        0.25001      160.19186        0.03127        0.03520        7.10875        0.00386        1.48322        0.25033       14.18163        0.05000        0.02082       -0.00032      300.00000        0.84080
   20    1    1     1970.05034   690743.82461   256613.05648        3.15353       37.07015        0.00168        0.01520        1.14447       26.40000      664.71835        0.59075        1.14382       15.72623        0.06082        0.06960        0.00064      376.78930       48.42160        0.00286        0.20692       15.22291        0.00363      289.42219      376.75119       20.26962        0.09749        0.07873        0.03812      300.00000      113.37415
   21    1    1     2779.07634     6744.23259     2614.76695        0.86835       21.54863        0.00057        0.07464        1.68112       36.00000        6.02717        0.05460        1.67997        5.91544        0.00859        0.00524        0.00110        1.13125       46.05857        0.00259        0.01017       52.71286        5.30778        1.37692        1.12696        9.46237        0.02251        0.00073        0.00429      300.00000       87.91715
   22    1    1      909.80181     7660.18139     3410.36715        1.29521       54.13635        0.00358        0.20979        0.86067       10.00000        6.75141        0.87350        0.86106       16.87409        0.07038        0.01445       -0.00040        2.86015       23.05200        0.00064        0.25933       15.56829        0.19164        5.13247        2.86040       36.16030        0.32285        0.01669       -0.00025      300.00000      144.07944
   23    1    1     3844.34185     2193.34197     1032.91975        5.50603       92.81233        0.01052        0.02418        0.28301       28.50000        0.73956        1.45816        0.27641        3.15249        0.00251        0.00109        0.00664        2.12017       89.13700        0.00968        0.01927       28.53169        0.10188        0.25536        2.11726        5.61631        0.00772        0.00497        0.00291      300.00000       77.90176
   24    1    1     2175.68280     1404.76955      600.19668        8.46141      112.12173        0.01535        0.00609        1.57380        6.50000        0.02466        0.16085        1.57372        3.69516        0.00336        0.00312        0.00015        0.94359      111.96997        0.01529        0.00626        6.24552        0.02191        0.79623        0.94092        3.69662        0.00343        0.00054        0.00267      300.00000        0.23252
   25    1    1     1445.24071    60413.96452    24722.14455        4.56613      161.77020        0.03196        0.12134        0.65618       27.10000       62.23080        1.08200        0.65257        5.69092        0.00814        0.03724        0.00366        7.23240      154.76087        0.02925        0.11675       28.22169        5.43679       51.29937        7.23295        6.82043        0.01151        0.04155       -0.00055      300.00000       15.55140
   26    1    1     1818.50054   163663.89561    67607.71523        1.28670       38.15746        0.00178        0.10563        1.30027       13.20000      164.87114        0.43509        1.29947        4.45130        0.00495        0.00487        0.00074       47.85736       67.65335        0.00558        0.02937       30.61662        0.16876      118.64677       47.85723        6.40862        0.01012        0.00577        0.00013      300.00000       88.13593
   27    1    1     1815.07736   124944.55768    49801.52941        4.18295       92.58848        0.01047        0.04937        0.79923       14.80000      125.99364        0.94653        0.78804       12.28377        0.03651        0.00939        0.01127       42.28823       79.89801        0.00778        0.06127       12.24501        0.02320       85.40044       42.28236       15.16860        0.05602        0.00814        0.00587      300.00000       39.42582
   28    1    1     2433.81377     3954.70464     1668.35620        7.72067      108.52150        0.01438        0.00975        0.57848        9.00000        2.95616        1.15985        0.57471       12.71370        0.04062        0.05060        0.00372        2.03776      107.93722        0.01419        0.00993        8.97954        0.34581        2.34336        2.00152       12.71333        0.03840        0.02039        0.03624      300.00000        0.74636
   29    1    1     1971.70746     7146.59742     3313.96188        2.55543       54.08306        0.00357        0.05113        0.28750       21.00000        6.55733        1.44896        0.28561        8.97391        0.02016        0.00792        0.00192        1.46412       63.08875        0.00485        0.04409       23.93340        0.95466        5.87030        1.46263       11.70833        0.03364        0.00492        0.00150      300.00000       67.69997
   30    1    1     2418.42866     1602.02441      531.07109        0.13058        2.63692        0.00001        0.04980        1.15819       25.00000        0.15521        0.57832        1.15625        5.64016        0.00797        0.00587        0.00189        0.90298       38.42171        0.00179        0.02144       26.53848        0.66253        0.32913        0.89941       11.93149        0.03479        0.00271        0.00357      300.00000      123.83213
   31    1    1     1636.69608    11739.75261     5041.34624        5.24037      157.23708        0.03020        0.07976        0.81877       16.70000       11.49291        0.91866        0.81591       15.78330        0.06094        0.00740        0.00291        0.99819      157.00292        0.03007        0.07831       16.35846        0.02248       12.21152        0.99249       16.10706        0.06537        0.00270        0.00571      300.00000       14.98590
   32    1    1     2506.59876     1534.64530      713.10737        0.34832        5.13516        0.00003        0.02651        1.31882        3.80000        0.01924        0.41638        1.31818        5.15647        0.00664        0.00092        0.00069        0.39420       13.19235        0.00021        0.01416        3.36775        0.77776        0.58321        0.39250        8.71148        0.01900        0.00001        0.00170      300.00000      167.31974
   33    1    1     1904.60779    43447.27370    19806.19110        6.22859      140.55283        0.02413        0.03806        1.49722       20.80000       44.93061        0.27234        1.46223        5.16881        0.00689        0.06669        0.03489       35.23295      141.45106        0.02439        0.03896       20.95615        0.04625       11.43229       35.18617        4.93379        0.00631        0.05479        0.04679      300.00000        3.51632
   34    1    1     1370.94665     3691.31966     1450.33030        6.77980      197.18956        0.04749        0.05583        0.52579       26.00000        2.29369        1.28176        0.45281        3.27813        0.00251        0.01325        0.07296        1.66116      197.72861        0.04773        0.05491       26.26099        0.85218        1.59859        1.57820        3.24222        0.00277        0.00297        0.08296      300.00000        1.03395
   35    1    1     2282.95551    45281.92751    19253.28879        6.38618      120.63095        0.01777        0.02581        0.47823       39.10000       46.82810        1.25794        0.47662        9.22060        0.02085        0.01488        0.00164       10.87555      119.53656        0.01744        0.02619       39.24342        0.33717       37.36596       10.86004        9.08314        0.01988        0.00137        0.01551      300.00000        5.53903
   36    1    1     3707.23327     1680.22602      831.63172        4.32461       75.73271        0.00700        0.03045        0.32714        2.50000        0.00968        1.40945        0.32512        9.01431        0.02035        0.01718        0.00209        0.53516       79.52729        0.00770        0.01479       10.39540        0.00559        1.20953        0.53456       10.93583        0.02985        0.01870        0.00060      300.00000       59.14782
   37    1    1     3190.45054     2115.05035      742.77288        3.25627       39.61280        0.00192        0.01616        1.43089       16.20000        0.70585        0.30780        1.42677       21.81353        0.11616        0.02458        0.00408        0.70932       31.83668        0.00124        0.01291       19.01842        0.11779        1.62392        0.70810       20.66843        0.10680        0.03137        0.00122      300.00000       92.54492
   38    1    1     2888.71606     1390.09697      614.37822        7.71174       89.19822        0.00972        0.00662        0.56640        6.20000        0.00631        1.17819        0.55637        2.26883        0.00125        0.01732        0.01000        0.61407       89.55374        0.00979        0.00665        6.03985        0.00432        1.14230        0.59416        2.26901        0.00124        0.00745        0.01991      300.00000        2.55541
   39    1    1     2007.61930     6342.50094     3000.51354        7.00585      137.50484        0.02309        0.02396        1.31240       13.80000        5.48623        0.44436        1.29021        7.83219        0.01569        0.00911        0.02217        2.12228      138.34634        0.02335        0.02373       13.80298        2.07511        3.02377        2.12192        7.82176        0.01506        0.03152        0.00037      300.00000        3.36995
   40    1    1     1703.90758    15655.24315     7705.94628        3.22538       80.50454        0.00792        0.06817        0.44973       32.80000       16.13845        1.29720        0.43736        9.18246        0.02038        0.00011        0.01241       12.23393       40.69195        0.00202        0.05624       46.05582        0.24127        5.41878       12.23439        6.83529        0.01158        0.01815       -0.00046      300.00000       82.09001
   41    1    1     2337.00633     1573.21826      708.98865        4.36605       96.02063        0.01126        0.04781        1.27403       11.00000        0.02018        0.48980        1.24476       11.92029        0.03390        0.06004        0.02937        1.47828      112.57980        0.01548        0.05154        6.31628        0.00361        0.27099        1.47653       11.14915        0.03048        0.08665        0.00175      300.00000       41.81182
   42    1    1     1394.45531     2410.97860      623.12918        8.13933      183.75890        0.04124        0.02101        1.37241       24.20000        0.94791        0.36862        1.36595       12.82203        0.04147        0.00046        0.00648        1.08742      183.91650        0.04130        0.02098       24.18605        1.11305        0.48958        1.07980       12.82187        0.03994        0.00085        0.00762      300.00000        0.56625
   43    1    1     1599.60121     7445.95713     3436.18017        7.84916      164.40502        0.03301        0.02057        1.24672       44.40000        6.84424        0.49253        1.24204        8.08008        0.01592        0.02544        0.00470        2.56811      164.22747        0.03293        0.02060       44.40716        2.10989        3.90523        2.56371        8.07957        0.01642        0.02527        0.00440      300.00000        0.19738
   44    1    1     1565.83589     2193.65228      839.14056        0.89037       22.74800        0.00063        0.07909        0.15066        9.90000        0.74427        1.58333        0.15124       12.37573        0.03795        0.00000       -0.00054        0.30014        4.30209        0.00002        0.07607       24.47259        0.51419        1.67353        0.30049       11.37827        0.03198        0.00001       -0.00035      300.00000      165.60534
   45    1    1     2731.89192     2716.81934     1151.03576        6.72235       97.22468        0.01154        0.01400        0.56985       11.60000        1.50461        1.16957        0.56499        5.59766        0.00764        0.00699        0.00479        2.39397       97.21114        0.01152        0.01398       11.65770        0.13074        0.72255        2.38597        5.59799        0.00761        0.00385        0.00799      300.00000        2.03775
   46    1    1     2993.12211     2579.62985     1082.74346        4.50508      102.60063        0.01286        0.05049        0.16314       16.70000        1.41787        1.57298        0.16159        1.87435        0.00086        0.00247        0.00153        2.03828      101.81962        0.01264        0.03903       21.57188        0.59635        0.53173        2.03615        1.85783        0.00086        0.00178        0.00213      300.00000       93.53655
   47    1    1     2208.87710     1795.68653      483.21122        7.99367      116.45312        0.01656        0.00936        0.95701       17.90000        0.39496        0.79054        0.94402        3.19135        0.00259        0.01265        0.01303        0.99053      116.99661        0.01671        0.00958       17.70477        0.63470        0.50883        0.98564        3.18464        0.00255        0.02078        0.00489      300.00000        0.62108
   48    1    1     2306.80235     5022.10118     2312.25124        2.96767       44.41786        0.00241        0.02495        0.46686       21.10000        4.04097        1.27681        0.45775        6.85623        0.01140        0.01414        0.00920        2.01421       53.09403        0.00343        0.02723       21.16361        0.64154        3.14588        1.99141        4.66567        0.00522        0.00004        0.02279      300.00000       77.21683
   49    1    1     2075.74405     2497.17003     1149.73109        3.54336       70.68444        0.00610        0.04250        0.38703       13.50000        0.94267        1.34707        0.38749       13.14923        0.04291        0.02140       -0.00052        2.34379       59.78469        0.00436        0.02805       13.91320        0.18927        0.16024        2.32793       15.46763        0.05764        0.00633        0.01586      300.00000       69.51657
   50    1    1     1217.58095     1675.75847      609.00049        0.89774       28.86807        0.00102        0.12527        1.47369       12.10000        0.07309        0.27011        1.46446       10.89510        0.02878        0.01822        0.00924        0.32509       43.04491        0.00226        0.17342       19.52503        0.15371        1.32699        0.30408        3.88808        0.00363        0.00510        0.02101      300.00000      142.24001
   51    1    1     1385.90462     1972.56019      955.45385        6.13268      190.06871        0.04412        0.07319        0.35445        9.50000        0.22984        1.37981        0.35475       10.34816        0.02661        0.04378       -0.00032        0.21560      189.80054        0.04383        0.07401        8.92716        0.74386        1.04794        0.17196       10.37715        0.02548        0.00110        0.04364      300.00000        0.97325
   52    1    1     1086.09662     9805.53224     4080.79605        8.93238      199.01083        0.04837        0.01225        1.67309       29.70000        9.47200        0.07330        1.66127        2.76577        0.00185        0.00314        0.01176        7.89263      198.91320        0.04817        0.01233       29.76003        0.23004        3.08948        7.88725        2.76298        0.00192        0.00945        0.00538      300.00000        0.29926
   53    1    1     2200.06569     1794.94314      692.57783        0.66437        9.37641        0.00011        0.02422        0.48788       31.10000        0.36203        1.27212        0.46245        8.36610        0.01674        0.00880        0.02548        0.42322       13.94854        0.00024        0.03614       25.86555        1.08148        0.57684        0.42308        9.20480        0.02111        0.03287        0.00014      300.00000      161.64199
   54    1    1     1953.36557     7115.28449     3401.44303        4.66876      113.08769        0.01562        0.05604        0.13029       25.80000        6.54819        1.60421        0.13035        9.63345        0.02310        0.00725       -0.00004        6.69524       98.08634        0.01174        0.04708       30.74249        0.48112        1.11985        6.69461        9.56356        0.02283        0.00684        0.00063      300.00000       11.24983
   55    1    1     3086.77177     1628.88663      698.17849        3.84899       67.43359        0.00555        0.03193        1.50036       13.30000        0.09451        0.24757        1.48700        8.13543        0.01598        0.00097        0.01342        0.66757       39.24235        0.00187        0.01285       31.19840        0.41126        0.79544        0.65402        5.49213        0.00728        0.00060        0.01356      300.00000       28.31203
   56    1    1     3809.23865     3169.35057     1462.46374        8.65622       62.33347        0.00475        0.00159        0.36637       15.10000        1.95125        1.38122        0.35335        5.17707        0.00681        0.00279        0.01300        1.72315       62.45826        0.00476        0.00156       15.09848        0.28623        1.69034        1.70923        5.17762        0.00681        0.00190        0.01392      300.00000        1.32518
   57    1    1     2049.76290     1860.54430      599.09160        1.43757       33.59920        0.00138        0.06534        1.72776       14.30000        0.25394        0.01127        1.72329       13.13688        0.04211        0.02683        0.00439        0.82628       48.66642        0.00288        0.02971       32.66408        1.04412        0.18275        0.81234       10.53062        0.02819        0.01471        0.01394      300.00000       93.52706
   58    1    1     3394.82609     1755.79326      539.16482        4.44716       73.68015        0.00663        0.02689        1.58056       29.90000        0.23376        0.16887        1.56570       12.52351        0.03990        0.00381        0.01485        1.40505       66.21680        0.00534        0.02934       37.39680        0.36768        0.23839        1.38696        7.31686        0.01288        0.00176        0.01809      300.00000       70.96508
   59    1    1     4114.62782    64098.30238    27227.35697        3.82339       59.56822        0.00433        0.02531        0.07408       45.60000       65.79768        1.66358        0.07099        7.87749        0.01517        0.00167        0.00322       29.35146       33.72774        0.00139        0.00357       46.02023        0.20162       37.99664       29.34838        8.47615        0.01803        0.00906        0.00307      300.00000       51.27701
   60    1    1     1700.47159    21356.26796     9701.10607        7.54019      159.63229        0.03112        0.02362        0.89963       11.60000       22.31296        0.83536        0.89921       16.21868        0.06474        0.00025        0.00046        8.12280      159.71946        0.03113        0.02343       11.74539        0.08020       15.84479        8.12272       16.21951        0.06483        0.00048        0.00008      300.00000        1.85491
   61    1    1     1634.06459     9642.32273     4709.86956        8.93609      130.99664        0.02096        0.00529        0.06489       27.60000        9.26253        1.66936        0.06521       19.15083        0.09061        0.02513       -0.00037        5.08132      131.03694        0.02097        0.00518       27.64569        1.10062        4.81978        5.07683       19.15100        0.08948        0.02142        0.00449      300.00000        0.41717
   62    1    1     2896.37742     2300.22194     1085.38227        2.22338       47.48259        0.00275        0.05295        0.38955       15.40000        0.82391        1.34474        0.38983        5.73433        0.00818        0.00198       -0.00024        0.52700       35.75366        0.00155        0.01268       25.28450        0.81330        1.26646        0.52675        2.32277        0.00134        0.00172        0.00025      300.00000       68.75986
   63    1    1     2623.15976     3387.58568     1517.88195        1.95550       29.63539        0.00107        0.02698        0.52090        7.40000        2.27023        1.22321        0.51135        7.05318        0.01259        0.00000        0.00951        3.17746       28.30843        0.00098        0.02198       11.55591        0.02319        0.81016        3.17779        6.70426        0.01110        0.01014       -0.00033      300.00000      106.76110
   64    1    1     2994.12739     2924.71054     1000.68669        6.85969       88.42609        0.00955        0.01074        0.69566       19.00000        1.72583        1.05340        0.68117       13.33966        0.04293        0.00801        0.01445        2.45781       88.30964        0.00952        0.01089       18.92769        0.27974        0.72220        2.45831       13.34027        0.04412        0.02183       -0.00050      300.00000        2.87894
   65    1    1     1024.25285     2418.52854      912.15076        8.97088      208.41000        0.05305        0.01287        0.94143       31.90000        1.06927        0.79811        0.93645        6.92302        0.01168        0.02442        0.00500        1.58568      208.37890        0.05293        0.01297       31.91520        0.14220        1.09711        1.56457        6.92137        0.01149        0.00844        0.02112      300.00000        0.19757
   66    1    1     2243.90749     1537.77448      692.11102        5.07265      124.24421        0.01885        0.05442        0.28035        1.70000        0.00533        1.46334        0.27122        1.36212        0.00045        0.13459        0.00909        1.30336      122.84430        0.01843        0.04431        1.23334        0.00903        0.50488        1.22597        6.68398        0.01174        0.06559        0.07739      300.00000       36.08984
   67    1    1     2232.63829     2562.99828     1061.36755        5.54893      123.25712        0.01855        0.04171        0.66653       16.60000        1.14516        1.11797        0.61659        4.46033        0.00469        0.00155        0.05000        0.88027      118.88346        0.01712        0.04404       15.86301        0.80816        1.22611        0.84426        4.57075        0.00539        0.01508        0.03601      300.00000       21.84038
   68    1    1     4032.89762   380543.31919   150049.60157        6.23097       72.95232        0.00650        0.01024        1.52769        9.70000      373.74345        0.25087        1.48370        7.74367        0.01553        0.00883        0.04399      109.63928       71.55527        0.00625        0.01031        9.81201        0.00670      265.85461      109.61765        7.28942        0.01274        0.03323        0.02164      300.00000       17.44684
   69    1    1     4501.95783     1581.40407      703.94641        5.14903       60.38322        0.00445        0.01234        1.63328       21.40000        0.03180        0.10084        1.63372        9.58007        0.02278        0.01980       -0.00046        0.77668       57.64555        0.00405        0.01448       19.85094        0.03265        0.97069        0.76090        9.63345        0.02363        0.00313        0.01578      300.00000       70.09166
   70    1    1     3682.75390     2473.02597      556.57722        5.09691       39.39114        0.00190        0.00540        1.68537       39.00000        1.05312        0.05037        1.68420       13.63859        0.04650        0.02580        0.00117        1.90463       29.17382        0.00104        0.04256       34.65430        0.66556        0.22952        1.87695       10.19480        0.02482        0.00033        0.02768      300.00000       64.91036
   71    1    1     1827.31515     1550.12262      628.54675        8.33640      135.33524        0.02237        0.00982        1.18101       20.30000        0.06150        0.55610        1.17846        3.15245        0.00243        0.00519        0.00258        0.85515      135.23935        0.02233        0.01002       20.21617        0.18555        0.76244        0.84790        3.16445        0.00243        0.00050        0.00725      300.00000        0.45422
   72    1    1     3676.21240    10340.77479     4843.21371        6.31980       74.12102        0.00671        0.01009        1.62751       19.80000       10.09011        0.13332        1.60125        7.30884        0.01277        0.04095        0.02624        9.32967       73.94257        0.00667        0.01084       19.47169        0.11813        2.40473        9.30092        7.33719        0.01285        0.03857        0.02874      300.00000        8.01520
   73    1    1     1813.71418     7264.17276     3171.37499        5.79266      142.73559        0.02488        0.04927        1.67786       32.10000        6.64951        0.05631        1.67826        6.80092        0.01148        0.00990       -0.00049        1.86545      144.44560        0.02541        0.04901       32.23982        0.96516        5.55807        1.86135        6.58749        0.01091        0.00521        0.00410      300.00000        3.84531
   74    1    1     3263.03668     1826.64944      820.66304        0.50910        7.20528        0.00006        0.02440        0.27608       17.80000        0.17563        1.55138        0.18319       11.86815        0.03720        0.01592        0.09284        1.86245       30.17132        0.00111        0.00868       24.90287        0.04065        0.06692        1.81015       12.04259        0.03416        0.06671        0.05230      300.00000      119.98641
   75    1    1     6481.63920     4095.61529     1867.81657        4.16365       38.33693        0.00180        0.00856        0.36354       13.20000        3.08985        1.37202        0.36254        7.95700        0.01555        0.01561        0.00107        3.10398       20.60151        0.00052        0.00844       15.20395        0.09892        1.62277        3.10243        8.59592        0.01813        0.01417        0.00155      300.00000       24.83979
   76    1    1     1077.52932     3039.38625     1304.86823        8.87756      203.13119        0.05039        0.01355        1.05250       16.00000        1.70516        0.68158        1.05298        3.79306        0.00357        0.00396       -0.00050        0.94521      203.16503        0.05040        0.01350       16.05113        1.88916        0.60720        0.94345        3.79335        0.00353        0.00171        0.00176      300.00000        0.36112
   77    1    1     1789.11236   726854.10586   269084.14405        7.54512      149.34424        0.02724        0.02061        0.25588       32.30000      697.65295        1.47880        0.25576       12.71615        0.03984        0.05007        0.00011      621.11024      149.29783        0.02722        0.02051       32.30694        0.16354       78.11921      621.10486       12.72224        0.03943        0.04511        0.00538      300.00000        0.11915
   78    1    1     1885.09931     2202.75698      858.34864        4.26188      117.51846        0.01687        0.07600        1.14202       11.00000        0.78176        0.59732        1.13724        6.46883        0.01021        0.00001        0.00465        0.43778      121.17760        0.01788        0.07409       16.39810        0.19740        1.88927        0.43755        3.65525        0.00329        0.00446        0.00023      300.00000       25.75084
   79    1    1     3399.62095     1550.37864      508.92583        7.71551       75.39596        0.00694        0.00472        1.33123       14.60000        0.15394        0.43459        1.29997        8.41784        0.01823        0.01452        0.03133        0.97758       75.56714        0.00696        0.00474       14.57865        0.18664        0.75501        0.94683        8.41842        0.01689        0.01636        0.03075      300.00000        2.58247
   80    1    1     1429.03909     3229.37864     1495.61955        0.43579       12.36305        0.00019        0.09811        0.28028       12.90000        1.79081        1.45790        0.27666        7.36300        0.01325        0.00081        0.00348        0.98831       15.36882        0.00029        0.07777       25.45730        0.04902        2.51776        0.98578        5.07519        0.00631        0.00190        0.00253      300.00000      174.74187
   81    1    1     1748.68417     6643.49034     2744.03441        6.27305      153.33784        0.02872        0.04426        0.15752       34.20000        6.06738        1.59783        0.13673        7.07283        0.01201        0.00178        0.02078        3.53252      152.09046        0.02811        0.04435       34.31255        0.61120        3.67100        3.52013        7.09920        0.01279        0.00952        0.01239      300.00000        1.48850
   82    1    1     1572.86482     1983.50475      563.43949        2.21920       59.84958        0.00437        0.08446        1.15973       10.70000        0.58851        0.57608        1.15849        5.73197        0.00821        0.00003        0.00131        0.39235       63.65078        0.00494        0.07679       10.32674        0.48693        1.44685        0.39146        7.25210        0.01314        0.00042        0.00089      300.00000       79.74193
   83    1    1     2550.15182     1692.13742      635.59480        5.33427      112.16322        0.01537        0.03863        0.38681       16.90000        0.16072        1.36724        0.36732        8.98564        0.02061        0.00406        0.01948        1.54378      112.71170        0.01551        0.03372       19.51822        0.07441        0.29585        1.52994        8.96173        0.02041        0.00977        0.01385      300.00000       30.08324
   84    1    1     2054.22905     5561.27256     2516.21282        0.75641       15.26090        0.00028        0.04943        0.92858       14.50000        4.94200        0.80648        0.92809        5.15642        0.00663        0.00114        0.00048        1.61969        7.50188        0.00007        0.03639        7.38974        1.12723        3.93977        1.61895        6.52013        0.01045        0.00092        0.00075      300.00000      171.28004
   85    1    1     1389.56045     3677.53814     1600.55039        8.88212      158.01224        0.03049        0.00816        0.64258       54.90000        2.39072        1.09681        0.63775        2.99842        0.00226        0.03346        0.00483        2.93183      158.08705        0.03051        0.00817       54.88767        0.35558        0.85434        2.91530        2.99314        0.00228        0.02178        0.01653      300.00000        0.09700
   86    1    1     2489.36264    95896.79084    38951.12460        2.38431       36.71746        0.00165        0.02732        0.52514       45.20000       97.31910        1.22257        0.51200        9.30742        0.02092        0.00006        0.01322        1.36709       30.25299        0.00112        0.02064       48.98245        2.97008       94.73976        1.36682        4.58402        0.00517        0.01299        0.00027      300.00000      110.12842
   87    1    1     2863.37342     1590.51542      645.01042        7.75279       93.93191        0.01078        0.00715        1.33675       14.70000        0.14849        0.39961        1.33496        3.80727        0.00363        0.00000        0.00184        1.58978       93.28098        0.01060        0.00699       14.91764        0.16762        0.12633        1.58944        3.80436        0.00356        0.00152        0.00034      300.00000        1.78113
   88    1    1     2097.44625     1695.21669      748.82766        3.60163       55.82655        0.00381        0.02554        1.21305       34.40000        0.06955        0.52350        1.21106        9.77866        0.02395        0.00747        0.00196        0.99029       54.94641        0.00366        0.05561       28.54379        0.05620        0.74748        0.98179        7.06479        0.01262        0.00100        0.00850      300.00000       73.57902
   89    1    1     2620.54407     3147.28462     1324.98640        1.63470       37.41788        0.00171        0.06228        0.62949       21.50000        1.98204        1.10450        0.63007       11.99816        0.03567        0.00391       -0.00052        0.78664       42.77435        0.00223        0.01252       27.82438        0.26892        2.68343        0.78554       16.08923        0.06358        0.00228        0.00110      300.00000       84.93812
   90    1    1     2060.87610     1550.47010      605.08750        5.87824      124.85982        0.01904        0.03606        1.29519       15.60000        0.05081        0.44816        1.28641        3.30712        0.00265        0.00500        0.00882        0.39252      126.84036        0.01951        0.03694       14.21637        0.25221        1.14061        0.39045        3.71894        0.00346        0.01167        0.00207      300.00000        1.19163
   91    1    1     2247.20221     5379.47899     2507.05794        2.34011       55.03254        0.00370        0.06385        0.85141       34.90000        4.24106        0.91943        0.81513       13.33798        0.04590        0.00131        0.03631        2.26012       58.04718        0.00410        0.02614       35.51164        0.07979        3.69034        2.24470       12.90026        0.04011        0.02606        0.01542      300.00000       51.96460
   92    1    1     2361.87790     7909.72987     3832.15152        2.78782       48.35635        0.00286        0.03389        0.77726       24.30000        7.60510        0.96284        0.77173        4.41395        0.00475        0.00360        0.00553        0.70433       36.75592        0.00165        0.02502       21.04253        4.98251        3.62414        0.70281       12.92335        0.04178        0.01086        0.00152      300.00000       88.91527
   93    1    1     1886.20377     4038.82621     1825.93378        6.12503      139.26690        0.02369        0.03945        1.70093       29.80000        2.90127        0.03786        1.69671        5.46419        0.00729        0.00825        0.00428        1.93157      138.73313        0.02339        0.03989       29.81386        0.09789        2.61176        1.92614        5.40930        0.00737        0.00687        0.00543      300.00000        0.58160
   94    1    1     1627.52021     1632.76649      546.27559        0.91997       22.10888        0.00060        0.06994        1.17801       14.50000        0.16228        0.55612        1.17845        1.69282        0.00071        0.00583       -0.00038        1.20964        4.61983        0.00003        0.07580       11.03243        0.14409        0.49816        1.20981       12.79955        0.04042        0.00536       -0.00018      300.00000      160.96216
   95    1    1     2007.51565    16563.59153     7485.51586        0.85107       20.68143        0.00052        0.07160        0.28620       17.00000       17.38406        1.45630        0.27826        9.21694        0.02063        0.00295        0.00788        7.68052       19.19910        0.00045        0.01906       35.85697        5.70997        5.80760        7.67655        3.68429        0.00331        0.00134        0.00397      300.00000      161.22434
   96    1    1     1969.41367     8722.88527     4155.25350        0.98064       19.39775        0.00046        0.04733        0.10479       34.00000        8.27789        1.65057        0.08399        8.73875        0.01833        0.01351        0.02079        0.52293       30.25604        0.00112        0.03747       42.73756        5.91316        3.61412        0.48379       10.02028        0.02381        0.00026        0.03914      300.00000      130.08963
   97    1    1     2091.59754     1597.91590      652.33866        7.09239      128.68094        0.02022        0.01998        0.39180       32.60000        0.08404        1.34250        0.39207        1.03293        0.00027        0.00453       -0.00025        1.18214      128.75042        0.02020        0.01952       32.72985        0.06178        0.57935        1.17792        1.01665        0.00026        0.00008        0.00423      300.00000        0.09221
   98    1    1     2824.46671     1664.10618      750.86792        3.39309       50.80224        0.00315        0.02423        1.49040       15.30000        0.11856        0.26158        1.47299        8.36844        0.01785        0.02400        0.01745        1.48545       53.79821        0.00353        0.02240       23.85143        0.23001        0.17514        1.45651        6.39342        0.01050        0.01273        0.02894      300.00000       58.70684
   99    1    1     2724.96184     1457.73830      604.93637        7.11477       98.86977        0.01194        0.01165        1.54876       30.30000        0.05202        0.18664        1.54793        5.66613        0.00789        0.00061        0.00084        1.13065       98.91172        0.01194        0.01177       30.26782        0.05212        0.60484        1.12953        5.66759        0.00803        0.00016        0.00112      300.00000        0.51083
  100    1    1     2398.53883     2056.17202      654.55740        6.34615      116.34425        0.01653        0.02452        1.20407       12.30000        0.75198        0.53733        1.19723        8.70017        0.01910        0.03040        0.00687        1.83935      119.72370        0.01746        0.02633        9.90854        0.20991        0.47134        1.80253        8.69850        0.01953        0.00001        0.03682      300.00000       11.82338
