    1    1    1     2195.05167     1674.89739      607.92651        3.99525       89.16788        0.00971        0.05113        0.30020       18.30000        0.14053        1.43485        0.29971        6.86894        0.01177        0.10433   -33197.38342        0.58837       88.05045        0.00941        0.03635       16.42350        0.37818        0.97131        0.52434       11.09842        0.02885        0.04006        0.06403      300.00000       12.78493
    2    1    1     4064.53955     1534.19333      627.40296        1.72424       10.05292        0.00012        0.00403        0.99159       14.70000        0.12082        0.74313        0.99144       11.01462        0.02989        0.00128        0.00008        0.28168       11.42912        0.00016        0.01943       10.91329        0.28003        1.27050        0.28123       12.36131        0.03761        0.00145        0.00045      300.00000      143.70135
    3    1    1     1576.41073     2794.77413     1165.36995        8.48970      155.79324        0.02964        0.01149        0.80246       10.60000        1.46913        0.95739        0.77718       16.93642        0.06861        0.00028        0.02534        0.46488      155.80455        0.02958        0.01154       10.63333        0.20544        2.55621        0.44207       16.93651        0.06873        0.00262        0.02281      300.00000        1.06678
    4    1    1     3389.73665   235702.37178    93313.12877        1.45664       20.02618        0.00049        0.02259        0.42772        5.70000      235.32702        1.30675        0.42781        3.01230        0.00226        0.00290       -0.00012      103.20050       48.00778        0.00281        0.01296       22.66978        0.04744      133.78923      103.20101        7.76594        0.01492        0.02174       -0.00051      300.00000       72.79084
    5    1    1     2086.84901     1595.78270      684.79721        0.24525        4.89283        0.00003        0.04858        1.28177       12.70000        0.02429        0.48529        1.24927        6.77823        0.01094        0.01414        0.03247        0.79582       12.82440        0.00020        0.03265       11.84974        0.08511        0.91904        0.74890       11.61613        0.03187        0.00035        0.04692      300.00000      158.29738
    6    1    1     2433.50874     2553.32954      544.41292        6.13747      108.20309        0.01430        0.02366        1.55550       26.80000        1.10047        0.18744        1.54713       12.18563        0.03754        0.00317        0.00837        0.77386      107.71330        0.01410        0.02397       26.75890        1.85091        0.21538        0.76863       12.18600        0.03619        0.00767        0.00523      300.00000        1.48104
    7    1    1     2529.60407     1832.97083      672.54992        3.84466       76.88601        0.00722        0.04162        0.50084       12.10000        0.29216        1.24004        0.49453        8.41458        0.01785        0.03527        0.00628        1.13194       68.72065        0.00575        0.01658       16.17908        0.17378        0.73454        1.12504       12.52689        0.03960        0.03281        0.00691      300.00000       36.73682
    8    1    1     3144.28962     1514.11625      640.89428        6.65913       92.63176        0.01048        0.01315        0.61866        6.00000        0.00403        1.14466        0.58991       12.17233        0.03536        0.01788        0.02870        1.18722       91.02683        0.01010        0.01438        4.31377        0.00269        0.58832        1.14669       12.17279        0.03832        0.00319        0.04053      300.00000       11.87979
    9    1    1     1153.74528     1893.41365      537.27888        8.78416      197.82468        0.04780        0.01415        0.96617       15.70000        0.43920        0.78332        0.95125        9.03247        0.01967        0.01261        0.01501        1.58986      197.71058        0.04769        0.01413       15.79717        0.43368        0.15037        1.58987        9.03166        0.02032        0.02687       -0.00001      300.00000        0.51633
   10    1    1     3253.27612     1831.35329      777.38147        7.84542       79.31167        0.00768        0.00480        0.72013       16.20000        0.03081        1.03540        0.69917       25.19735        0.15234        0.00038        0.02093        0.05668       79.09516        0.00762        0.00435       16.47995        0.31230        1.39649        0.05707       25.19741        0.15771        0.01641       -0.00039      300.00000        1.08567
   11    1    1     2450.93436     4370.85341     2123.38918        2.31014       23.39259        0.00067        0.01185        0.41500       20.70000        3.03180        1.33455        0.40002       10.00284        0.02546        0.00258        0.01503        1.72171       36.62875        0.00163        0.09047       29.42486        0.80327        2.19996        1.70782        1.71708        0.00075        0.00412        0.01390      300.00000      112.75809
   12    1    1     2563.55601     4321.58525     2156.09121        2.05971       20.82790        0.00053        0.01196        0.21571       27.10000        3.03529        1.52356        0.21100        5.15047        0.00647        0.00043        0.00472        1.52317       10.56968        0.00014        0.04640        6.15798        0.00287        3.21260        1.52337        3.81382        0.00359        0.00519       -0.00021      300.00000      152.52768
   13    1    1     4530.10843     1762.13720      740.61490        1.88277       50.08016        0.00306        0.08335        0.51808       13.90000        0.14742        1.23502        0.49954        7.23932        0.01337        0.00260        0.01854        0.25577       44.13648        0.00237        0.01070       31.70359        1.10464        0.57105        0.23898       14.70259        0.05204        0.00632        0.01679      300.00000       33.49232
   14    1    1     1618.21395     1717.05295      560.45678        3.31173       84.55157        0.00873        0.07088        1.14975       33.30000        0.24829        0.59483        1.13974        7.65759        0.01485        0.00342        0.01003        1.24051       66.02106        0.00529        0.07911       30.42454        0.10540        0.64513        1.23462        5.50237        0.00737        0.00794        0.00588      300.00000       70.80758
   15    1    1     1668.44212     3182.05408     1494.56551        7.83630      157.01561        0.03011        0.01892        0.29628       11.90000        1.78651        1.46009        0.27447        8.94466        0.02046        0.01599        0.02186        0.63881      156.51432        0.02984        0.01930       11.73723        1.11739        1.76436        0.63912        8.94545        0.01989        0.03877       -0.00031      300.00000        0.60743
   16    1    1     2484.30034     1448.34255      646.91245        5.74493      114.93212        0.01613        0.03275        0.63845       11.10000        0.02699        1.10531        0.62926        1.07899        0.00028        0.00266        0.00929        0.99216      115.94335        0.01638        0.03228       11.37138        0.01665        0.76132        0.98410        0.88962        0.00020        0.00358        0.00806      300.00000       23.60416
   17    1    1     1672.07690     2648.52718      533.60676        0.88444       21.20861        0.00055        0.06968        1.44216       25.40000        1.22934        0.30075        1.43382       12.18563        0.03754        0.00317        0.00830        1.55046       27.42361        0.00091        0.06143       27.37527        1.04792        0.38616        1.54332       11.44535        0.03307        0.00324        0.00714      300.00000      132.84033
   18    1    1     5609.57894     5493.20650     2991.15293        3.81640       66.79194        0.00545        0.03196        1.05018       29.20000        5.04304        0.68898        1.04559        3.45657        0.00301        0.00227        0.00451        0.82866       63.31807        0.00489        0.00914       30.98960        0.05163        5.91851        0.82890        3.75298        0.00350        0.00853       -0.00024      300.00000      144.75984
   19    1    1     8612.34813     8597.49600     4053.01273        6.57615       53.88411        0.00355        0.00465        1.09429       18.40000        8.65032        0.63982        1.09474        4.32298        0.00464        0.00948       -0.00053       10.12967       55.74807        0.00379        0.00718       18.24608        0.01526        0.24338       10.12221        4.02980        0.00395        0.00350        0.00745      300.00000      177.11221
   20    1    1     3387.87577     1844.71450      631.53986        2.86291       42.79309        0.00224        0.02505        0.99458       26.10000        0.34252        0.73952        0.99505       10.70728        0.02846        0.06802       -0.00040        0.24640       39.71360        0.00193        0.00900       29.04073        1.54407        0.29765        0.24632       11.60484        0.03355        0.06780        0.00008      300.00000       49.79947
   21    1    1     2072.93110     1585.12679      574.79903        0.58637        7.55249        0.00007        0.02019        0.94135       16.70000        0.02092        0.79647        0.93810       18.25578        0.08366        0.00487        0.00317        0.66665       42.39340        0.00219        0.08586       11.17021        0.16843        0.90097        0.65320       13.00136        0.04295        0.00049        0.01345      300.00000      133.04667
   22    1    1     2031.84782     4454.28234     1748.18082        0.50615       16.17447        0.00032        0.12440        0.68662       29.50000        3.12192        1.04790        0.68666       16.17526        0.06515        0.08193        0.00006        1.81718       33.31034        0.00135        0.01738       41.13167        0.85984        2.27588        1.77085       22.65743        0.13314        0.02346        0.04633      300.00000      141.32663
   23    1    1     1797.25648     2078.34925      790.64723        3.62792       84.72927        0.00877        0.05785        0.57430       34.20000        0.65646        1.16197        0.57260        2.32239        0.00132        0.03111        0.00167        0.93886       94.30775        0.01084        0.09019       21.60092        0.41028        1.01969        0.92618        1.59696        0.00065        0.02128        0.01267      300.00000       19.96894
   24    1    1     2840.39157     1764.01164      614.47050        5.26324      104.49468        0.01334        0.03481        1.07408       12.60000        0.32974        0.67354        1.06102        8.39244        0.01701        0.00163        0.01311        0.93580      105.15824        0.01348        0.03488       14.90080        0.35327        0.78724        0.92772        7.35890        0.01369        0.00579        0.00808      300.00000       55.62356
   25    1    1     2279.53501   177535.39249    72470.86467        2.41795       47.09404        0.00271        0.04362        0.92318       16.50000      178.74981        0.81180        0.92277       17.59963        0.07726        0.00653        0.00044       35.18529       50.67063        0.00314        0.01945       20.59305        0.22823      145.08218       35.16948       19.88214        0.09525        0.00150        0.01581      300.00000       80.86457
   26    1    1     7559.11020     1542.91226      610.42722        5.86227       62.72540        0.00481        0.00918        0.68108        7.50000        0.10025        1.05329        0.68127        9.48761        0.02222        0.02151       -0.00016        0.28792       46.79595        0.00267        0.01764       13.51959        0.13794        1.41767        0.28828        6.05571        0.00906        0.01943       -0.00036      300.00000      138.97974
   27    1    1     1317.41762     2390.42747      987.45068        0.23238        8.16009        0.00008        0.15052        0.32043       23.10000        0.78180        1.42685        0.30771        6.70856        0.01143        0.01057        0.01272        1.54772       43.22933        0.00228        0.09312       38.63960        0.10618        0.93656        1.53116        5.27828        0.00710        0.00873        0.01656      300.00000      132.87263
   28    1    1     2348.51892     2550.08317      429.34590        3.17623       62.17231        0.00472        0.04207        1.30018       28.80000        1.19811        0.43916        1.29540        7.71109        0.01450        0.01211        0.00479        1.62596       55.06502        0.00370        0.03027       35.74224        0.81308        0.51515        1.62398        5.68781        0.00810        0.01460        0.00198      300.00000       50.54907
   29    1    1     2748.44012     2224.05468      966.36641        6.26510       97.41786        0.01159        0.01794        0.12598       12.50000        0.81899        1.62067        0.11389        5.71254        0.00828        0.00001        0.01204        0.91098       97.29886        0.01156        0.01850       12.22848        0.42619        1.22178        0.90529        5.61076        0.00793        0.00653        0.00569      300.00000        1.94671
   30    1    1     2880.33815     1528.92064      683.18353        7.43633       92.20393        0.01038        0.00839        0.61408       22.00000        0.02801        1.12872        0.60584        4.84765        0.00570        0.01966        0.00833        1.10287       92.18289        0.01037        0.00824       22.09123        0.02403        0.64586        1.09287        4.82587        0.00564        0.01793        0.01000      300.00000        0.45952
   31    1    1      806.36466     1768.30330      765.38009        8.90979      271.69705        0.09016        0.02341        1.56153        7.90000        0.08934        0.18576        1.54880        6.92639        0.01218        0.00841        0.01279        1.21433      271.61548        0.09004        0.02349        7.95092        0.09308        0.53700        1.19388        6.92345        0.01225        0.00062        0.02045      300.00000        0.23209
   32    1    1     2562.16908     1649.55031      843.98150        7.93816      101.79657        0.01266        0.00743        0.49254       13.20000        0.12927        1.24530        0.48927        1.64198        0.00066        0.00416        0.00326        0.26030      101.98699        0.01268        0.00766       13.02145        0.29163        1.31688        0.25508        1.64246        0.00066        0.00221        0.00522      300.00000        0.35242
   33    1    1     1619.20012     1659.69140      585.12825        7.34858      166.36391        0.03380        0.02879        1.34282       34.70000        0.06335        0.42317        1.31140       15.02634        0.05810        0.01846        0.03140        0.96713      166.33354        0.03376        0.02876       34.71465        0.08223        0.78078        0.93494       15.02754        0.05814        0.01769        0.03219      300.00000        0.14503
   34    1    1     4222.01565     1589.30872      687.19825        4.65739       66.16729        0.00535        0.01930        0.70520        3.80000        0.03521        1.03251        0.70205       13.37397        0.04489        0.00809        0.00310        0.62529       66.39844        0.00538        0.00965       10.16825        0.06410        1.09646        0.61464       13.99934        0.04966        0.00003        0.01065      300.00000       36.79970
   35    1    1     3600.54593     8880.17732     4251.80173        5.24108       47.92127        0.00280        0.00741        0.07349       36.30000        8.61205        1.66148        0.07308        1.69285        0.00071        0.00509        0.00037        1.85356       58.95872        0.00424        0.02664       29.72614        0.05515        8.41535        1.85409        3.64691        0.00329        0.00480       -0.00053      300.00000       28.72473
   36    1    1     1200.53529     2020.65948      890.85101        0.59069       19.19359        0.00045        0.12850        0.41253        9.30000        0.15867        1.35092        0.38365       19.07942        0.08686        0.00048        0.02894        1.80679       46.03488        0.00257        0.14283       25.28232        0.03478        0.10110        1.78934       12.37190        0.03902        0.01134        0.01745      300.00000      132.51024
   37    1    1     2442.12895    50449.40665    20488.79863        4.84534      101.51766        0.01259        0.04103        0.67605       22.40000       52.67216        1.06067        0.67389       12.27965        0.03695        0.01130        0.00212       12.78925       93.51177        0.01068        0.04630       17.73786        0.03274       41.57616       12.78049       14.62522        0.05410        0.00153        0.00876      300.00000       32.03095
   38    1    1     8420.69760    11403.72277     5216.42736        1.90402       29.87821        0.00109        0.02898        0.80088        8.90000       11.48180        0.93334        0.80123        6.51276        0.01054        0.00958       -0.00034        2.29939       24.56811        0.00074        0.00104       28.21539        0.10362       10.85310        2.28607        5.50825        0.00771        0.00062        0.01332      300.00000       31.06760
   39    1    1     1732.44016     1700.77615      574.55623        7.04939      156.55039        0.02993        0.03030        0.74547       14.20000        0.32836        1.01084        0.72373        3.19140        0.00260        0.00382        0.02176        0.91061      155.67026        0.02949        0.03115       13.76971        0.48547        0.67921        0.89764        3.27496        0.00259        0.01280        0.01297      300.00000        0.17907
   40    1    1     2988.09790    33423.42492    14130.84998        6.23421       93.14933        0.01060        0.01667        0.05043       27.60000       34.72956        1.68397        0.05060       16.07104        0.06371        0.00140       -0.00009       13.11031       92.24226        0.01039        0.01619       27.77094        0.21286       23.14181       13.11014       16.07093        0.06436        0.00044        0.00018      300.00000        7.65025
   41    1    1     4766.08548     2043.97187      552.16113        7.65052       57.44614        0.00403        0.00286        0.84023       33.80000        0.66094        0.89923        0.83533       10.96527        0.02932        0.01013        0.00493        0.60174       57.11211        0.00398        0.00289       33.80712        1.04337        0.76384        0.58832       10.96469        0.03055        0.00038        0.01342      300.00000        3.04772
   42    1    1     3667.60713     1577.40207      804.76412        3.72300       32.45797        0.00129        0.00800        1.53763        7.50000        0.05017        0.22908        1.50549        0.71631        0.00013        0.00012        0.03217        1.23798       32.91405        0.00132        0.00877        5.26171        0.05356        0.50936        1.22052        1.14842        0.00034        0.01509        0.01745      300.00000       73.87136
   43    1    1     1909.01721     1535.88966      630.00994        2.00881       34.26138        0.00143        0.03409        1.06266       12.30000        0.00741        0.67384        1.06072       15.51704        0.05902        0.00078        0.00185        0.06417       67.94884        0.00562        0.04601        5.50447        0.00167        1.66873        0.06419       14.25260        0.05008        0.00296       -0.00002      300.00000       95.43191
   44    1    1     1676.21630     1752.01329      743.27402        7.42841      158.52156        0.03069        0.02493        0.31724       14.40000        0.34846        1.42374        0.31083        5.72321        0.00826        0.01196        0.00640        0.88388      158.48146        0.03062        0.02525       14.22889        0.06095        1.15671        0.86510        5.71500        0.00785        0.00000        0.01879      300.00000        1.18043
   45    1    1     3013.18489   151203.52658    58633.67882        4.73910       56.89327        0.00395        0.01365        0.14076       33.40000      152.48089        1.60566        0.12891        3.55613        0.00321        0.00789        0.01187       21.99601       58.41155        0.00416        0.02464       34.09845        2.30900      129.89386       21.99145        8.42054        0.01784        0.01051        0.00456      300.00000       45.39770
   46    1    1     1820.60726     3311.23853     1363.65509        5.49778      139.50080        0.02377        0.05487        1.49344       28.50000        2.05135        0.24731        1.48725        9.42010        0.02237        0.03166        0.00618        2.32267      142.34516        0.02471        0.05780       26.95303        0.16861        1.32450        2.28828        9.54728        0.02168        0.00479        0.03439      300.00000        7.88004
   47    1    1     4833.81813     1447.45213      617.70264        6.66503       63.23675        0.00488        0.00611        1.00231       22.90000        0.06679        0.73371        1.00085        5.26027        0.00692        0.00460        0.00148        1.46225       63.87227        0.00498        0.00610       22.73136        0.02759        0.31271        1.46062        5.37191        0.00708        0.00462        0.00162      300.00000       20.56700
   48    1    1     2384.82020     2403.78356     1007.02147        1.38220       24.66557        0.00074        0.03815        1.16810       28.30000        0.98560        0.58147        1.15309       12.28988        0.03843        0.00277        0.01504        1.96179       30.98741        0.00117        0.02628       26.43382        0.04007        0.74189        1.95819       10.85552        0.02879        0.01526        0.00360      300.00000      113.54498
   49    1    1     2407.40232     1686.84988      707.67961        7.34238      113.90284        0.01585        0.01355        0.65151       10.50000        0.23472        1.08391        0.65065        8.61047        0.01822        0.00012        0.00082        1.51009      113.40340        0.01570        0.01260       11.53308        0.03476        0.42595        1.50976        8.60935        0.01824        0.00053        0.00033      300.00000        2.29935
   50    1    1     1708.81863     1584.48941      641.34897        4.14350      115.15633        0.01620        0.07814        0.63286       15.80000        0.01213        1.10613        0.62844        8.08945        0.01597        0.00099        0.00443        1.27597      124.96869        0.01896        0.08620       14.29662        0.01054        0.45782        1.27599        5.50184        0.00746        0.00545       -0.00003      300.00000       12.65994
   51    1    1     2264.55564     3348.21075     1434.23944        4.40024      100.33794        0.01230        0.05121        0.13506       15.20000        2.01114        1.60533        0.12923        9.78946        0.02415        0.00108        0.00578        1.73877       89.24991        0.00966        0.04574       24.54061        0.43687        1.57004        1.73383       12.21427        0.03755        0.00163        0.00494      300.00000       16.32941
   52    1    1     3227.42560     5753.84105     2792.21565        7.34571       83.99402        0.00862        0.00735        1.13337       38.80000        5.17796        0.60990        1.12467       10.24278        0.02653        0.02807        0.00877        2.99910       84.18297        0.00865        0.00730       38.79309        0.14233        3.77119        2.99898       10.24235        0.02585        0.03740        0.00011      300.00000        1.11541
   53    1    1     3841.29510    12885.26038     5880.04859        5.45692       85.84302        0.00900        0.02122        1.33310       39.90000       12.98490        0.41638        1.31819        8.21912        0.01629        0.00022        0.01489       11.32909       86.60918        0.00916        0.02149       40.75657        1.01016        2.39611       11.32970        6.62044        0.01085        0.00426       -0.00061      300.00000       77.94877
   54    1    1     1907.65207    14500.49179     6619.98273        2.17930       29.13900        0.00104        0.02080        0.49968       42.80000       14.48026        1.23963        0.49494       10.29776        0.02669        0.02532        0.00470        2.39305       27.50030        0.00092        0.08104       48.38188        2.88669       10.90499        2.35641        1.03154        0.00025        0.02647        0.03665      300.00000      163.14832
   55    1    1     3832.33467     1542.66642      703.48072        3.42703       31.55331        0.00122        0.00914        1.61668       22.70000        0.02239        0.11748        1.61709        7.76468        0.01491        0.00204       -0.00040        0.64067       29.15701        0.00104        0.01466       25.38705        0.04335        1.08058        0.63920        3.80360        0.00355        0.00001        0.00146      300.00000       78.25551
   56    1    1     2109.57292     5475.07124     2509.73699        5.03487      123.13962        0.01852        0.05454        0.52116       28.20000        4.48687        1.21580        0.51876        4.58036        0.00514        0.00311        0.00232        4.50477      127.26064        0.01977        0.05509       27.03742        0.53355        1.18068        4.50415        5.11990        0.00645        0.00485        0.00063      300.00000       28.03143
   57    1    1     2001.22571     1609.99679      584.01422        0.53078       11.43636        0.00016        0.05654        0.88002       15.00000        0.02431        0.88816        0.84640       14.68533        0.05131        0.01998        0.03373        0.94667        4.77380        0.00003        0.03122       14.38763        0.01077        0.80624        0.94609       17.83272        0.07822        0.04733        0.00057      300.00000      172.53722
   58    1    1     4798.96106     1446.24668      625.66699        3.33567       22.15568        0.00060        0.00479        1.22041        5.20000        0.08221        0.53990        1.19466        8.49702        0.01726        0.00271        0.02575        0.82414       20.27315        0.00050        0.00456        6.64384        0.03358        0.98112        0.80215        8.66198        0.01919        0.00478        0.02200      300.00000       86.87423
   59    1    1     4618.95263     3449.68905     1561.90113        8.25022       51.48106        0.00324        0.00152        0.89434       10.00000        2.39716        0.84352        0.89104       13.09895        0.04308        0.04266        0.00330        2.08166       51.54225        0.00324        0.00148        9.94899        0.04181        2.00798        2.08191       13.09895        0.04266        0.04670       -0.00025      300.00000        4.12485
   60    1    1     2499.60613     1861.27057      918.61476        3.53727       50.09362        0.00306        0.02143        0.39822        6.60000        0.30751        1.33971        0.39485        5.37126        0.00705        0.01259        0.00340        0.37294       50.71274        0.00313        0.02336        7.71274        0.05985        1.61040        0.37251        4.37282        0.00477        0.01513        0.00043      300.00000       71.61328
   61    1    1     3097.93127     7199.11772     3237.49965        0.01644        0.30515        0.00000        0.04209        0.75243       11.50000        6.74299        1.01243        0.72213        7.22912        0.01246        0.00708        0.03029        5.56584        2.45938        0.00001        0.00732       11.73355        0.09660        2.87478        5.53149        8.52735        0.01874        0.00619        0.03435      300.00000      177.54790
   62    1    1     2072.52880     1705.28021      842.76023        5.56609      120.42054        0.01771        0.03945        0.74139        7.60000        0.00339        1.03242        0.70214        3.35028        0.00266        0.00552        0.03922        0.46645      121.86604        0.01802        0.04064        5.00424        0.12614        1.16280        0.44729        3.47822        0.00291        0.02561        0.01916      300.00000        1.11862
   63    1    1     4093.15892     1666.07582      693.37435        2.50821       14.00445        0.00024        0.00357        0.58446       12.90000        0.26159        1.15355        0.58102       12.09209        0.03672        0.01718        0.00342        0.58153       26.94809        0.00088        0.02647        6.45784        0.90165        0.53780        0.56186        5.86327        0.00878        0.00019        0.01968      300.00000      104.48839
   64    1    1     2328.45093     1697.11797      673.70426        4.73702      121.67702        0.01808        0.06250        0.14166       11.60000        0.13883        1.60326        0.13131       15.52951        0.05841        0.02414        0.01038        0.99037      111.89848        0.01529        0.04987       20.58562        0.82200        0.08082        0.98470       15.68601        0.05993        0.02861        0.00567      300.00000       54.62067
   65    1    1     4767.03281     1778.78797      666.28122        2.25730       20.76860        0.00053        0.00981        0.74287       20.20000        0.41136        0.99129        0.74327        4.46908        0.00494        0.01922       -0.00039        1.56105       20.29064        0.00050        0.00513       17.46894        0.18201        0.41218        1.55319        5.53844        0.00775        0.01139        0.00786      300.00000       91.28412
   66    1    1     3529.71178    16487.43935     7158.36745        0.91319        9.20011        0.00010        0.01229        0.84974       27.50000       17.07643        0.88506        0.84951       18.19336        0.08251        0.00511        0.00026       13.18969       31.44877        0.00121        0.00734       23.81315        0.15198        5.46063       13.17829       20.26081        0.09931        0.00111        0.01140      300.00000      128.44445
   67    1    1     2168.33366    57681.14244    23054.94883        4.37638       65.91444        0.00531        0.02240        0.14048       28.10000       60.18651        1.63237        0.10219        9.92438        0.02544        0.01664        0.03826       13.13048       61.99684        0.00468        0.10139       29.10469        0.12535       48.59208       13.12334       11.26985        0.03087        0.04427        0.00713      300.00000       45.73503
   68    1    1     1847.63452     2812.11203      976.28217        6.13897      143.84235        0.02527        0.04178        1.40723       21.60000        1.39172        0.33363        1.40093        9.96589        0.02417        0.00349        0.00620        1.46253      145.27871        0.02570        0.03982       22.29993        0.68891        0.97839        1.46062        9.96431        0.02486        0.00709        0.00191      300.00000        2.64589
   69    1    1     1891.25649   303904.08412   122417.62365        6.26103      141.48023        0.02445        0.03792        0.93235       11.00000      302.02452        0.81419        0.92037        4.53741        0.00498        0.00119        0.01192        9.98419      141.62475        0.02450        0.03730       11.03856        0.02707      293.76049        9.97180        4.65813        0.00551        0.00069        0.01239      300.00000        2.30934
   70    1    1     2581.52003     4845.47904     2248.26247        5.42913       99.10872        0.01200        0.02870        1.27149        4.60000        3.95234        0.46497        1.26959        8.68628        0.01889        0.00018        0.00191        1.05948      104.27314        0.01324        0.02707        5.77838        0.04609        4.58176        1.05962        8.66977        0.01854        0.00243       -0.00014      300.00000       10.08201
   71    1    1     1728.50576    21396.85808     9285.02872        2.06748       45.12538        0.00249        0.05570        0.79529       33.50000       22.53450        0.94164        0.79292        4.65673        0.00531        0.00001        0.00229       14.09966       54.40504        0.00361        0.04932       17.50171        0.39889        9.76514       14.09881        8.41269        0.01740        0.00096        0.00085      300.00000      107.79363
   72    1    1     4973.75582     1899.19615      758.09084        0.34163        6.36188        0.00005        0.04231        0.43090       31.50000        0.33796        1.40480        0.32977        1.23573        0.00035        0.00185        0.10117        0.32812       34.93955        0.00149        0.00582       23.37256        0.18438        1.58747        0.27632       15.06467        0.05901        0.05193        0.05180      300.00000       22.90090
   73    1    1     2661.42438     1721.70741      688.11522        4.14845       62.61853        0.00479        0.02304        0.36657       11.00000        0.41215        1.36955        0.36501        5.07884        0.00645        0.00711        0.00155        0.82010       46.67077        0.00265        0.02927       12.41589        0.37457        0.93887        0.81728        8.53867        0.01829        0.00591        0.00282      300.00000       38.77549
   74    1    1     3840.74474     4633.28382     2291.49476        4.89737       81.28134        0.00807        0.02557        0.36463       14.90000        3.62053        1.36955        0.36501        3.20710        0.00254        0.00138       -0.00048        3.41057       78.39306        0.00750        0.01710       11.89574        0.24801        1.69194        3.41021        8.19420        0.01675        0.00042        0.00036      300.00000       63.76948
   75    1    1     2355.57913    41407.06641    16260.82171        4.09518       85.58119        0.00895        0.04439        0.92673       27.00000       43.14931        0.81644        0.91813       15.12562        0.05785        0.13950        0.00858       17.71806       82.94898        0.00839        0.02498       32.93010        0.68172       26.65373       17.58083       13.73446        0.05049        0.00580        0.13723      300.00000       22.03236
   76    1    1     5297.44108     1460.38836      601.55979        5.45325       68.00470        0.00565        0.01335        1.05359       13.40000        0.02491        0.70496        1.02961        4.82895        0.00558        0.02333        0.02398        0.80246       63.24657        0.00487        0.02089       12.31574        0.06021        0.89707        0.79977        1.86640        0.00085        0.04503        0.00269      300.00000      119.62002
   77    1    1     1571.61687     1976.91847      582.16513        6.55802      170.60472        0.03555        0.04711        0.88522       20.50000        0.50245        0.84887        0.88569        9.44365        0.02204        0.00091       -0.00040        1.33706      170.61148        0.03548        0.04709       20.49921        0.25777        0.64167        1.33756        9.46344        0.02214        0.00094       -0.00051      300.00000        0.61753
   78    1    1     1403.54221     1646.77060      617.67684        1.04674       28.57032        0.00100        0.08999        0.77814       16.20000        0.01627        0.96626        0.76831       15.30596        0.05678        0.06237        0.00972        0.17961       51.54127        0.00323        0.09282       12.17603        0.03719        1.59963        0.12179       15.70444        0.05793        0.00037        0.05782      300.00000      131.50384
   79    1    1     1582.17790     1586.80199      631.99130        5.55525      161.79902        0.03197        0.07163        1.49234        2.50000        0.01164        0.25098        1.48359       11.29124        0.03224        0.00581        0.00874        0.82405      159.59296        0.03084        0.07161        3.74660        0.37725        0.54487        0.82450       11.41120        0.03221        0.01579       -0.00045      300.00000        4.06697
   80    1    1     1793.83431     1548.67756      665.57168        0.44087        8.51473        0.00009        0.04547        1.05518       15.30000        0.16207        0.67882        1.05574       10.27613        0.02614        0.00240       -0.00048        1.14796       34.75170        0.00147        0.06952       18.64959        0.16654        0.57651        1.14640        5.73158        0.00806        0.00010        0.00156      300.00000      149.46074
   81    1    1     5489.85425     2972.70285     1468.90861        5.24208       48.08867        0.00282        0.00745        0.29685       13.90000        1.60838        1.44310        0.29146        2.12030        0.00113        0.00487        0.00539        0.33442       46.54378        0.00265        0.01017       13.62848        1.19383        1.81076        0.33462        2.99148        0.00221        0.01057       -0.00020      300.00000       45.73244
   82    1    1     3923.00926    11889.71496     5107.41111        0.71657       13.71751        0.00023        0.04453        0.43885       31.50000       12.22461        1.36122        0.37334        5.65046        0.00747        0.00172        0.06555        7.69188       11.96574        0.00017        0.03932       21.89767        3.05680        3.23563        7.68648        9.14806        0.02108        0.03376        0.00540      300.00000      142.13056
   83    1    1     1253.05106     1649.48514      591.82752        6.82356      215.09971        0.05651        0.06486        1.58268       22.50000        0.07533        0.15398        1.58059       10.21023        0.02611        0.01313        0.00196        1.33017      214.45924        0.05594        0.06412       23.07367        0.41930        0.06162        1.33030       10.22117        0.02577        0.01568       -0.00014      300.00000        0.20710
   84    1    1     2302.78088     1603.70787      601.13916        1.59467       23.81798        0.00069        0.02655        1.17162        5.30000        0.07582        0.56274        1.17182       13.90841        0.04773        0.03407       -0.00020        0.92667       29.15711        0.00103        0.02413        9.75085        0.03978        0.87911        0.89382       13.62089        0.04416        0.00434        0.03286      300.00000      127.80584
   85    1    1     1547.12227     2078.71747      694.28748        6.87631      177.09873        0.03831        0.04271        1.66948       19.30000        0.49744        0.06453        1.67003        5.98609        0.00887        0.01745       -0.00048        0.77963      176.22678        0.03758        0.04296       19.52952        0.94695        0.52302        0.76250        5.98355        0.00862        0.00002        0.01713      300.00000        1.66854
   86    1    1     1428.47787     3349.23083     1163.20534        3.40726       90.59910        0.01002        0.07633        1.53454       37.90000        2.20020        0.20056        1.53401       10.75027        0.02843        0.00263        0.00051        1.32580       56.99600        0.00394        0.06659       26.03671        0.94475        1.62862        1.32534       17.99471        0.08078        0.00223        0.00046      300.00000       90.97107
   87    1    1     1763.40280     1925.81912      818.50546        0.14967        4.56228        0.00003        0.11346        1.50531       18.20000        0.24780        0.23257        1.50200        5.37126        0.00705        0.01259        0.00336        1.78096       28.58564        0.00099        0.03053       41.94647        0.25821        0.02738        1.78025        4.82777        0.00582        0.01492        0.00072      300.00000      151.24634
   88    1    1     2589.31197     4252.08204     1446.70840        8.52365       92.32368        0.01041        0.00392        1.13005       34.90000        3.07987        0.61654        1.11803       15.39944        0.06017        0.00063        0.01207        0.91750       91.96774        0.01031        0.00398       34.90070        3.57877        0.32746        0.90821       15.39957        0.05750        0.00607        0.00930      300.00000        0.85318
   89    1    1     2614.95466     2232.15625      709.04250        6.90614      109.86852        0.01474        0.01617        0.76949       15.00000        0.95238        0.96471        0.76986        7.41157        0.01357        0.00704       -0.00031        1.45508      108.51159        0.01437        0.01524       15.83375        0.89296        0.34601        1.44929        7.41201        0.01338        0.00107        0.00578      300.00000        8.27561
   90    1    1     1946.60132     1720.34446      690.24067        3.41953       76.54465        0.00716        0.05404        1.26675       10.80000        0.29742        0.49152        1.24305       10.84920        0.03014        0.00001        0.02375        1.26798       41.20896        0.00207        0.03134       23.74481        0.11099        0.69249        1.25815       10.84364        0.02850        0.01367        0.00983      300.00000       80.57094
   91    1    1     1559.42205     1623.64464      561.53369        7.24684      176.33198        0.03797        0.03434        1.02533        6.50000        0.06578        0.71891        1.01566       17.11283        0.07097        0.00482        0.00976        0.69046      175.89860        0.03769        0.03460        6.48307        0.11392        1.01051        0.67592       17.11311        0.07064        0.00030        0.01454      300.00000        2.37804
   92    1    1     1528.02318     3410.54673     1451.93064        8.44110      160.76331        0.03157        0.01274        0.64998       27.30000        1.98116        1.08555        0.64901       13.50630        0.04482        0.00001        0.00091        3.11771      160.59667        0.03145        0.01297       27.24194        0.38045        0.21743        3.11768       13.50675        0.04498        0.00084        0.00002      300.00000        0.23426
   93    1    1     1418.78335     5625.04997     2692.44726        7.20597      191.01630        0.04456        0.04126        0.98927       24.20000        4.48739        0.76758        0.96699       10.06614        0.02429        0.03055        0.02232        1.85419      190.90581        0.04450        0.04193       23.96207        1.18576        3.19952        1.83609       10.06782        0.02438        0.03463        0.01810      300.00000        0.73247
   94    1    1     1322.76317     1889.96752      442.38732        7.68393      200.99257        0.04934        0.03423        0.67471       14.90000        0.33969        1.06753        0.66703        5.96118        0.00863        0.17365        0.00763        1.03018      200.71440        0.04904        0.03390       15.36300        0.37227        0.85399        0.84872        5.96172        0.00800        0.00042        0.18146      300.00000        0.17372
   95    1    1     1518.42581     5335.59255     2151.30543        7.94489      171.04544        0.03573        0.02088        0.41236       39.50000        4.24220        1.32246        0.41210       20.07619        0.09926        0.02229        0.00018        3.46510      171.33821        0.03569        0.02100       39.49338        0.42444        2.09078        3.46153       20.07590        0.10124        0.01694        0.00357      300.00000        0.20789
   96    1    1      961.06120     1735.07189      828.33058        8.46955      251.16592        0.07705        0.03036        1.66373       14.10000        0.04457        0.10152        1.63304        3.60779        0.00335        0.00032        0.03062        0.61186      251.23818        0.07709        0.03042       13.99530        0.08379        1.09244        0.60275        3.62054        0.00332        0.02198        0.00911      300.00000        0.41597
   97    1    0     1187.91981  7238537.73387  2309255.18029        4.49821       35.90989        0.00157        0.00621        1.60545       19.30000     6216.70316        0.14040        1.59416       11.18322        0.03171        0.10399        0.01137     3827.80145        0.00000        0.00000        0.00000       63.06957        0.01126     2391.17140     3827.80145        0.00000        0.00000        0.00000        0.00000      300.00000        0.00000
   98    1    1     1264.83707  2906041.88983   925193.84062        1.46437       19.11804        0.00045        0.02037        0.61368       24.80000     2541.49461        1.12446        0.61010        8.14849        0.01668        0.00421        0.00258      519.90746      250.18753        0.07610        3.64398      255.14391        9.66738     2009.87301      519.90050       20.09935        0.10196        0.00354        0.00696      300.00000      140.17113
   99    1    1     2026.19714     3008.16698     1186.61481        2.24527       48.16035        0.00283        0.05336        1.20174       12.10000        1.71518        0.53240        1.20216       15.24374        0.05746        0.03619       -0.00045        0.91108       89.52527        0.00978        0.03498       37.47651        0.67450        1.94009        0.90161        2.74730        0.00183        0.02690        0.00948      300.00000       53.96432
  100    1    1     5261.07532     1573.22462      763.93846        5.04914       62.88892        0.00483        0.01412        1.01023        6.80000        0.03825        0.72385        1.01071        3.72282        0.00343        0.02014       -0.00059        0.94489       47.07726        0.00270        0.00615       11.95014        0.04812        0.78356        0.94541        6.10150        0.00922        0.02021       -0.00052      300.00000       70.12294
