    1    1    1     2089.08654     1936.20028      505.65216        4.81553      121.96466        0.01817        0.06018        0.77653       36.50000        0.38121        0.95910        0.77547       11.27093        0.03175        0.05802   -33197.38275        0.72695      123.54310        0.01864        0.06516       31.23961        0.44579        0.94142        0.71101       13.25704        0.04234        0.04465        0.01594      300.00000       39.46018
    2    1    1     1887.07589    35960.23958    16605.04245        6.56254      141.43803        0.02443        0.03230        0.87114       23.10000       37.87814        0.86438        0.87018        6.20225        0.00945        0.00071        0.00097        9.73795      142.52901        0.02478        0.03206       23.09766        0.79465       29.07970        9.73852        6.13375        0.00931        0.00208       -0.00056      300.00000        0.45343
    3    1    1     1777.76322     2281.17073      914.09232        8.37402      140.32124        0.02405        0.01025        1.15403       15.70000        0.99880        0.58699        1.14757        3.90131        0.00384        0.00073        0.00637        1.06697      140.40737        0.02404        0.01026       15.70829        0.45501        1.21359        1.06477        3.91176        0.00375        0.00507        0.00220      300.00000        0.80598
    4    1    1     2359.61072     4081.11976     1720.81782        8.34731      104.93337        0.01345        0.00585        0.54617       22.30000        2.93680        1.19759        0.53698        8.73231        0.01849        0.03929        0.00919        2.48274      105.41333        0.01355        0.00590       22.26722        1.64501        0.58777        2.43851        8.73227        0.01976        0.00293        0.04423      300.00000        0.20164
    5    1    1     1896.49489     1680.34150      535.40605        1.14151       28.56106        0.00100        0.07546        1.20480       14.00000        0.16545        0.52928        1.20528       15.37189        0.05849        0.01115       -0.00057        1.11639       34.21865        0.00142        0.04068        5.43833        0.49199        0.28763        1.10931       20.36591        0.10469        0.00285        0.00708      300.00000      115.26018
    6    1    1     1726.43434     2373.06955      625.09261        0.12850        3.55479        0.00002        0.09345        1.58026       20.60000        0.95183        0.15536        1.57921        6.13618        0.00925        0.00019        0.00108        1.28130       36.99003        0.00167        0.03534       24.22713        1.02683        0.38715        1.28075       15.14661        0.05643        0.00163        0.00055      300.00000      138.58540
    7    1    1     2790.40969     1859.44578      662.82963        0.19665        3.42865        0.00001        0.03711        0.72933       20.60000        0.41609        1.02858        0.70599        8.92889        0.01910        0.04806        0.02328        0.56044       24.64886        0.00074        0.01347       17.63722        1.01675        0.60529        0.56055        5.89371        0.00864        0.07293       -0.00011      300.00000      137.95933
    8    1    1     2124.43334     1724.13675      584.43462        5.01118      123.96666        0.01877        0.05597        1.16533       34.10000        0.17878        0.58329        1.15127       10.19400        0.02508        0.00031        0.01412        0.69404      130.35985        0.02061        0.05320       34.09909        0.26537        0.96536        0.68243       10.40869        0.02621        0.00275        0.01162      300.00000       30.49720
    9    1    1     1323.47911     2299.66883      642.61521        8.04321      195.58687        0.04672        0.02550        1.27345       19.90000        0.80272        0.46610        1.26846       11.37161        0.03255        0.00003        0.00498        1.60917      195.21678        0.04641        0.02565       19.95954        0.57819        0.35548        1.60374       11.37197        0.03151        0.00066        0.00544      300.00000        0.14230
   10    1    1     2684.05963     7783.85679     3480.52901        6.27373      103.11835        0.01299        0.02001        0.94354       12.50000        7.30378        0.80133        0.93324        7.46590        0.01350        0.00402        0.01032        0.95026      104.67473        0.01338        0.01998       13.14691        1.88576        6.21446        0.93878        7.26054        0.01337        0.00198        0.01147      300.00000        8.06402
   11    1    1     3137.40151     1794.01660      801.61635        0.34082        4.60888        0.00003        0.02231        1.34791       15.90000        0.01782        0.38621        1.34836       20.73785        0.10637        0.00030       -0.00054        0.60879       10.67912        0.00014        0.01012       24.59796        0.91582        0.24218        0.60915       20.47427        0.10359        0.00031       -0.00035      300.00000      155.75751
   12    1    1     1588.02287     1819.43584      754.53257        6.61458      169.03808        0.03490        0.04486        1.59973       25.90000        0.18228        0.13585        1.59871       10.47199        0.02740        0.01335        0.00106        0.20236      169.47089        0.03485        0.04490       25.86699        1.29230        0.42219        0.20224       10.48265        0.02708        0.01468        0.00012      300.00000        0.22066
   13    1    1     2101.97328     3221.16796     1369.94119        7.65492      124.85238        0.01904        0.01345        1.11005       24.40000        2.07819        0.62624        1.10833        4.12853        0.00418        0.00408        0.00176        2.08188      125.17198        0.01908        0.01370       24.27749        0.21922        1.51340        2.07983        4.16713        0.00435        0.00359        0.00205      300.00000        1.29139
   14    1    1     2018.71712     3175.84994     1148.61067        8.05172      128.99669        0.02032        0.01103        1.37337       24.30000        1.88586        0.36548        1.36909        9.23402        0.02144        0.01876        0.00427        1.02498      128.35066        0.02008        0.01122       24.29934        1.14279        1.46572        1.01191        9.23391        0.02060        0.01087        0.01307      300.00000        0.49065
   15    1    1     5331.74094    29017.87245    12119.85857        4.48279       50.91188        0.00317        0.01259        0.60694       29.30000       30.04771        1.13006        0.60451        9.84933        0.02375        0.00557        0.00247        9.80726       68.77684        0.00577        0.02797       30.94967        0.31140       21.66135        9.80687        5.58813        0.00779        0.00829        0.00039      300.00000       99.91980
   16    1    1     1839.29129     8692.22184     4074.35567        6.84862      149.31743        0.02723        0.03083        1.10782       17.70000        8.62779        0.63450        1.10006        0.54986        0.00008        0.00000        0.00768        9.49171      149.58701        0.02723        0.02977       18.27383        0.32513        0.55389        9.48443        0.55344        0.00008        0.00043        0.00728      300.00000        2.59450
   17    1    1     2527.54240     1480.04779      664.73406        2.99847       62.85543        0.00483        0.04884        1.41656       12.50000        0.04475        0.32097        1.41359        5.79170        0.00842        0.01537        0.00301        0.47766       37.24711        0.00169        0.01607       28.98582        0.11385        1.23298        0.47191        4.52425        0.00498        0.01250        0.00575      300.00000       64.36851
   18    1    1    19722.57420     1655.72820      577.17675        6.10972       36.18317        0.00160        0.00268        0.77613       17.10000        0.30768        0.96464        0.76993        0.71634        0.00013        0.02606        0.00626        0.72405       53.10765        0.00344        0.02068        8.88446        0.33537        0.97917        0.70690        1.00796        0.00024        0.01598        0.01716      300.00000       14.40001
   19    1    1     2058.17864     1631.00218      792.73686        2.76348       57.33149        0.00401        0.04855        1.61922        8.70000        0.00437        0.11651        1.61805        3.23824        0.00262        0.02312        0.00124        0.41512       54.60939        0.00363        0.04140       12.50216        0.18093        1.15394        0.39892        8.11347        0.01677        0.00662        0.01620      300.00000       64.11307
   20    1    1     2401.61776     1724.35003      874.94113        8.31034      103.81664        0.01316        0.00590        0.29378       16.00000        0.02723        1.44109        0.29348       10.96222        0.02995        0.00232        0.00024        0.18462      103.87335        0.01317        0.00585       16.00530        0.14690        1.42990        0.18501       10.96163        0.02971        0.00327       -0.00038      300.00000        0.07864
   21    1    1     2104.06537     2017.03973      701.40654        0.31789        4.99465        0.00003        0.03012        1.28858       22.30000        0.57382        0.44552        1.28905       10.01677        0.02484        0.04194       -0.00046        1.24849       15.57422        0.00029        0.05032        9.68425        0.15939        0.90568        1.23918        5.96156        0.00899        0.03166        0.00931      300.00000      171.58779
   22    1    1     2137.07259     4832.56370     2383.25779        2.06622       51.54701        0.00325        0.07277        0.39590       14.80000        4.17102        1.33866        0.39591        7.56964        0.01427        0.03320       -0.00001        0.99265       63.60901        0.00494        0.03363       20.33071        0.43507        4.51551        0.97061       11.72965        0.03519        0.01208        0.02203      300.00000       55.28485
   23    1    1     2901.29241     2550.01996      623.41175        4.68674       58.71272        0.00421        0.01496        1.06391       22.90000        1.13838        0.67912        1.05544       21.36079        0.11535        0.00837        0.00834        1.58596       43.02496        0.00226        0.04877       17.76252        0.81965        0.46592        1.57594       19.14178        0.08877        0.01298        0.01002      300.00000       43.60514
   24    1    1     2344.92519     4336.56380     2077.61447        1.67886       26.34096        0.00085        0.02922        0.31447       19.70000        3.19985        1.43673        0.29784        5.74658        0.00841        0.04486        0.01656        0.24665       31.16091        0.00119        0.01726       18.94272        4.58791        0.14022        0.21250        7.39651        0.01410        0.02705        0.03415      300.00000      121.84870
   25    1    1     1055.31143    13787.01147     6791.68391        8.80959      212.14763        0.05497        0.01586        0.86287       40.80000       13.65685        0.89218        0.84238       17.62847        0.07460        0.00022        0.02049       11.89408      212.03562        0.05487        0.01580       40.84469        0.63929        2.86159       11.89072       17.62825        0.07803        0.01391        0.00336      300.00000        0.25819
   26    1    1     7392.42534     2174.24276      610.05018        6.07400       65.18590        0.00519        0.00888        0.91156       22.90000        0.93699        0.83603        0.89854        5.00523        0.00636        0.02439        0.01303        0.92394       40.67178        0.00202        0.00852       19.74777        0.81163        0.93335        0.92174        7.19162        0.01267        0.03727        0.00220      300.00000      160.21930
   27    1    1     2151.62737     2086.74328      691.14241        3.36753       94.78278        0.01097        0.08578        1.29879       19.80000        0.53014        0.44817        1.28639        5.46692        0.00722        0.00285        0.01234        1.62972       70.78533        0.00610        0.02956       24.25637        0.48249        0.16663        1.62034       16.05915        0.06252        0.00690        0.00938      300.00000       25.55295
   28    1    1     5934.19414     9272.79030     3959.33898        3.72878       29.25941        0.00105        0.00647        0.65430       32.40000        9.27869        1.08467        0.64990       11.31109        0.03218        0.05225        0.00439        1.61969       45.35977        0.00251        0.00422       35.64091        0.84620        8.61707        1.57550        7.99050        0.01510        0.00482        0.04418      300.00000        9.01366
   29    1    1     1560.87223     1837.17122      647.45252        3.19928       98.67129        0.01189        0.10428        1.12364       15.60000        0.31890        0.61192        1.12264        5.71607        0.00803        0.00319        0.00105        0.56652       79.78839        0.00775        0.07470       14.72147        0.63374        0.86910        0.56391       10.72782        0.02817        0.00188        0.00261      300.00000       43.17519
   30    1    1     1648.75128    31740.90225    14813.75376        3.10910       87.77847        0.00941        0.08794        0.44450       37.20000       32.92357        1.31445        0.42012       18.32852        0.08607        0.03565        0.02437        9.86175       77.78989        0.00737        0.06856       35.13330        0.40979       24.46681        9.80503       17.14651        0.07661        0.01070        0.05672      300.00000       45.59990
   31    1    1     1267.72824    46232.59747    19488.29896        1.35705       31.78090        0.00123        0.06575        0.54774       15.90000       47.07136        1.23314        0.50143        9.99596        0.02361        0.01380        0.04629       14.09108       11.02235        0.00015        0.09228       41.74017        0.06056       34.66906       14.05544       10.09155        0.02627        0.01720        0.03564      300.00000      160.80747
   32    1    1     1928.93315     1768.16812      710.47894        1.82453       45.87675        0.00257        0.07465        1.52655       35.50000        0.07946        0.22498        1.50959        9.30492        0.02206        0.02574        0.01700        0.40528       59.52533        0.00432        0.04545       35.00881        0.14257        1.29927        0.36754       14.11078        0.05142        0.00773        0.03774      300.00000       87.98278
   33    1    1     4258.97031     1682.76882      813.14762        0.01907        0.45617        0.00000        0.06989        1.29507        4.00000        0.02049        0.43982        1.29474        5.48793        0.00751        0.00621        0.00026        1.63542       17.80634        0.00039        0.03347       14.76874        0.03671        0.09904        1.62971       11.60901        0.03396        0.00000        0.00571      300.00000       94.40532
   34    1    1     1989.97554     2357.95173      816.94040        5.39967      131.97842        0.02127        0.05169        0.58390       11.30000        1.02604        1.20585        0.52872        5.81379        0.00795        0.00772        0.05516        1.30790      134.45356        0.02203        0.05465       11.62316        0.17893        1.28459        1.29745        4.19385        0.00426        0.05206        0.01046      300.00000       16.89328
   35    1    1     2418.86327     7315.60086     3239.98033        4.01407       49.55895        0.00300        0.01562        1.36370       45.70000        6.76526        0.37210        1.36246        9.39547        0.02207        0.02493        0.00123        6.82139       49.51055        0.00298        0.04343       25.59514        0.72183        0.87550        6.81834       17.02527        0.07274        0.02880        0.00305      300.00000       80.67816
   36    1    1     2782.17646     1599.89680      686.99282        3.56018       68.55378        0.00574        0.03954        1.21954       22.00000        0.03101        0.51553        1.21903       10.08408        0.02502        0.01225        0.00055        0.90413       54.43673        0.00361        0.01457       32.42604        0.04986        0.84386        0.90270        9.29680        0.02121        0.01138        0.00143      300.00000       32.63758
   37    1    1     2251.91188     2797.38203      761.87005        0.71345       12.19415        0.00018        0.03550        1.36434       49.00000        1.54101        0.37979        1.35478        4.00646        0.00389        0.01718        0.00952        1.19836       34.49270        0.00145        0.01822       37.52717        1.17930        0.87655        1.17209       16.59262        0.06581        0.00220        0.02627      300.00000      133.40133
   38    1    1     1734.97642     2227.00390      582.06243        3.41697      102.18644        0.01275        0.09648        1.47397       20.30000        0.76829        0.29226        1.44230        6.41137        0.00979        0.00120        0.03175        1.35908      112.00330        0.01527        0.07149       25.34873        0.54332        0.63935        1.33271        8.98389        0.02070        0.00553        0.02636      300.00000        4.66431
   39    1    1     1676.25650     3270.14955     1402.26938        7.48332      158.25795        0.03059        0.02403        0.46249       15.90000        2.12502        1.27166        0.46291        2.07744        0.00107        0.00708       -0.00037        2.22513      158.73250        0.03069        0.02441       15.55822        0.48110        1.15280        2.22513        2.08097        0.00107        0.00673       -0.00000      300.00000        1.01283
   40    1    1     4100.99156     1664.53786      674.38906        1.47158       22.71761        0.00063        0.02848        1.35038       19.90000        0.14953        0.38517        1.34939       10.93679        0.02939        0.00488        0.00100        0.55541       55.69946        0.00378        0.00840       26.00008        0.28275        1.05990        0.55574       11.56210        0.03322        0.00502       -0.00033      300.00000       14.16195
   41    1    1     1182.04555     3823.03656     1811.00776        8.98669      179.96055        0.03955        0.00942        0.08874       14.70000        2.49473        1.64544        0.08912        7.24264        0.01304        0.00042       -0.00032        0.06392      179.94690        0.03950        0.00959       14.56725        1.58540        2.57951        0.06419        7.24127        0.01295        0.00048       -0.00027      300.00000        0.13485
   42    1    1     4739.20739     6623.14064     3027.12833        6.11321       77.81834        0.00740        0.01239        1.14260       10.90000        5.83692        0.60076        1.13380       15.93270        0.06420        0.02551        0.00878        4.06597       73.30792        0.00656        0.01898       18.19432        0.19586        3.31160        4.05780       16.21828        0.06386        0.02694        0.00817      300.00000      101.26198
   43    1    1     1974.35029    58935.08732    23507.06006        8.31577      125.74019        0.01931        0.00861        1.31879       27.40000       60.54958        0.42016        1.31441        6.01703        0.00911        0.00161        0.00434       43.89303      125.65369        0.01927        0.00861       27.40738        1.03082       17.36433       43.88905        6.01947        0.00885        0.00227        0.00398      300.00000        0.36274
   44    1    1     2375.29734    40229.47774    18083.10667        5.46714      114.39588        0.01598        0.03749        0.33346       25.70000       42.55587        1.40270        0.33186        5.70928        0.00816        0.03227        0.00163        3.24001      109.48916        0.01463        0.03836       25.12630        0.54200       40.53507        3.21458        5.44884        0.00710        0.00872        0.02544      300.00000       20.93869
   45    1    1     2306.47115     1836.44880      757.92298        1.32630       24.74726        0.00075        0.04177        0.67648       37.00000        0.27283        1.13470        0.59987        4.20092        0.00411        0.00070        0.07658        1.56832       47.87234        0.00279        0.02468       19.02423        0.02168        0.39189        1.55352       15.50507        0.06115        0.06083        0.01481      300.00000       95.29705
   46    1    1     1596.72223     2387.32168      867.94523        0.66352       14.97108        0.00027        0.06190        0.51221       21.00000        0.96017        1.23472        0.49984        5.46692        0.00722        0.00285        0.01240        0.49672       10.35610        0.00013        0.07766       17.58101        1.34548        0.84360        0.49235        4.74128        0.00549        0.01028        0.00437      300.00000      155.10107
   47    1    1     5195.82781     2948.65660     1153.92090        0.91550       14.01874        0.00024        0.02840        0.91437       25.40000        1.68901        0.82640        0.90817        0.80461        0.00016        0.00786        0.00616        0.49186       14.16892        0.00024        0.00535       30.40257        1.54668        1.40432        0.47849        8.23104        0.01721        0.00075        0.01337      300.00000      157.64952
   48    1    1     1643.18328     3255.98031     1336.80358        1.99110       54.13011        0.00358        0.08669        1.14762       22.20000        1.86892        0.59582        1.13874       11.17719        0.03160        0.00100        0.00884        2.56480       69.19959        0.00583        0.05580       35.37804        0.29440        0.80681        2.55595        5.47908        0.00759        0.00000        0.00885      300.00000       81.64220
   49    1    1     2206.75824     2504.93076      622.28565        1.91618       38.30932        0.00179        0.04702        1.26635       36.00000        1.10316        0.47052        1.26404        9.05765        0.02009        0.00228        0.00230        1.78477       43.33077        0.00229        0.02609       36.34602        0.76120        0.33237        1.78118        4.24058        0.00439        0.00012        0.00359      300.00000       91.51013
   50    1    1     2563.33263     2081.47223      873.79139        7.36941      105.88373        0.01369        0.01152        0.50043       18.30000        0.58476        1.23472        0.49984       12.60586        0.03965        0.02440        0.00058        1.83957      106.41654        0.01380        0.01085       18.59211        0.15469        0.34904        1.81617       12.60629        0.04069        0.00054        0.02340      300.00000        1.40846
   51    1    1     1420.29822     1571.90375      716.00190        6.46288      190.90585        0.04451        0.06205        0.76474        0.60000        0.00034        1.02873        0.70584        2.02080        0.00107        0.01889        0.05892        1.22362      190.73577        0.04437        0.06209        1.46155        0.00056        0.58749        1.14694        2.03022        0.00108        0.00110        0.07668      300.00000        3.06535
   52    1    1     1131.12051     4222.60115     1654.55993        7.67356      235.44759        0.06771        0.04728        0.48363       26.70000        3.14105        1.26886        0.46570        8.60051        0.01779        0.00600        0.01790        2.16564      235.23491        0.06758        0.04786       26.49557        0.54149        2.18617        2.14745        8.60023        0.01779        0.00578        0.01819      300.00000        0.31740
   53    1    1     4307.83601   132281.42844    52045.35278        4.96801       42.51498        0.00221        0.00674        0.10494       14.90000      133.97064        1.63022        0.10435        9.60704        0.02270        0.00008        0.00062       89.63429       43.17074        0.00227        0.02809       15.08130        0.01407       46.04607       89.63476        7.00808        0.01217        0.00067       -0.00047      300.00000       11.16066
   54    1    1     1514.85869     1593.61529      596.41053        8.21808      166.63033        0.03391        0.01630        1.10771        7.90000        0.08711        0.62773        1.10683        6.38138        0.01017        0.05254        0.00098        1.27806      166.32883        0.03367        0.01651        7.88629        0.13562        0.44887        1.23719        6.38163        0.00965        0.01312        0.04087      300.00000        0.37189
   55    1    1     1807.45166     2513.58997      587.32490        5.94232      146.95977        0.02638        0.04832        1.13941       31.10000        0.85113        0.69635        1.03821       21.71401        0.12488        0.05591        0.10116        1.47168      147.69188        0.02656        0.05056       30.33689        0.48654        0.67128        1.42546       21.71380        0.11139        0.12437        0.04622      300.00000        5.40109
   56    1    1     1901.27780    10285.44093     4531.08183        8.19513      134.34475        0.02204        0.01078        0.39994        7.10000       10.38205        1.33412        0.40045        5.74541        0.00818        0.01001       -0.00048        8.91682      134.84639        0.02219        0.01063        7.19762        0.04058        3.16829        8.90783        5.74648        0.00801        0.00062        0.00899      300.00000        1.08523
   57    1    1     2205.41011     6280.76124     2365.78804        6.90341      126.75436        0.01962        0.02155        1.15212       38.90000        5.64803        0.58860        1.14597        7.40217        0.01382        0.00061        0.00616        1.59503      125.54298        0.01921        0.02187       38.90553        3.90476        1.88244        1.59538        7.42769        0.01362        0.00741       -0.00035      300.00000        4.23207
   58    1    1     1686.84392     1757.93802      675.55672        0.01752        0.47397        0.00000        0.08937        0.14055       22.60000        0.06362        1.60491        0.12966       15.78340        0.06030        0.00003        0.01086        1.30296       18.52358        0.00042        0.05472       47.35513        0.10704        0.48632        1.29754        5.08842        0.00631        0.00101        0.00542      300.00000      157.92067
   59    1    1     1543.52104     7582.79902     3545.59003        8.50194      154.96637        0.02933        0.01125        1.09711       27.50000        7.07635        0.65389        1.08067       16.28867        0.06389        0.00924        0.01637        0.90929      154.87336        0.02929        0.01121       27.51421        4.12676        3.77930        0.90488       16.28935        0.06673        0.01847        0.00442      300.00000        0.68064
   60    1    1     3404.85009     1641.23029      652.93426        2.56309       29.78694        0.00108        0.01541        0.70496        4.60000        0.33712        1.03036        0.70421        7.13934        0.01253        0.00084        0.00084        1.24835       30.17021        0.00111        0.01064        5.29729        0.15734        0.66353        1.24808        9.00920        0.02023        0.00110        0.00027      300.00000       87.10117
   61    1    1     1900.53636     1587.54756      517.07403        0.57347       11.30957        0.00016        0.04734        1.41249       19.90000        0.15059        0.32489        1.40968        9.48126        0.02255        0.00431        0.00288        1.47013        4.27797        0.00002        0.02093       13.65789        0.37191        0.03402        1.46932       15.44025        0.05860        0.00673        0.00080      300.00000      176.06024
   62    1    1     6571.55993     1583.01187      516.49931        4.19687       18.46920        0.00042        0.00195        0.83222        6.90000        0.09122        0.97311        0.76145       16.36800        0.06257        0.01736        0.07075        0.40808       13.95258        0.00024        0.01479        5.62905        0.15925        1.32925        0.33833       14.54657        0.04944        0.01782        0.06975      300.00000       77.91188
   63    1    1     1422.84841     1780.38756      760.03888        7.98344      182.80289        0.04081        0.02322        1.46987       27.40000        0.12282        0.26442        1.47014       13.72299        0.04681        0.00632       -0.00026        0.73576      182.63777        0.04057        0.02367       27.34971        0.95433        0.16707        0.73584       13.72080        0.04686        0.00603       -0.00008      300.00000        0.08924
   64    1    1     2529.86257     2992.40552     1482.97362        2.22227       38.38935        0.00180        0.03465        0.11034       10.40000        1.49682        1.62380        0.11077        5.37284        0.00714        0.00034       -0.00043        2.20283       28.41561        0.00099        0.01610       10.91402        0.05379        0.97290        2.20295       10.67771        0.02813        0.00015       -0.00012      300.00000      103.37628
   65    1    1     6144.16294     8521.27372     3753.78450        4.27935       54.40647        0.00362        0.01613        1.02022       39.10000        7.94420        0.74192        0.99264       13.32197        0.04556        0.00463        0.02758        2.31922       48.46825        0.00287        0.00315       42.35491        2.01745        5.37952        2.29611       13.98822        0.05009        0.00400        0.02311      300.00000       55.51301
   66    1    1     2130.94513     1573.32201      607.83957        2.79129       71.51141        0.00625        0.07392        1.29223       20.90000        0.11007        0.44183        1.29274        3.98342        0.00393        0.00199       -0.00057        1.14994       77.09740        0.00726        0.03252       27.20586        0.04773        0.66954        1.15053        9.24450        0.02119        0.00203       -0.00059      300.00000       28.52128
   67    1    1     2735.50160     2517.38901      941.50732        4.58131       99.97738        0.01221        0.04596        1.57740       18.30000        1.29267        0.16007        1.57450        8.37072        0.01758        0.00719        0.00282        2.49327      103.08113        0.01293        0.04119       23.74215        0.29481        0.25978        2.48373        6.46208        0.01057        0.00051        0.00955      300.00000       67.58677
   68    1    1     1452.25111     3778.46979     1644.18389        0.66748       20.47003        0.00051        0.11435        1.38432       18.50000        2.56112        0.35786        1.37670        4.41881        0.00474        0.00365        0.00764        2.57000       11.44187        0.00016        0.06350        2.54810        0.04619        1.69317        2.56794       13.41390        0.04507        0.00848        0.00206      300.00000      171.40473
   69    1    1     6376.08765     3137.70122     1097.70448        2.29703       25.45789        0.00079        0.01421        0.93957       26.60000        1.75098        0.92985        0.80472       10.99938        0.03236        0.01756        0.13489        2.58205       28.69191        0.00100        0.00642       29.78739        0.63255        0.35602        2.49390       12.65528        0.04224        0.06505        0.08816      300.00000       24.91942
   70    1    1     2053.57533     4100.53678     1746.56000        0.84663       10.81584        0.00014        0.01979        0.93538       23.70000        2.84711        0.81117        0.92339       14.68526        0.05214        0.04082        0.01204        2.57555       11.67837        0.00017        0.10307       30.77438        0.99531        0.93638        2.56589       14.77546        0.05291        0.04317        0.00966      300.00000      167.55807
   71    1    1     2320.84118     1523.41137      698.28064        7.98676      113.48152        0.01573        0.00893        1.09597        1.50000        0.00259        0.65196        1.08261       10.44303        0.02771        0.00131        0.01333        1.33340      114.14182        0.01591        0.00871        2.07467        0.00222        0.40105        1.33399       10.44353        0.02701        0.01590       -0.00060      300.00000        2.12708
   72    1    1     1300.11910    12393.31159     5464.65010        3.36976      134.97233        0.02225        0.17369        1.15958       35.20000       12.15188        0.59148        1.14308       17.98553        0.07790        0.00002        0.01641       12.24090      125.81343        0.01928        0.09470       50.15733        0.09028        1.65069       12.23470       16.85981        0.07167        0.00929        0.00620      300.00000       28.28637
   73    1    1     2893.37736     1450.37870      615.70669        0.28358        3.84003        0.00002        0.02238        0.85460       11.40000        0.02125        0.90159        0.83297        6.40688        0.00984        0.01793        0.02166        1.02240        0.12176        0.00000        0.02141       13.14716        0.11687        0.65661        0.98287        6.25209        0.00927        0.00106        0.03953      300.00000      168.67072
   74    1    1     1388.18162     6412.66963     2680.32852        8.52036      173.91171        0.03694        0.01394        1.05506       27.90000        5.84141        0.68196        1.05261       10.55288        0.02792        0.00594        0.00244        6.03326      173.90911        0.03687        0.01403       27.89311        0.46485        1.08019        6.03092       10.55251        0.02791        0.00606        0.00234      300.00000        0.19048
   75    1    1     2120.41633     5114.13639     1615.30791        3.13781       42.98221        0.00226        0.02066        1.23252       48.60000        4.07258        0.50297        1.23159       16.71099        0.06862        0.01547        0.00092        2.48322       40.25800        0.00198        0.10299       31.95250        2.53482        0.72593        2.48370       14.36499        0.05109        0.01505       -0.00048      300.00000       94.09919
   76    1    1     3160.48017     1573.83086      614.07419        1.54857       28.98783        0.00103        0.04177        1.34457       12.50000        0.10589        0.38946        1.34511        3.55617        0.00313        0.02027       -0.00045        1.02403       34.72264        0.00147        0.00700       23.89021        0.15783        0.68836        1.01576        7.74368        0.01516        0.01225        0.00827      300.00000       88.41556
   77    1    1     2368.55690     1699.46574      794.49961        1.93402       25.82163        0.00081        0.02096        0.82857       27.90000        0.03825        0.90554        0.82902        9.60697        0.02291        0.00090       -0.00042        0.54657       24.55355        0.00074        0.04179       21.50613        0.03564        1.17892        0.54597        7.61942        0.01428        0.00002        0.00060      300.00000      129.97312
   78    1    1     2694.55514     9401.14811     4220.08423        4.07723       58.31502        0.00415        0.02083        0.78445       11.20000        9.04227        1.00852        0.72604        8.27579        0.01608        0.00066        0.05840        7.04236       35.95328        0.00158        0.02108       28.74803        0.16956        3.63938        6.99181        1.83953        0.00080        0.00219        0.05056      300.00000       70.54544
   79    1    1     2783.50084     2053.11723      508.82412        2.19141       31.04694        0.00118        0.02334        1.25450       16.40000        0.74150        0.48229        1.25228        9.16949        0.02107        0.00344        0.00228        1.47228       34.61727        0.00146        0.02126       15.54852        0.44240        0.56418        1.47144        9.20252        0.02081        0.00491        0.00084      300.00000       89.00754
   80    1    1     1415.01268     2472.41116      916.62921        0.89019       28.18562        0.00097        0.12147        0.88535        6.70000        1.10666        0.84885        0.88572        8.39626        0.01742        0.04692       -0.00043        1.95388       12.12019        0.00018        0.07627       31.82750        0.15005        0.83072        1.90671        7.75137        0.01559        0.00095        0.04717      300.00000      156.49105
   81    1    1     1677.24325     1688.59671      610.03736        6.27724      158.37296        0.03063        0.04711        0.50339       17.30000        0.20173        1.23067        0.50390       13.15445        0.04279        0.00060       -0.00041        1.42164      158.29862        0.03059        0.04756       17.04789        0.24379        0.27003        1.42201       13.15689        0.04301        0.00029       -0.00036      300.00000        1.26685
   82    1    1     3417.06338     9890.70248     4490.94460        1.66614       22.75450        0.00063        0.02215        0.39876       10.90000       10.23096        1.34486        0.38970        4.71628        0.00540        0.01503        0.00902        6.43872       17.31385        0.00037        0.00736       14.51960        0.03291        5.52136        6.40357        8.45279        0.01698        0.00009        0.03515      300.00000      130.69902
   83    1    1     4122.35838     1642.07856      667.46576        3.75113       39.11624        0.00187        0.01141        1.10899       10.40000        0.17645        0.63338        1.10119       11.75292        0.03355        0.00237        0.00785        1.35929       52.19344        0.00332        0.00904       22.69038        0.15110        0.42024        1.35568        8.67764        0.01840        0.00664        0.00361      300.00000       34.28889
   84    1    1     1703.29856     1663.26455      689.52112        1.94104       53.31627        0.00347        0.08868        1.30976       27.70000        0.05394        0.42644        1.30812        5.15647        0.00652        0.00011        0.00164        0.72033       57.23386        0.00400        0.05444       37.88951        0.07413        1.03193        0.71964        3.65887        0.00334        0.00076        0.00068      300.00000       79.79182
   85    1    1     2206.34506     3214.99634     1061.14330        2.20021       39.45680        0.00190        0.03738        1.09563       27.40000        2.02623        0.63898        1.09558        2.28065        0.00128        0.01575        0.00000        2.20049       43.74631        0.00234        0.03060       26.06093        0.79431        0.78368        2.18619        3.28811        0.00261        0.00312        0.01430      300.00000       91.50271
   86    1    1     1695.83016     2116.38163     1060.32046        0.01938        0.45255        0.00000        0.06662        0.38817        3.70000        0.36109        1.35555        0.37902        6.86666        0.01193        0.04579        0.00917        1.71520       16.56042        0.00033        0.05002       21.19616        0.02827        0.37681        1.71407        4.58541        0.00516        0.05334        0.00114      300.00000      165.49062
   87    1    1     2210.69800     1988.12158      771.55748        5.99131      119.36670        0.01740        0.03108        0.86159       18.50000        0.40661        0.87357        0.86100       17.25620        0.07326        0.00452        0.00052        1.66349      119.74112        0.01751        0.02972       19.17584        0.19458        0.28435        1.66357       17.25801        0.07414        0.00424       -0.00008      300.00000        3.14016
   88    1    1     2130.65712     2107.04010      839.98303        5.23849      128.81800        0.02027        0.05359        0.47457       24.70000        0.57519        1.26739        0.46718       13.16860        0.04379        0.00006        0.00739        0.78761      134.31196        0.02202        0.06768       18.27116        0.95456        0.55627        0.78479       12.90624        0.04075        0.00596        0.00283      300.00000       41.20703
   89    1    1     2075.77323    10310.52354     4463.75386        1.27728       28.41700        0.00099        0.05947        1.62135       20.10000       10.28962        0.11459        1.61998       10.45871        0.02685        0.00220        0.00126        4.63684       34.26324        0.00143        0.02694       16.36409        0.23058        7.17261        4.63628       12.28569        0.03766        0.00900        0.00055      300.00000      115.52187
   90    1    1     2679.26849     3214.74229     1223.85003        5.40734       99.91582        0.01219        0.02951        1.09241       22.30000        2.06333        0.64188        1.09268        3.72278        0.00344        0.01992       -0.00030        1.85514      102.67655        0.01286        0.03196       20.61279        0.97194        0.98275        1.83959        4.02536        0.00391        0.00413        0.01555      300.00000       19.35698
   91    1    1     3621.35587     2043.09602      918.30102        3.54303       53.44394        0.00349        0.02430        1.04349       24.60000        0.63146        0.71247        1.02210        9.54009        0.02327        0.00365        0.02144        0.59766       61.60138        0.00462        0.01449       29.10374        0.08351        1.72730        0.57122        7.79876        0.01454        0.00001        0.02644      300.00000       11.80804
   92    1    1     3893.40610     1703.13586      861.63734        3.59362       51.77161        0.00327        0.02207        0.31248        8.40000        0.09976        1.42213        0.31243        4.51204        0.00502        0.00811        0.00004        0.22397       51.80562        0.00328        0.00927       14.27010        0.20894        1.41006        0.22234        6.72138        0.01108        0.00626        0.00163      300.00000       13.13619
   93    1    1     2698.84486    17535.75927     8735.45562        4.90559       72.83087        0.00648        0.02044        0.69585       35.00000       16.82226        1.03950        0.69506       10.54661        0.02734        0.02793        0.00078       10.55218       80.54533        0.00790        0.11656       20.43176        1.78170        6.14431       10.54365        6.69729        0.01089        0.02627        0.00853      300.00000       29.38267
   94    1    1     2717.34799     1616.97708      776.43970        3.53369       43.28666        0.00229        0.01604        0.43703        8.50000        0.00879        1.29802        0.43654        6.21025        0.00962        0.00966        0.00050        0.26218       33.49018        0.00136        0.03827       21.73904        0.71783        0.74787        0.26268        3.98847        0.00395        0.00999       -0.00049      300.00000       81.82278
   95    1    1     1222.76477     1926.40843      628.44547        0.45070       14.92624        0.00027        0.13368        0.70112       31.80000        0.09790        1.04054        0.69402       20.39249        0.10498        0.00594        0.00714        0.90845       33.27651        0.00135        0.06756       55.85489        0.20116        0.83800        0.90657       14.91311        0.05453        0.01339        0.00188      300.00000      152.80577
   96    1    1     1994.08077     2397.24908      856.17630        5.22345      123.25393        0.01855        0.04945        1.38256       20.60000        1.03263        0.38870        1.34586        6.31199        0.00946        0.00950        0.03678        2.02188      135.20335        0.02226        0.06175       11.64879        0.18478        0.58486        1.98284        5.88076        0.00894        0.00639        0.03904      300.00000       17.82739
   97    1    1     1629.54723     1813.92240      614.54523        6.62936      164.43788        0.03302        0.04212        1.51724       15.00000        0.38220        0.21764        1.51693       13.99460        0.04882        0.00976        0.00025        1.61312      164.58256        0.03286        0.04178       15.33776        0.43336        0.07030        1.61363       13.99473        0.04855        0.01083       -0.00051      300.00000        0.42500
   98    1    1     2832.35214   306538.28907   120479.39596        5.03065       86.26681        0.00909        0.02683        0.32971       11.20000      303.52596        1.40507        0.32950       10.18578        0.02555        0.00671        0.00024       78.16680       81.57951        0.00812        0.04601       18.80831        0.04394      227.02177       78.16056       11.54011        0.03241        0.00985        0.00624      300.00000       30.80644
   99    1    1     4512.81254    13716.11842     5799.77208        5.19948       75.07799        0.00688        0.01858        1.12985       33.90000       14.02250        0.62275        1.11182       10.05725        0.02580        0.00264        0.01806        6.04426       72.82125        0.00648        0.01200       37.04179        0.97391        8.77685        6.02298        7.36037        0.01300        0.00252        0.02128      300.00000       80.71761
  100    1    1     2150.96779     1921.68468      853.19433        6.67601      129.62723        0.02052        0.02552        0.20940        7.40000        0.44406        1.54439        0.19017       10.60377        0.02870        0.00004        0.01924        0.34668      129.44015        0.02043        0.02530        7.80097        0.47685        1.35543        0.34668       10.60147        0.02798        0.01997        0.00000      300.00000        5.48121
