    1    1    1     2400.08824     1826.55401      855.37204        7.84686      107.59674        0.01414        0.00882        1.59391        4.10000        0.50649        0.18082        1.55374        9.49406        0.02330        0.01351   -33197.34373        1.59317      107.94901        0.01420        0.00857        4.80591        0.00326        0.64536        1.59272        9.49413        0.02249        0.05397        0.00045      300.00000        1.31884
    2    1    1     1069.39166     1820.40530      640.91352        2.08336       90.43385        0.00999        0.22014        1.12674        2.40000        0.00413        0.61533        1.11924        3.87372        0.00365        0.00015        0.00746        0.70896       62.94687        0.00482        0.14117       40.72661        0.36494        0.74583        0.70328        7.45833        0.01402        0.00039        0.00568      300.00000       93.83026
    3    1    1     3213.13437     1546.58488      672.88815        3.53929       62.37418        0.00475        0.03318        0.14913       20.00000        0.06712        1.58550        0.14906       11.01462        0.02989        0.00128        0.00014        0.37092       63.18623        0.00487        0.03449       19.96764        0.02647        1.40542        0.36971       10.80716        0.02867        0.00001        0.00121      300.00000       21.98916
    4    1    1     2428.88030     2851.46366     1113.04446        2.53809       56.37503        0.00388        0.05637        1.41020       20.40000        1.52087        0.32760        1.40697       11.26099        0.03183        0.00751        0.00318        0.17460       37.13907        0.00168        0.01658       28.60344        1.14434        1.96635        0.16152       15.04935        0.05471        0.00001        0.01307      300.00000       85.21490
    5    1    1     1987.62560     1700.62397      816.88522        3.80718       75.50783        0.00696        0.04108        0.35166        4.00000        0.04866        1.41192        0.32265        7.03590        0.01181        0.00290        0.02899        0.53623       74.13344        0.00668        0.03998        6.44821        0.02341        1.22950        0.53308        6.83091        0.01141        0.02779        0.00315      300.00000       51.69377
    6    1    1     1619.18159     3029.33830     1105.51704        0.50666        9.48400        0.00011        0.04268        0.17428       30.30000        1.71819        1.56281        0.17176       12.26024        0.03680        0.02482        0.00258        1.12363       46.39571        0.00263        0.09952       27.03284        0.77701        1.51774        1.10508       11.65283        0.03464        0.00451        0.01856      300.00000      153.04928
    7    1    1     1793.69739     1654.45395      684.07355        0.22863        5.08129        0.00003        0.06030        1.55754       16.60000        0.01581        0.17987        1.55470       15.59521        0.05951        0.01162        0.00287        0.89947       18.01780        0.00040        0.03515       29.35507        0.05217        0.82695        0.89731       15.46416        0.05992        0.01061        0.00216      300.00000      159.51056
    8    1    1     2071.59316     2374.99478      897.44970        8.35951      118.81759        0.01724        0.00743        0.50657       23.10000        1.04109        1.22990        0.50466        7.14589        0.01252        0.02524        0.00189        1.68746      119.04937        0.01730        0.00729       23.12527        0.86271        0.25299        1.66001        7.14423        0.01219        0.00006        0.02745      300.00000        0.21356
    9    1    1      859.86402     1874.98946      742.82930        8.93566      251.78239        0.07743        0.01954        1.72131       21.80000        0.24593        0.03891        1.69565        5.52006        0.00781        0.01297        0.02565        1.27545      251.82551        0.07727        0.01964       21.86044        0.33714        0.36749        1.27601        5.51944        0.00754        0.03938       -0.00056      300.00000        0.04849
   10    1    1     1729.07488     2881.67792      494.60441        3.67374       95.62325        0.01117        0.07158        1.52499       30.30000        1.42320        0.21189        1.52267        8.25839        0.01670        0.01538        0.00227        1.79843      106.87399        0.01384        0.05648       29.85282        1.18907        0.17912        1.78815       11.11908        0.02995        0.00801        0.01028      300.00000       30.41263
   11    1    1     3058.23198    25123.55214    11095.00504        4.54016       83.27412        0.00847        0.03262        0.39037       21.60000       25.85592        1.41124        0.32332        7.19490        0.01211        0.04375        0.06699        7.07608       77.02529        0.00725        0.02246       25.80959        0.04444       20.50365        7.05324        6.80397        0.01109        0.08951        0.02284      300.00000       25.38141
   12    1    1     2827.68192     1658.90223      588.11898        2.19058       51.77695        0.00327        0.06496        0.90224       25.40000        0.15461        0.83193        0.90263        5.12181        0.00649        0.01097       -0.00048        0.74969       28.13141        0.00096        0.00866       43.40830        0.28034        0.93331        0.73888        2.36365        0.00142        0.00009        0.01081      300.00000       90.54463
   13    1    1     2306.15587     1823.91868      655.94132        6.83877      116.53507        0.01659        0.01888        0.85965       12.80000        0.43472        0.92147        0.81310        2.04032        0.00098        0.00892        0.04655        1.06682      115.71445        0.01632        0.01816       13.49916        0.36148        0.74676        1.06199        2.07107        0.00108        0.05059        0.00483      300.00000        0.90988
   14    1    1     3201.93945    69547.10416    28391.73117        8.43630       73.90674        0.00667        0.00270        1.63160       20.50000       71.20882        0.10683        1.62774       22.31294        0.12160        0.01528        0.00384       17.71882       74.07363        0.00670        0.00268       20.49287        0.01414       55.22456       17.70468       22.31136        0.12655        0.00003        0.01414      300.00000        2.10549
   15    1    1     1502.82033   712353.04376   257263.44232        7.89337      173.42908        0.03673        0.02222        0.23869       54.80000      680.83721        1.50018        0.23438       15.92223        0.06376        0.05784        0.00436       48.60918      173.46792        0.03674        0.02225       54.81328        2.16021      631.86406       48.54736       15.92509        0.05946        0.00462        0.06182      300.00000        0.21504
   16    1    1     2101.33126     2406.90148      935.97555        5.76163      131.30740        0.02106        0.04238        0.59252       12.40000        1.15730        1.14740        0.58716        3.87792        0.00366        0.02457        0.00531        1.26179      129.35821        0.02043        0.04113       13.47430        0.45061        1.21048        1.23216        4.11004        0.00434        0.00012        0.02962      300.00000       13.83029
   17    1    1     2024.33020     4266.59918     1958.46491        3.87247      105.56951        0.01361        0.07716        0.69058        8.60000        2.79153        1.04518        0.68938       18.38300        0.08449        0.00685        0.00130        2.36543       84.79551        0.00876        0.04181       37.12428        0.07582        2.16375        2.36032       14.22761        0.05096        0.00287        0.00511      300.00000       18.79074
   18    1    1     2453.94609     3621.56094     1198.50380        2.31314       44.45947        0.00241        0.04270        0.95837       37.10000        2.37377        0.79004        0.94453        7.01770        0.01252        0.01885        0.01383        2.87105       58.45067        0.00417        0.02345       35.60155        0.88032        0.40135        2.83876        8.43667        0.01833        0.00001        0.03229      300.00000       62.97972
   19    1    1     1763.70827     1614.00554      652.02313        6.91411      154.70185        0.02923        0.03191        0.97494       19.20000        0.02716        0.77120        0.96336        9.17700        0.02136        0.02511        0.01149        1.20841      154.93395        0.02921        0.03246       18.92280        0.02594        0.52641        1.20884        9.17657        0.02083        0.03766       -0.00043      300.00000        1.47650
   20    1    1     1962.91220     1522.46304      571.74610        6.85842      140.01964        0.02394        0.02696        1.10167       14.70000        0.09271        0.64601        1.08856        4.67276        0.00555        0.00055        0.01315        0.88583      139.36893        0.02366        0.02819       14.03958        0.04399        0.90487        0.87748        4.67253        0.00530        0.00556        0.00835      300.00000        2.50084
   21    1    1     1691.14575     2971.30516     1272.83773        0.61157       11.02767        0.00015        0.03956        0.51398       27.60000        1.71536        1.22268        0.51188        4.35295        0.00475        0.00022        0.00211        2.04940       24.10500        0.00071        0.05880       19.69150        0.13100        1.25445        2.04662        3.00583        0.00221        0.00012        0.00278      300.00000      160.67783
   22    1    1     1939.25595     1582.94187      615.09259        0.92385       13.11437        0.00021        0.02440        1.12210       22.40000        0.24494        0.61241        1.12215        6.60261        0.01085        0.01722       -0.00001        1.49547        7.41377        0.00007        0.04504       17.81782        0.02614        0.45079        1.49352        2.24491        0.00126        0.01337        0.00195      300.00000      171.87203
   23    1    1     2750.18419     3109.37406      632.45656        5.11985       97.77454        0.01168        0.03287        1.58320       31.00000        1.99039        0.15498        1.57959        4.63622        0.00540        0.00281        0.00357        1.54594       88.09851        0.00946        0.04358       27.82539        1.06311        1.10612        1.54566        5.28206        0.00695        0.00615        0.00029      300.00000       52.54469
   24    1    1     1850.08694     2534.20192      791.83616        0.80608       18.18350        0.00040        0.06174        1.43190       27.60000        1.22973        0.36771        1.36685       10.56567        0.02614        0.00606        0.06503        1.83197       48.38505        0.00285        0.03447       39.56467        0.36464        0.83317        1.80748        7.56332        0.01466        0.04193        0.02449      300.00000      119.88444
   25    1    1     3061.74125     1629.88006      653.09030        1.38304       18.33620        0.00041        0.02106        1.08917       35.00000        0.06646        0.64670        1.08787       11.33421        0.03154        0.00368        0.00127        0.50747       42.87330        0.00224        0.01421       43.66685        0.18053        1.14470        0.50492        5.68431        0.00810        0.00176        0.00255      300.00000       91.01393
   26    1    1     6482.32619     1407.00648      659.57719        3.07662       16.30675        0.00032        0.00311        0.63017       16.70000        0.01509        1.12558        0.60898        5.72560        0.00786        0.00033        0.02119        0.38779       30.23258        0.00112        0.00421       12.98393        0.28073        1.08010        0.37484        9.32523        0.02208        0.00643        0.01295      300.00000       24.78348
   27    1    1     1763.80479     2089.19906     1033.98810        3.50231       76.61070        0.00717        0.05127        0.05963       14.30000        0.42102        1.67778        0.05679        5.32486        0.00711        0.01189        0.00288        0.05572       83.31251        0.00846        0.05822       10.85483        0.13528        1.95860        0.05612        4.07669        0.00411        0.01548       -0.00040      300.00000       55.71671
   28    1    1     1933.46735     1460.91909      635.49072        7.77637      136.86197        0.02288        0.01495        0.62881       14.70000        0.01372        1.10585        0.62872       10.95041        0.02955        0.00792        0.00007        0.72622      137.04196        0.02288        0.01467       14.90359        0.01315        1.00896        0.72648       10.95045        0.02982        0.00798       -0.00025      300.00000        0.48450
   29    1    1     3262.33779     1717.37832      795.85076        2.74239       38.09121        0.00177        0.02179        0.50928       23.60000        0.03035        1.24757        0.48699       13.61882        0.04745        0.00674        0.02224        1.55025       62.72065        0.00479        0.01364       31.04100        0.05877        0.20579        1.52144       10.98933        0.03103        0.00070        0.02881      300.00000       34.00888
   30    1    1     1737.39882     4038.24671     1745.29281        4.23490      107.55109        0.01413        0.06465        0.34037       18.40000        3.01806        1.42781        0.30676        2.54103        0.00154        0.00122        0.03366        1.29745       77.71021        0.00737        0.07022       29.40235        0.87313        2.59380        1.28980        1.36841        0.00047        0.02531        0.00765      300.00000       33.79515
   31    1    1     5092.92159     4694.17720     2473.27751        2.49272       13.88756        0.00024        0.00356        0.08714       11.20000        4.22412        1.64896        0.08561       13.96160        0.04877        0.03848        0.00150        4.78680       25.16724        0.00077        0.00982       15.57919        0.39687        0.78245        4.77779       12.87711        0.04022        0.03431        0.00901      300.00000       96.05385
   32    1    1     1507.15325     6615.81767     2937.60884        5.31404      164.51637        0.03306        0.08400        0.42579       24.60000        5.66870        1.40096        0.33361       11.71438        0.03624        0.02556        0.09212        2.62468      167.00031        0.03404        0.08669       24.03714        0.51523        4.27001        2.61641       11.37118        0.03269        0.11098        0.00827      300.00000        5.76146
   33    1    1     2126.30560     1502.46401      610.44064        0.75107       16.61472        0.00034        0.05943        0.71471       14.40000        0.02203        1.02111        0.71345        1.70141        0.00072        0.00161        0.00125        0.84461        8.88456        0.00010        0.02353       18.33041        0.03810        0.88156        0.84432       10.79529        0.02870        0.00338        0.00028      300.00000      153.47024
   34    1    1     3229.91072    19159.62317     8913.10567        4.88893       80.65144        0.00794        0.02529        0.10224       32.90000       19.31170        1.63332        0.10124       22.10451        0.12004        0.02258        0.00100        8.50707       75.63045        0.00697        0.02894       35.59347        1.90013       10.66610        8.49277       21.02333        0.11239        0.00153        0.01430      300.00000       42.12864
   35    1    1     1880.58417   843910.58700   318441.46070        2.26403       40.51972        0.00201        0.03711        0.19511       29.90000      806.35779        1.54150        0.19306        8.04689        0.01587        0.00351        0.00205        0.80094       76.63537        0.00717        0.04405       20.85087       70.12396      737.12871        0.79996       13.86687        0.04804        0.00002        0.00098      300.00000       85.06546
   36    1    1      705.50634  5891525.71528  1889337.46470        0.20632        5.36022        0.00004        0.08240        0.17879       27.70000     5061.14271        1.57612        0.15844        4.44076        0.00473        0.04112        0.02043      924.97720      844.97869        0.86843       23.26185      874.68239       62.34702     4051.01612      922.40060       23.91376        0.09308        0.45043        2.57660      300.00000      146.37483
   37    1    1     1718.19609     2358.58573     1108.16776        1.77964       33.95226        0.00141        0.04305        0.07947       24.10000        0.78850        1.67090        0.06366       10.19266        0.02503        0.00064        0.01580        2.01160       62.73235        0.00475        0.10513       12.68783        0.17054        0.28627        2.01002        8.16745        0.01669        0.01403        0.00157      300.00000       93.16143
   38    1    1     2133.65699     1836.03908      759.27509        5.14221      125.44004        0.01922        0.05346        0.94874       18.50000        0.26081        0.78528        0.94929        6.12401        0.00929        0.02439       -0.00051        0.66696      115.55267        0.01628        0.04264       14.13139        0.35317        0.97436        0.65990       11.16962        0.03033        0.01744        0.00706      300.00000       17.60353
   39    1    1     1430.60334     2052.45967      756.39281        7.16239      188.34143        0.04332        0.04113        0.71618       24.20000        0.46220        1.04968        0.68488        8.41780        0.01823        0.01451        0.03134        0.27332      189.04732        0.04334        0.04227       23.70496        0.94730        1.01644        0.23179        8.42010        0.01834        0.00424        0.04153      300.00000        0.14840
   40    1    1     1983.38516     3031.45601     1260.07638        1.03948       20.59152        0.00052        0.04741        1.20671       15.90000        1.58247        0.52924        1.20532       15.57954        0.06071        0.00001        0.00140        1.44466       35.48010        0.00153        0.03570       39.73008        0.78951        1.11128        1.44349       13.32294        0.04437        0.00001        0.00117      300.00000      145.79882
   41    1    1     1960.38126     1676.99310      639.99853        2.65727       37.76927        0.00174        0.02293        1.28880       25.50000        0.04033        0.44590        1.28866       18.92778        0.08924        0.00188        0.00005        0.09590       66.87022        0.00545        0.08932       35.48546        0.19238        1.50309        0.09577        2.90777        0.00211        0.00258        0.00012      300.00000      111.52459
   42    1    1     1371.08098     1794.53697      810.24269        5.90429      189.51972        0.04387        0.08197        0.81249        4.50000        0.02356        0.93707        0.79750        6.40130        0.01042        0.03693        0.01496        1.55586      190.96543        0.04416        0.08133        5.94123        0.01325        0.24163        1.50402        6.30729        0.00937        0.00072        0.05184      300.00000        1.78628
   43    1    1     3399.17817     2341.98736      988.07935        4.10218       60.76995        0.00451        0.02229        0.96399       22.50000        0.86934        0.77054        0.96403       14.25865        0.05012        0.02420       -0.00007        2.02396       59.40712        0.00430        0.01544       27.71926        0.05210        0.56480        2.00213       13.11469        0.04399        0.00040        0.02184      300.00000       24.05652
   44    1    1     2342.57311     2963.09350     1163.01231        3.61612       73.63270        0.00662        0.04402        0.40591       19.00000        1.62746        1.33895        0.39562        7.67940        0.01428        0.00468        0.01025        1.66357       76.16449        0.00706        0.04082       16.38090        0.45844        1.23533        1.65154       11.78588        0.03525        0.00145        0.01204      300.00000        7.35387
   45    1    1     1679.45749     1706.18247      785.28191        6.68664      160.55368        0.03148        0.03893        1.52910       10.70000        0.07637        0.22908        1.50549        9.43986        0.02282        0.00049        0.02362        1.59592      160.70631        0.03153        0.03887       10.74574        0.08822        0.15218        1.57058        9.44065        0.02132        0.00024        0.02534      300.00000        0.56560
   46    1    1     2349.67428    35494.95964    15256.38449        4.83636       99.66018        0.01213        0.03973        0.53830       52.90000       36.95655        1.21502        0.51954        5.72554        0.00837        0.00226        0.01881        9.28377      102.38300        0.01276        0.04923       49.17102        1.20230       28.20166        9.27802        5.35487        0.00723        0.01540        0.00574      300.00000       29.10501
   47    1    1     2321.36885     1657.74119      655.86161        4.50136      100.51801        0.01234        0.04856        0.87896        3.30000        0.09633        0.94409        0.79048       13.15126        0.04562        0.02082        0.08846        1.31518      101.18009        0.01241        0.05470        7.21477        0.03601        0.50375        1.29690       11.26814        0.03239        0.09226        0.01828      300.00000       39.11177
   48    1    1     1498.87465     7977.14888     3762.69642        7.80225      176.19030        0.03791        0.02437        0.76125       29.20000        7.46212        0.97576        0.75880       14.41214        0.05085        0.00582        0.00249        1.23992      175.58433        0.03764        0.02450       29.24006        1.78786        6.17379        1.23510       14.41179        0.05227        0.00210        0.00482      300.00000        0.16786
   49    1    1     2326.61121     1517.27411      713.90469        2.01005       30.95192        0.00117        0.02779        1.62677       24.60000        0.03267        0.14718        1.58738       14.60177        0.05510        0.00143        0.03936        0.47901       46.63777        0.00265        0.04167       19.58327        0.01896        1.28590        0.44070       13.89273        0.04986        0.01409        0.03831      300.00000       89.57460
   50    1    1     2622.42707     2206.82438      942.28979        5.01186       87.64564        0.00938        0.02797        0.70816       33.40000        0.77852        1.02606        0.70850        3.06782        0.00234        0.01225       -0.00032        0.72464       92.26370        0.01035        0.03487       31.04533        0.33550        1.45673        0.71286        3.22156        0.00251        0.00007        0.01178      300.00000       10.71742
   51    1    1     1717.42833     2365.48350      535.40484        8.27799      146.57612        0.02624        0.01205        1.58738       26.50000        1.04208        0.15536        1.57921        4.56195        0.00526        0.00635        0.00818        1.62194      146.39667        0.02616        0.01204       26.52709        0.67488        0.48103        1.62082        4.55758        0.00519        0.01347        0.00113      300.00000        0.34114
   52    1    1     3630.90277     1666.39739      591.63273        5.69758       83.63557        0.00854        0.01777        1.07927       12.00000        0.33672        0.65483        1.07973        3.79375        0.00356        0.04846       -0.00041        1.18855       80.96333        0.00800        0.01710       14.53770        0.09942        0.80573        1.16957        2.32782        0.00130        0.02906        0.01898      300.00000       33.19745
   53    1    1     2453.26068     2404.08324      908.47855        3.33653       75.81826        0.00702        0.05604        0.79429       10.30000        1.10393        0.98247        0.75209        3.65889        0.00346        0.00137        0.04221        0.82633       65.57644        0.00524        0.02333       16.70402        0.71146        1.35726        0.78328        9.61744        0.02395        0.00102        0.04305      300.00000       26.27267
   54    1    1     5091.19435     1613.45979      782.28919        7.32408       53.87101        0.00354        0.00306        1.56912       29.50000        0.06523        0.16829        1.56628        3.45633        0.00300        0.00846        0.00287        0.13896       53.89292        0.00355        0.00307       29.48599        0.29832        1.36333        0.13808        3.45249        0.00298        0.01048        0.00088      300.00000        1.97111
   55    1    1     1437.48301     1640.94638      611.64193        7.73248      185.40066        0.04198        0.02823        1.08449       18.10000        0.01664        0.65563        1.07894       13.10959        0.04330        0.04596        0.00561        0.14987      185.92283        0.04219        0.02886       17.60321        0.47608        1.17020        0.10400       13.10983        0.04061        0.00840        0.04587      300.00000        0.89330
   56    1    1     2162.68280    13285.73782     6270.85363        0.42407        8.27674        0.00008        0.04644        1.51661       18.60000       13.40705        0.21745        1.51712       12.71305        0.04000        0.00873       -0.00048        3.57816       28.53141        0.00099        0.02038       35.49620        0.07612       11.54734        3.57842        6.57559        0.01075        0.00264       -0.00026      300.00000      148.09867
   57    1    1     1258.73593     1557.48204      569.62087        7.90428      209.63047        0.05367        0.03223        0.87866        9.10000        0.06246        0.85920        0.87536        3.69011        0.00333        0.00062        0.00334        0.55068      209.40073        0.05344        0.03252        8.97729        0.23331        1.01500        0.54861        3.69489        0.00335        0.00189        0.00207      300.00000        0.86322
   58    1    1     4371.36884     2527.85006      575.05518        1.67324       27.43533        0.00092        0.03192        0.94818       22.50000        1.19355        0.80725        0.92732        3.91078        0.00367        0.01266        0.02083        1.96835       36.38927        0.00161        0.03051       27.69442        0.72057        0.27128        1.93633        4.10531        0.00434        0.00150        0.03202      300.00000       77.93484
   59    1    1     1667.47321     2911.87805     1310.14502        8.67401      138.64066        0.02348        0.00773        1.23643        8.70000        1.58564        0.49776        1.23681       11.68873        0.03394        0.00000       -0.00034        0.31479      138.95876        0.02358        0.00774        8.58524        0.94802        2.05676        0.31533       11.68876        0.03383        0.00025       -0.00053      300.00000        0.32986
   60    1    1     1874.11540     1584.63186      559.24429        3.73578       80.80937        0.00798        0.04917        0.54839       13.50000        0.10735        1.19631        0.53825        7.19364        0.01311        0.05739        0.01007        0.80250       61.54324        0.00462        0.05687        8.86416        0.04903        0.98960        0.80208        6.84144        0.01167        0.06540        0.00042      300.00000       56.02037
   61    1    1     2801.47740     5892.00019     2637.45628        8.29742       93.00373        0.01056        0.00478        1.70126       11.50000        5.42299        0.04435        1.69022        9.09860        0.02004        0.00091        0.01106        5.97777       93.42107        0.01065        0.00483       11.42309        0.37170        0.80742        5.97831        9.09831        0.02048        0.01202       -0.00054      300.00000        3.76001
   62    1    1     2093.15105    85108.07528    36761.81151        0.66061       11.49151        0.00016        0.03680        0.65095        8.20000       88.22122        1.23056        0.50400       10.42812        0.02918        0.00069        0.14685       49.37820       25.65715        0.00080        0.02728        7.71991        0.01996       40.69840       49.26505       10.57160        0.02971        0.01524        0.11316      300.00000      148.31681
   63    1    1     4372.14346     1570.34525      693.54307        2.32858       29.62176        0.00107        0.01869        0.99095       17.20000        0.18043        0.78546        0.94911        7.93734        0.01630        0.00490        0.04192        0.51866       40.98492        0.00205        0.00612       24.53243        0.08079        1.36474        0.49007        4.93410        0.00581        0.01966        0.02859      300.00000       45.73293
   64    1    1     1956.05110     3084.62488     1330.89586        4.66949      114.50933        0.01601        0.05743        1.36820       15.80000        1.68690        0.39616        1.33841       13.90834        0.04613        0.00573        0.02975        1.26489      110.46746        0.01488        0.05659       16.89880        1.61177        0.54798        1.26091       14.31553        0.05004        0.03042        0.00398      300.00000        4.12472
   65    1    1     4153.12926     1647.48127      615.09406        2.40432       32.85539        0.00132        0.02149        0.87321       20.40000        0.34207        0.87143        0.86313        2.52782        0.00155        0.01039        0.01016        1.03945       48.55259        0.00288        0.00620       25.60159        0.31218        0.75552        1.02430        3.52675        0.00317        0.00205        0.01515      300.00000       62.32404
   66    1    1     1046.45287     2352.51299      965.12281        7.05039      260.34310        0.08278        0.08375        0.50007        4.90000        0.70764        1.24598        0.48858       10.39988        0.02743        0.00365        0.01148        1.07983      260.00025        0.08221        0.08452        4.49327        0.03088        1.34345        1.06767       10.39184        0.02741        0.00301        0.01216      300.00000        1.09961
   67    1    1     3400.74795     1567.62034      678.80984        3.33351       70.96747        0.00615        0.04920        1.04756        5.30000        0.01204        0.68708        1.04749        8.39237        0.01754        0.00904        0.00005        0.27083       71.80861        0.00629        0.01421       22.34306        0.14973        1.35155        0.26603       11.29525        0.03211        0.00390        0.00480      300.00000       40.57916
   68    1    1     1787.30301     2004.41441      791.43345        0.40077        9.61393        0.00011        0.07017        0.40334       16.60000        0.55732        1.33788        0.39669        7.36050        0.01318        0.01868        0.00666        0.98043       19.54088        0.00046        0.04924       27.98781        0.51399        0.80266        0.98088       10.99817        0.03004        0.02385       -0.00045      300.00000      163.11844
   69    1    1     2368.49407     1750.92850      845.17822        4.03537       57.77771        0.00408        0.02096        1.72698       10.40000        0.06580        0.00809        1.72647       15.47937        0.05977        0.00166        0.00045        0.51672       78.37495        0.00747        0.04359       10.80259        0.17612        1.10945        0.51480       11.60510        0.03372        0.00028        0.00193      300.00000       46.18115
   70    1    1     2602.00572    70755.54558    30316.62318        4.29643       71.52398        0.00625        0.02760        1.19370       38.00000       73.37836        0.54077        1.19379        3.55554        0.00315        0.00025       -0.00002       58.29596       63.13112        0.00486        0.02698       35.54630        0.07919       16.72760       58.29503        7.84463        0.01537        0.00006        0.00093      300.00000       24.27221
   71    1    1     1609.00210     8990.50259     4234.44738        1.87803       49.79749        0.00303        0.08284        0.38436       10.00000        8.61314        1.35360        0.38096        8.38240        0.01764        0.05803        0.00345        6.23137       49.87161        0.00303        0.05582       15.60306        0.01967        4.13341        6.22514        7.89923        0.01573        0.05360        0.00623      300.00000      102.47788
   72    1    1     3049.06808     1403.22522      605.56650        3.53770       58.20624        0.00414        0.02892        1.60801       14.20000        0.01107        0.13066        1.60391        5.91058        0.00853        0.00006        0.00420        0.47929       49.92300        0.00304        0.02356       18.85520        0.02328        1.25505        0.47679        4.74222        0.00564        0.00153        0.00250      300.00000       52.44710
   73    1    1     3276.91431    10213.69340     4600.78911        6.53963       83.62563        0.00854        0.01143        0.52736       22.80000       10.43604        1.20891        0.52566        5.78556        0.00821        0.00997        0.00169        8.01413       84.96304        0.00881        0.01308       22.03006        0.23025        3.92856        8.00979        5.80800        0.00848        0.00713        0.00434      300.00000        6.88519
   74    1    1     2225.92187     1641.13993      609.79900        8.92383       96.85879        0.01146        0.00293        0.68999       18.60000        0.01758        1.04422        0.69034       23.62598        0.13788        0.00251       -0.00039        0.33041       96.93924        0.01148        0.00301       18.53034        0.07973        1.34468        0.32760       23.62589        0.13658        0.00067        0.00282      300.00000        0.59895
   75    1    1     2102.15870     1806.56685      854.45147        0.21206        4.68460        0.00003        0.05957        0.16099       20.30000        0.19291        1.58062        0.15394        3.17168        0.00245        0.00036        0.00702        0.82234       31.81708        0.00123        0.02013       35.08202        0.28548        0.86158        0.81539        4.61035        0.00536        0.00079        0.00695      300.00000      140.54262
   76    1    1     4909.38566     1762.91344      726.41049        7.17155       58.02431        0.00411        0.00388        1.42381       16.20000        0.29809        0.33042        1.40415        7.72702        0.01434        0.00646        0.01970        0.75170       55.26655        0.00373        0.00418       16.20609        0.69410        0.60782        0.73074        7.72636        0.01526        0.00432        0.02096      300.00000        4.97948
   77    1    1     2092.77417     1800.75290      693.00353        1.91595       39.12354        0.00187        0.04906        1.68379       15.80000        0.25429        0.05037        1.68420        7.98819        0.01584        0.00684       -0.00040        1.15891       47.25374        0.00273        0.03905       16.16908        0.24235        0.59563        1.15255        9.47454        0.02184        0.00155        0.00636      300.00000       83.76263
   78    1    1    19037.22440     1491.85187      637.35842        0.80217        8.98235        0.00010        0.01522        0.62725        2.60000        0.00285        1.10926        0.62531        3.96161        0.00393        0.02296        0.00188        1.28754       17.93825        0.00039        0.00252        9.66509        0.01905        0.45741        1.26726        7.81492        0.01466        0.00000        0.02028      300.00000      147.39801
   79    1    1     3218.06539     1456.28074      634.29724        0.25298        2.59931        0.00001        0.01289        1.36814        7.80000        0.00329        0.38686        1.34770        3.42936        0.00282        0.00235        0.02048        1.14659        4.89658        0.00003        0.00867        9.30632        0.00508        0.59372        1.14063        5.15549        0.00647        0.01579        0.00596      300.00000      176.99648
   80    1    1     1841.19657    17979.24351     7433.66211        2.00935       44.70985        0.00244        0.05803        0.28619       14.90000       18.84701        1.44978        0.28479        7.04608        0.01218        0.00241        0.00135       10.37447       50.07917        0.00306        0.04030       25.26333        3.51916        6.70527       10.37462        6.99604        0.01207        0.00370       -0.00015      300.00000       98.72381
   81    1    1     1661.90014    13601.28177     6324.57979        5.71298      159.33521        0.03101        0.06399        0.97486       26.30000       13.41950        0.76206        0.97250       17.20555        0.07249        0.00277        0.00238       12.43645      159.43643        0.03101        0.06417       26.18432        0.08192        2.63461       12.43650       17.28740        0.07438        0.00415       -0.00005      300.00000        9.02157
   82    1    1     2063.17403    66647.14363    27365.90080        6.10957      131.68310        0.02118        0.03556        0.99958       34.20000       68.88906        0.74579        0.98878       13.97646        0.04729        0.05672        0.01089       56.05312      131.73938        0.02119        0.03757       33.48543        0.24391       14.39286       55.98346       14.10813        0.04651        0.00003        0.06966      300.00000        7.50968
   83    1    1     8559.02779    10517.24936     4632.30897        6.59782       27.86920        0.00095        0.00123        0.28794       23.40000       10.58047        1.44613        0.28844        7.36354        0.01345        0.01392       -0.00042        1.78359       33.81623        0.00140        0.01852       35.31928        0.85661        9.66666        1.76439        7.60096        0.01388        0.00342        0.01919      300.00000       37.02216
   84    1    1     2425.27825     4825.96599     1826.53116        5.76324      112.50360        0.01546        0.03108        1.10580       30.90000        3.83326        0.63330        1.10127       14.19288        0.04915        0.10246        0.00450        4.72173      113.19592        0.01564        0.03083       30.94418        0.51501        0.37239        4.68166       14.04805        0.05102        0.06389        0.04007      300.00000       14.16477
   85    1    1     2267.49137     6616.29119     2963.76218        6.34693      120.59014        0.01776        0.02633        0.16092       25.00000        5.98124        1.57321        0.16136       13.70083        0.04643        0.00003       -0.00046        4.49040      120.25783        0.01763        0.02616       24.89272        0.21692        3.00808        4.49086       13.73567        0.04668        0.00003       -0.00046      300.00000        4.45252
   86    1    1     1173.31840     2628.43387      722.24113        2.59585       89.08921        0.00969        0.13416        0.81200       23.30000        1.19946        0.92730        0.80727        5.39752        0.00710        0.04081        0.00482        1.22993       74.30697        0.00668        0.14632       22.15744        0.89510        0.82995        1.19976        5.23706        0.00705        0.01549        0.03017      300.00000       82.43521
   87    1    1     2923.20840     1467.01910      646.99351        4.35305       57.58135        0.00405        0.01732        0.32362        5.40000        0.00738        1.42900        0.30556       10.51851        0.02822        0.01346        0.01807        0.75733       51.56934        0.00324        0.02257        7.22490        0.00521        0.98404        0.75425        9.36002        0.02143        0.02925        0.00307      300.00000       39.65460
   88    1    1     1616.96888   205805.69205    79679.84426        7.76863      164.62941        0.03310        0.02175        0.30875       26.80000      205.67207        1.43047        0.30410       11.95226        0.03595        0.00006        0.00472       82.73520      164.47455        0.03299        0.02171       26.67532        0.49886      124.17358       82.73435       11.95007        0.03566        0.00423        0.00086      300.00000        0.71839
   89    1    1     1210.31358     2021.47429      698.20941        6.80687      223.97212        0.06127        0.07096        0.20864        9.60000        0.53172        1.54195        0.19261        5.37125        0.00695        0.00000        0.01610        1.51362      225.22063        0.06174        0.07142        8.61722        0.73316        0.03366        1.49856        5.36714        0.00733        0.00057        0.01506      300.00000        1.37908
   90    1    1     1780.51948     4730.27526     1934.33848        1.79521       26.83003        0.00088        0.02640        0.98983       22.70000        3.56530        0.75138        0.98318       15.58715        0.06130        0.00232        0.00660        2.46564       19.09154        0.00044        0.18573       34.35864        1.30079        1.42312        2.46509        6.99445        0.01204        0.00964        0.00055      300.00000      133.45697
   91    1    1     2065.03301     3121.91435     1336.47404        2.52715       44.60927        0.00243        0.03563        0.26536       12.00000        1.90847        1.50814        0.22642        9.79573        0.02276        0.00003        0.03890        2.25587       54.85228        0.00367        0.02833       12.15045        0.19233        1.21572        2.23509       10.94800        0.03063        0.01628        0.02078      300.00000       90.42684
   92    1    1     1841.07554     2038.73548      619.75593        3.66643       82.08568        0.00823        0.05299        1.20973       12.80000        0.59557        0.52801        1.20656        3.65495        0.00335        0.01704        0.00324        0.76539       67.89931        0.00558        0.07345       21.10514        0.52147        1.02997        0.76116        2.58798        0.00168        0.01736        0.00423      300.00000       40.33792
   93    1    1     1472.99578     1772.26414      820.77696        6.76193      183.03260        0.04092        0.04857        1.66140       22.60000        0.02499        0.09655        1.63801        0.68667        0.00011        0.00005        0.02335        0.90396      183.42936        0.04108        0.04769       22.89167        0.02611        0.85332        0.88083        0.61232        0.00009        0.00035        0.02312      300.00000        0.61098
   94    1    1     3028.30055     1773.76239      805.83692        3.03114       45.62116        0.00254        0.02512        0.28675       10.70000        0.20603        1.48278        0.25178       12.69795        0.04157        0.00655        0.03496        0.59034       58.51915        0.00418        0.01811       12.00007        0.52455        0.84941        0.55603       14.96175        0.05324        0.01152        0.03431      300.00000       33.43899
   95    1    1     3145.65029     1563.99534      737.04011        7.18754       84.44714        0.00871        0.00815        1.22262       19.80000        0.02570        0.51944        1.21512        6.74037        0.01104        0.00092        0.00747        0.30144       84.53566        0.00870        0.00858       19.60954        0.68040        0.77753        0.30196        6.74029        0.01124        0.00871       -0.00051      300.00000        1.24134
   96    1    1     2186.75788    92964.97376    38001.03623        4.28773       59.60343        0.00434        0.01926        0.95818       19.30000       95.20629        0.78623        0.94834        3.85367        0.00376        0.00029        0.00984       38.92441       39.48745        0.00190        0.07509       10.12170        0.02943       57.93996       38.91375        5.55004        0.00746        0.00014        0.01066      300.00000       77.11938
   97    1    1     1330.39642     2292.82580      841.66244        7.56776      201.54648        0.04961        0.03701        1.07404       28.80000        0.74894        0.78024        0.95432        6.93341        0.01280        0.00216        0.11962        0.61837      201.27702        0.04932        0.03680       28.98183        0.52872        1.45623        0.49909        6.92093        0.01099        0.00438        0.11929      300.00000        0.29718
   98    1    0    22019.51980    13497.76980     6050.67345        6.74872       29.38127        0.00105        0.00126        0.83590       11.50000       14.01359        0.91460        0.81996       11.41004        0.03315        0.00133        0.01600        2.86507        0.00000        0.00000        0.00000       45.70526        0.01390       12.92198        2.86507        0.00000        0.00000        0.00000        0.00000      300.00000        0.00000
   99    1    1     1538.13984     1703.71028      722.72815        3.15832       84.03540        0.00862        0.07784        0.52193       19.00000        0.01777        1.21836        0.51621        9.06660        0.02002        0.01108       -0.00939        0.62818       98.37007        0.01179        0.07279       18.64156        0.02538        1.11047        0.61593        9.61085        0.02344        0.00358        0.01225      300.00000       53.75000
  100    1    1     1426.32223    26255.53698    11870.68727        8.20202      178.97451        0.03912        0.01903        0.71408       20.40000       27.73631        1.02141        0.71316       12.29573        0.03777        0.03425        0.00098        5.28769      178.58129        0.03892        0.01896       20.53505        4.28999       19.90680        5.27443       12.29594        0.03651        0.02313        0.01326      300.00000        0.70572
