    1    1    1     1295.30690   111750.98743    46878.66608        8.69836      178.23491        0.03880        0.01248        1.01535       27.80000      112.43500        0.72103        1.01353       11.68332        0.03417        0.02056   -33197.38201       23.07593      178.28918        0.03880        0.01237       27.82377        0.04614       91.06841       23.05513       11.68339        0.03276        0.00301        0.02081      300.00000        0.05149
    2    1    1     2494.94115    18649.80962    11008.67580        3.61294       42.24375        0.00218        0.01452        0.26693       17.00000       18.10134        1.46911        0.26545        5.84472        0.00838        0.01762        0.00146        0.99719       50.60580        0.00311        0.08401       44.14657        4.25448       14.45831        0.99770       13.72588        0.04659        0.03635       -0.00050      300.00000       70.29694
    3    1    1     4146.04072     1867.18632      623.46590        4.65273       59.84467        0.00437        0.01583        0.97767       19.10000        0.52060        0.75779        0.97677        3.98427        0.00390        0.01438        0.00081        1.28990       44.46629        0.00241        0.01224       17.73291        0.34101        0.63753        1.27431        6.89719        0.01146        0.00000        0.01560      300.00000       22.30380
    4    1    1     1517.35895     3508.42280     1393.25844        0.49901       12.29597        0.00018        0.07397        1.07507       35.20000        2.15377        0.65943        1.07513       13.45098        0.04462        0.01321       -0.00015        1.99947       56.26410        0.00384        0.08154       40.20052        0.53622        1.35040        1.99885       11.95351        0.03566        0.01314        0.00062      300.00000      130.47137
    5    1    1     1660.35924     2076.47124      770.43469        4.60147      104.88608        0.01344        0.05002        1.51294       63.80000        0.23449        0.26907        1.46550       14.05766        0.04666        0.00960        0.04745        0.63881       75.28560        0.00692        0.09105       32.73394        0.08108        1.09835        0.63855       26.19773        0.17111        0.04888        0.00026      300.00000       46.76401
    6    1    1     4182.26424     1775.92374      548.94191        5.14245       88.75101        0.00962        0.02676        1.10682       10.50000        0.35832        0.63671        1.09785       12.06084        0.03680        0.00098        0.00888        1.27073       78.42230        0.00750        0.01373       20.33262        0.44709        0.39139        1.27056       11.95818        0.03564        0.00991        0.00017      300.00000      101.26946
    7    1    1     4663.36352     1846.97699      609.48131        0.83929       17.42788        0.00037        0.05229        0.48744        7.60000        0.36743        1.25666        0.47791       16.41550        0.06821        0.01140        0.00951        1.83162       19.48897        0.00046        0.00194       30.58400        0.24061        0.09554        1.80920       17.33027        0.07199        0.00166        0.02242      300.00000      103.23849
    8    1    1     1754.80541     1537.66699      624.44593        3.42344       80.58483        0.00793        0.05974        1.28968        7.60000        0.01436        0.45256        1.28201       10.62369        0.02851        0.03989        0.00767        1.51948       92.37784        0.01038        0.07993       14.07104        0.15533        0.11761        1.47754        3.45750        0.00283        0.00711        0.04194      300.00000       34.04211
    9    1    1     4346.33118     1676.82486      761.55842        3.44670       76.88944        0.00722        0.05356        0.31896        1.20000        0.00989        1.47032        0.26424        6.62454        0.01142        0.00490        0.05468        1.05809       77.10668        0.00724        0.03617        7.03539        0.00284        0.69128        1.05414       10.17761        0.02603        0.05465        0.00394      300.00000       98.79001
   10    1    1     3500.70269     2641.87236     1038.55606        0.22031        2.89867        0.00001        0.02113        1.59669       10.00000        1.49553        0.13816        1.59640        8.11710        0.01622        0.01745        0.00025        1.29823       34.08542        0.00142        0.00554       18.17680        0.38343        1.55551        1.29626        9.93970        0.02474        0.01634        0.00197      300.00000      111.66415
   11    1    1    10596.07251     2902.37402     1184.54093        0.83683       16.72241        0.00034        0.04843        0.45145       18.80000        1.44030        1.30238        0.43219       11.18291        0.03192        0.00679        0.01925        0.82851       16.52746        0.00033        0.00353       29.56612        1.80799        0.55038        0.79592       19.44559        0.09002        0.00087        0.03259      300.00000       64.60579
   12    1    1     2359.29147     2662.29772     1197.89841        8.20125      104.21396        0.01326        0.00646        0.63476        8.70000        1.32448        1.09971        0.63485        5.20917        0.00675        0.05462       -0.00015        2.32554      104.30863        0.01326        0.00648        8.67869        0.01146        0.76842        2.27914        5.21111        0.00642        0.00846        0.04640      300.00000        2.45597
   13    1    1     1392.06228    13577.04491     6693.30254        2.48205       55.74766        0.00380        0.05782        0.23088       22.60000       13.30764        1.54962        0.18495       20.89620        0.10317        0.01026        0.04597        2.43249       33.98324        0.00141        0.19106       44.34429        2.16429       10.34557        2.42902       18.72154        0.08566        0.04270        0.00347      300.00000      113.64557
   14    1    1     7308.45339     2709.48106     1218.35804        0.16029        1.75939        0.00000        0.01471        0.57078       17.50000        1.34038        1.16551        0.56906       13.74669        0.04730        0.00570        0.00175        2.35494        7.03595        0.00006        0.00195       17.97754        0.14517        0.60218        2.35134       12.07130        0.03660        0.00347        0.00360      300.00000      166.38241
   15    1    1     3137.13060     2246.11407      472.19415        3.86648       50.50551        0.00312        0.01772        1.55406       27.60000        0.81887        0.18019        1.55438       10.17998        0.02559        0.01197       -0.00035        1.17467       60.61672        0.00446        0.02333       25.14361        1.29188        0.07156        1.17261       12.08599        0.03579        0.00983        0.00206      300.00000       29.53684
   16    1    1     1745.38065     1538.43656      613.62613        3.45523       88.45704        0.00956        0.07049        1.37211        6.30000        0.01015        0.36218        1.37239        6.21589        0.00961        0.00018       -0.00023        1.41829       90.96408        0.01008        0.06985       10.56909        0.00974        0.32030        1.41853        4.90766        0.00595        0.00006       -0.00023      300.00000       28.61445
   17    1    1    12427.49388     2615.77119     1188.14894        1.47951        2.82779        0.00001        0.00044        0.99026       19.40000        1.20404        0.76683        0.96773        7.30743        0.01366        0.03782        0.02260        1.75781       18.49840        0.00042        0.01469       16.77183        0.31433        0.87020        1.75251        1.08027        0.00028        0.05536        0.00530      300.00000      101.27385
   18    1    1     3764.40815     1581.10871      586.91866        7.08072       79.35530        0.00769        0.00765        1.07493        5.70000        0.20184        0.65943        1.07513       12.36560        0.03804        0.00575       -0.00016        0.39196       77.39394        0.00731        0.00786        5.99927        0.28907        1.25874        0.38876       12.36564        0.03839        0.00200        0.00320      300.00000       13.20184
   19    1    1     1803.07597     9306.72661     4308.37545        1.85244       38.38978        0.00180        0.05065        0.94235       26.60000        9.10338        0.80947        0.92510       13.92840        0.04945        0.00661        0.01725        8.47411       70.08748        0.00597        0.05674       27.04637        0.27840        2.11831        8.45522        9.96661        0.02535        0.00483        0.01888      300.00000       89.26178
   20    1    1     1709.63369     4768.84038     2087.13626        0.93343       30.81708        0.00116        0.13196        0.28753       14.10000        3.83140        1.44658        0.28799        3.01045        0.00224        0.05098       -0.00048        3.56888       70.89127        0.00613        0.03634       49.10598        0.97501        1.12102        3.55588        5.75570        0.00800        0.03647        0.01300      300.00000       95.64722
   21    1    1     2534.06820     1635.78485      615.74460        1.58768       21.49279        0.00056        0.02182        0.59292        9.30000        0.28247        1.14681        0.58776        6.05533        0.00923        0.00712        0.00512        1.29986       19.53441        0.00047        0.01526       13.13466        0.23790        0.49158        1.29276        6.43033        0.01044        0.00543        0.00710      300.00000      135.02226
   22    1    1     5021.34550     1593.24420      626.59186        6.84787       52.73889        0.00340        0.00385        1.03639        9.80000        0.26070        0.69925        1.03532        4.42602        0.00490        0.00606        0.00102        1.36745       54.34048        0.00360        0.00411        9.39912        0.07162        0.56073        1.36254        4.43424        0.00479        0.00225        0.00491      300.00000        1.61219
   23    1    0     1403.52320  4961174.40187  1599789.78623        4.73162      100.69958        0.01238        0.04293        0.36714       13.70000     4284.35908        1.38939        0.34518       13.30707        0.04246        0.01361        0.02194      713.64455        0.00000        0.00000        0.00000       85.90042        0.01859     3572.74801      713.64455        0.00000        0.00000        0.00000        0.00000      300.00000        0.00000
   24    1    1     1656.69431     3210.22428      987.94152        0.86194       30.74472        0.00115        0.15423        1.25322       20.30000        1.99730        0.50598        1.22858        1.76704        0.00080        0.00237        0.02439        2.40337       66.49841        0.00540        0.02638       44.26073        0.40754        1.00357        2.38885       15.27104        0.05931        0.00951        0.01451      300.00000      102.12423
   25    1    1     1614.66252   949434.62249   337839.58521        6.63574      167.29686        0.03418        0.04345        1.57168       19.80000      896.46893        0.20566        1.52890        8.63603        0.01931        0.00232        0.04275      275.74975      167.21953        0.03413        0.04364       19.80714        0.09653      622.36023      275.74599        8.65464        0.01882        0.04195        0.00376      300.00000        1.26444
   26    1    1     1407.07096     6608.21423     2923.11010        6.39940      189.66513        0.04393        0.06335        0.89884       23.50000        5.83277        0.84837        0.88620        1.28583        0.00040        0.00299        0.01265        3.85353      189.39095        0.04377        0.06314       23.69619        0.65148        3.07734        3.83890        1.28588        0.00042        0.00097        0.01463      300.00000        0.67747
   27    1    1     2902.09368    64053.19769    25879.54732        8.03429       89.98197        0.00989        0.00543        0.78938       34.10000       65.71854        0.95984        0.77473        8.67839        0.01916        0.01216        0.01468        7.01986       89.75589        0.00984        0.00548       34.10385        0.39408       60.04723        7.01188        8.68268        0.01831        0.01968        0.00799      300.00000        1.15044
   28    1    1     2311.99924     4628.16414     1998.29773        2.69080       49.53749        0.00300        0.03840        1.40527       20.30000        3.60315        0.33347        1.40110       10.74541        0.02903        0.03175        0.00413        0.51897       59.35686        0.00430        0.02374       28.99431        2.62969        2.20355        0.51784       10.63498        0.02827        0.03552        0.00114      300.00000       70.52465
   29    1    1     5161.04877     2685.27524     1091.20539        3.42015       29.07217        0.00103        0.00779        1.04461       23.50000        1.49473        0.69093        1.04363        8.98486        0.01983        0.00100        0.00102        2.42782       50.41325        0.00310        0.04904       17.08568        0.31442        0.46312        2.42636        2.70206        0.00183        0.00060        0.00146      300.00000       39.15334
   30    1    1     2046.98848     6579.22380     2734.07135        1.11816       19.58266        0.00047        0.03699        1.49034       19.10000        6.38615        0.25395        1.48061       10.28161        0.02562        0.01449        0.00977        4.35238       39.55929        0.00190        0.04422       16.99834        0.25574        3.52857        4.32689        8.92335        0.02042        0.00478        0.02550      300.00000      126.52329
   31    1    1      865.02661  8644881.04401  2970097.54103        1.17239       30.80598        0.00116        0.08317        0.26899       23.00000     7433.69438        1.46529        0.26927        7.64334        0.01442        0.01134       -0.00029     1554.32124      170.43626        0.03546        0.97734      168.71238        1.14550     5878.55906     1554.24945       10.53131        0.02908        0.00464        0.07179      300.00000      130.61605
   32    1    1     1311.86431     1725.99287      709.88086        6.68459      203.82190        0.05074        0.06281        1.34136       23.80000        0.10464        0.39379        1.34078        6.47033        0.01045        0.00441        0.00058        0.24011      204.23597        0.05073        0.06347       23.50468        1.31146        0.28810        0.23891        6.48664        0.01052        0.00380        0.00120      300.00000        0.51864
   33    1    1     1423.99349     2664.75569      995.13242        6.63508      188.59507        0.04344        0.05523        0.92763       23.90000        1.25596        0.80792        0.92664        5.29660        0.00701        0.00047        0.00105        1.60105      187.45435        0.04271        0.05448       24.48877        0.43516        0.95722        1.59964        5.30456        0.00690        0.00016        0.00141      300.00000        0.18670
   34    1    0     1960.95593  2514781.38373   844668.85801        2.85640       43.90423        0.00235        0.02650        0.00522       23.50000     2223.28987        1.73088        0.00368        4.12003        0.00416        0.00665        0.00155     1261.92956        0.00000        0.00000        0.00000       54.13668        0.01070      963.09925     1261.92956        0.00000        0.00000        0.00000        0.00000      300.00000        0.00000
   35    1    1     3582.59326     3856.28995     1807.92465        5.84443       75.13569        0.00689        0.01329        0.77828        7.70000        2.96905        0.95984        0.77473        5.55493        0.00754        0.00004        0.00288        1.93487       71.65785        0.00626        0.01540        7.98312        0.02857        2.74194        1.93376        4.70686        0.00544        0.00242        0.00111      300.00000       20.62478
   36    1    1     1304.76955     1495.10617      688.49662        8.10937      195.83878        0.04684        0.02439        1.49241       12.00000        0.01669        0.24166        1.49290        7.06491        0.01237        0.00376       -0.00048        1.58107      195.50920        0.04658        0.02428       12.35461        0.01041        0.16274        1.57853        7.06433        0.01222        0.00082        0.00254      300.00000        0.27072
   37    1    1     1762.44715     2057.75943      600.85980        6.62442      153.11865        0.02863        0.03662        0.82008       24.40000        0.65036        0.91522        0.81934        4.35684        0.00474        0.00452        0.00070        0.32882      154.01200        0.02894        0.03621       24.38641        0.95060        1.10567        0.32862        4.41822        0.00481        0.00513        0.00020      300.00000        1.24666
   38    1    1     1810.17044    26021.79964    11524.36535        2.62038       55.94653        0.00382        0.05185        1.25372       26.30000       26.95804        0.48054        1.25402        8.43272        0.01767        0.00002       -0.00029       12.60610       54.07275        0.00356        0.06134       25.39492        3.82265       12.25865       12.60661        7.33106        0.01334        0.00005       -0.00050      300.00000       80.48526
   39    1    1     2305.08815     1871.66806      770.35212        3.52918       76.92214        0.00723        0.05079        0.82239       18.80000        0.36891        0.91310        0.82146        5.07068        0.00642        0.01038        0.00089        0.75678       77.99702        0.00739        0.03239       25.63519        0.54409        0.81666        0.74885        8.57628        0.01786        0.00404        0.00793      300.00000       11.30754
   40    1    1     1913.54026     1685.69032      801.42638        2.98709       71.32208        0.00621        0.06342        1.37296        9.80000        0.00556        0.36262        1.37195        6.30625        0.00977        0.00004        0.00103        0.07129       79.54324        0.00766        0.04855       19.89585        1.20857        0.47320        0.07183        6.26949        0.00973        0.00157       -0.00054      300.00000       36.53279
   41    1    1     1488.21385     2829.80100     1046.49476        6.07693      176.41239        0.03801        0.06492        0.49032       16.30000        1.58478        1.24460        0.48997       10.91473        0.02933        0.00060        0.00029        1.64245      176.35592        0.03777        0.06646       15.33931        0.21036        1.46598        1.64146       10.95412        0.02948        0.00004        0.00099      300.00000        1.18502
   42    1    1     1492.25937   134448.64611    52406.16602        5.32412      168.90095        0.03484        0.08807        0.53406       18.80000      136.20362        1.20429        0.53027       19.39721        0.09191        0.00867        0.00380        8.13431      180.60673        0.03974        0.10054       13.58080        0.00737      129.79061        8.11997       19.60453        0.09273        0.00022        0.01434      300.00000       15.34227
   43    1    1     1983.69455     1745.08714      637.65724        0.13837        2.54370        0.00001        0.04127        1.71655       29.90000        0.31050        0.02961        1.70496       15.29525        0.05659        0.00592        0.01159        1.10459        6.17093        0.00005        0.05109       28.82654        0.06868        0.89957        1.08336       12.32915        0.03647        0.00000        0.02123      300.00000      171.54802
   44    1    1     2758.75355     4925.06541     2472.03654        2.79406       35.97549        0.00158        0.01867        0.02414       17.80000        4.08697        1.71008        0.02449        0.82041        0.00017        0.00529       -0.00028        0.07824       24.80652        0.00075        0.01330       16.82216        0.22676        5.51564        0.07674        5.92906        0.00862        0.00355        0.00150      300.00000      110.42753
   45    1    1     2073.23079     1879.25428      635.79547        5.07728      114.19089        0.01593        0.04585        0.83636       17.20000        0.42075        0.91536        0.81921        1.44709        0.00050        0.00065        0.01709        1.60303      115.76290        0.01636        0.04080       16.95128        0.21382        0.35045        1.59060        4.76941        0.00577        0.00517        0.01242      300.00000        2.53516
   46    1    1     1805.04717     1695.70729      551.67375        6.78737      149.91255        0.02745        0.03213        0.77382       11.30000        0.25558        0.97096        0.76360       10.07976        0.02573        0.00903        0.01013        0.61311      150.77041        0.02765        0.03077       12.34144        0.52675        0.85169        0.61299       10.07940        0.02503        0.01972        0.00011      300.00000        1.03900
   47    1    1     2365.60737     3122.30046     1261.21292        3.49329       51.55965        0.00325        0.02336        0.80628       12.30000        2.07199        0.92902        0.80555        7.42866        0.01357        0.00000        0.00066        1.46682       58.74060        0.00420        0.02050       17.43236        0.41606        1.92828        1.46687        6.64184        0.01088        0.00075       -0.00006      300.00000       74.06041
   48    1    1     6426.84803     3951.30367     1938.23583        6.23693       55.48326        0.00376        0.00591        1.01718       13.00000        2.65065        0.76107        0.97349       14.42995        0.05393        0.00000        0.04371        1.26856       51.94708        0.00329        0.00785       11.69387        0.31167        2.81473        1.26238       13.69929        0.04568        0.04073        0.00618      300.00000       74.47724
   49    1    1     2183.13843     2070.39815      827.10689        0.37118        9.28656        0.00011        0.07634        0.61776       24.40000        0.68379        1.12091        0.61366        4.10364        0.00423        0.00902        0.00413        1.74662        3.34005        0.00001        0.01801       23.42100        0.03566        0.65742        1.73787       14.14289        0.05059        0.00385        0.00875      300.00000      174.70161
   50    1    1     1694.74047     1609.44416      559.92310        2.15838       41.89001        0.00214        0.04386        1.09517        5.70000        0.10234        0.67730        1.05726       14.36523        0.04898        0.00480        0.03783        0.68477       73.66350        0.00661        0.05305       26.61831        0.12548        1.09456        0.65452        3.78399        0.00368        0.00646        0.03025      300.00000       98.09845
   51    1    1     1187.29941     1848.23710      684.79532        8.91775      181.91743        0.04042        0.01041        1.23861       15.70000        0.33551        0.50361        1.23095        8.19242        0.01631        0.01194        0.00761        1.24563      181.80937        0.04036        0.01044       15.70882        0.36205        0.46626        1.24178        8.19273        0.01687        0.01521        0.00385      300.00000        0.49167
   52    1    1     6351.42702     4215.80893     1679.72392        4.95209       29.52249        0.00106        0.00328        1.52110       18.40000        3.33984        0.22872        1.50584        9.93109        0.02377        0.02348        0.01531        4.49566       20.92470        0.00053        0.00389       18.38523        0.38216        0.21695        4.48848        6.47147        0.01018        0.03189        0.00717      300.00000       29.17011
   53    1    1     1690.55442     7251.16542     3276.01171        6.99542      159.44139        0.03105        0.03240        0.71103       32.60000        6.68679        1.05674        0.67783       12.66723        0.03818        0.00115        0.03325        4.42987      159.17811        0.03085        0.03238       32.62599        0.20251        3.80217        4.41667       12.67446        0.03880        0.02075        0.01320      300.00000        0.19246
   54    1    1     1505.65338     2101.67886      593.06788        6.10543      176.84980        0.03820        0.06427        1.18726       23.60000        0.56037        0.63898        1.09558       10.65722        0.02631        0.02133        0.09175        0.85965      177.02919        0.03813        0.06531       23.56405        0.43827        1.08425        0.77229       10.48059        0.02548        0.02562        0.08736      300.00000        3.40458
   55    1    1     2432.87140    76243.66609    31203.60051        4.84843       97.63105        0.01164        0.03788        0.43077       33.40000       78.13896        1.30502        0.42954        7.43980        0.01384        0.01039        0.00118       38.53943       76.61484        0.00717        0.03378       32.16776        0.18873       41.15500       38.52934        9.82323        0.02444        0.00003        0.01009      300.00000        2.74829
   56    1    1     1235.58561     1892.21572      578.45706        1.65868       49.34237        0.00297        0.10511        0.77774       26.00000        0.35183        0.98378        0.75079        1.72498        0.00076        0.00897        0.02691        1.28980       46.35553        0.00262        0.15816       13.89797        0.35296        0.40121        1.27259        5.07842        0.00657        0.01983        0.01721      300.00000      115.58730
   57    1    1     2579.28907     2272.93372      684.38900        1.03966       13.33019        0.00022        0.01986        1.27710       25.10000        1.00617        0.47288        1.26169        5.42033        0.00708        0.02467        0.01542        0.87814       19.47367        0.00046        0.02920       18.37626        1.72893        0.14513        0.84898        7.62132        0.01386        0.01225        0.02917      300.00000      142.99644
   58    1    1     3853.20830     1466.66390      617.95553        3.55635       49.02756        0.00294        0.02028        1.65590        4.70000        0.00839        0.08231        1.65226        4.16346        0.00423        0.03638        0.00363        1.48589       34.64378        0.00147        0.00750       18.86671        0.01674        0.29133        1.45204        1.57835        0.00059        0.00691        0.03385      300.00000       47.97783
   59    1    1     3377.97870     3793.51096     1936.28330        1.09116       17.47163        0.00037        0.03094        0.26884       11.30000        2.42272        1.46566        0.26890        6.36279        0.01008        0.00375       -0.00008        0.69924        8.68994        0.00009        0.00822       19.37707        0.39155        3.08826        0.69852        7.02766        0.01233        0.00268        0.00072      300.00000      154.64867
   60    1    1     2355.41025     1588.79563      631.21545        3.64686       72.26627        0.00638        0.04158        0.41401       11.90000        0.07987        1.32000        0.41456       11.96449        0.03545        0.02305       -0.00055        0.86575       89.50451        0.00976        0.03546        8.72938        0.25598        0.70388        0.85130       12.96174        0.04273        0.00680        0.01445      300.00000        9.16358
   61    1    1     1889.37327     2105.19197      624.89259        1.74635       39.65310        0.00192        0.06105        1.24937       29.10000        0.60259        0.49077        1.24379        8.31578        0.01742        0.03906        0.00552        0.55399       59.66067        0.00432        0.05279       35.01748        0.93923        0.88660        0.50853        9.86616        0.02523        0.00001        0.04545      300.00000       82.34517
   62    1    1     1729.86841     1637.54943      696.21224        0.23782        5.14859        0.00003        0.05721        1.68375        8.40000        0.00918        0.05223        1.68234       12.87344        0.04067        0.00943        0.00133        1.05606        2.05643        0.00001        0.03320       21.36306        0.03173        0.67577        1.05162       14.23687        0.04945        0.00628        0.00443      300.00000      175.23709
   63    1    1     3210.41090     1999.02940      843.09590        6.10766       85.38632        0.00890        0.01497        0.12840       20.70000        0.58734        1.62227        0.11230       12.34437        0.03881        0.00024        0.01606        1.87822       86.97894        0.00923        0.01609       19.98835        0.02841        0.43223        1.85980       12.34991        0.03667        0.00008        0.01842      300.00000        9.40478
   64    1    1      843.67710     5959.37781     2221.07652        8.54241      284.53119        0.09888        0.03662        1.60415       38.30000        4.96834        0.13125        1.60332       10.38047        0.02691        0.03046        0.00080        1.43379      284.35856        0.09847        0.03677       38.36912        1.47600        3.79722        1.42995       10.38048        0.02632        0.02803        0.00384      300.00000        0.02252
   65    1    1     2329.36785     1682.66779      827.47691        7.73418      112.24218        0.01539        0.01034        0.77067       20.90000        0.05493        0.96339        0.77117        6.96894        0.01205        0.03412       -0.00051        0.41071      112.24292        0.01537        0.00998       21.06672        0.13116        1.27354        0.38516        6.97150        0.01162        0.00849        0.02555      300.00000        0.82358
   66    1    1     3946.96160     6542.45575     2960.40478        5.36564       84.54312        0.00873        0.02159        1.12530       37.50000        5.88897        0.62556        1.10900        7.05431        0.01199        0.01612        0.01628        2.26684       80.72561        0.00795        0.01797       39.08745        0.23303        5.14662        2.25056        6.48953        0.01073        0.01516        0.01628      300.00000       75.57598
   67    1    1     3452.86787     1478.82682      688.14752        6.12854       80.29082        0.00787        0.01309        1.04148       18.90000        0.01635        0.70559        1.02897       11.25021        0.03213        0.03117        0.01256        0.09676       82.71676        0.00835        0.01286       18.74879        0.01948        1.68003        0.05111       11.24421        0.02988        0.00034        0.04565      300.00000       12.87747
   68    1    1     3665.28260     1800.13550      533.11486        1.48205       21.73262        0.00058        0.02569        1.70222       17.80000        0.42647        0.10088        1.63369        6.03508        0.00954        0.02164        0.06860        1.27417       42.09713        0.00216        0.01595       15.07395        0.30547        0.66104        1.18809        9.77480        0.02518        0.00305        0.08608      300.00000       96.34244
   69    1    1     1657.28249    60787.43187    25714.23482        0.19130        3.69303        0.00002        0.04550        0.98942       43.40000       62.77175        0.75128        0.98329       19.83290        0.09574        0.02289        0.00620       12.65033       29.19079        0.00104        0.06804       37.61460        0.43536       51.37406       12.63685       23.29156        0.13785        0.00991        0.01349      300.00000      155.50554
   70    1    1     1748.10327     1722.81746      486.67840        5.54693      144.74495        0.02559        0.05758        1.19837       27.40000        0.16924        0.53679        1.19777       13.68602        0.04675        0.00409        0.00058        1.72784      147.02193        0.02638        0.06193       25.35329        0.13832        0.03191        1.72804       13.73710        0.04693        0.00511       -0.00020      300.00000        6.76618
   71    1    1     2704.36839     1513.90642      572.42886        4.24466       65.56436        0.00525        0.02389        0.65822       22.60000        0.07150        1.08094        0.65362        8.43483        0.01735        0.01052        0.00465        0.67914       67.01653        0.00548        0.03643       23.92566        0.28486        0.85088        0.67283        2.37148        0.00137        0.00953        0.00631      300.00000       16.72290
   72    1    1     2371.64570    34359.90551    14936.75158        4.14442       83.25324        0.00847        0.04082        0.25028       50.90000       35.74443        1.51536        0.21921        7.88881        0.01601        0.00696        0.03100       17.74183       80.91039        0.00798        0.03702       52.73717        1.00339       18.74229       17.74172        6.05829        0.00914        0.04069        0.00010      300.00000        6.28088
   73    1    1     2593.34828     2211.76743      870.35704        2.56138       37.93291        0.00176        0.02503        0.95811       17.80000        0.71896        0.80340        0.93117       12.06712        0.03479        0.03098        0.02703        2.04431       50.03545        0.00305        0.03116       18.94461        0.29946        0.17618        2.00360        3.26624        0.00253        0.01634        0.04071      300.00000       65.78841
   74    1    1     3716.55513     1533.92170      625.12195        3.62809       44.94386        0.00247        0.01627        0.63516       12.60000        0.13663        1.11248        0.62209        7.11675        0.01286        0.00458        0.01302        1.18980       48.18601        0.00283        0.00928       15.37909        0.10531        0.59948        1.17122        7.54779        0.01369        0.00006        0.01858      300.00000       39.39386
   75    1    1     2703.85704     1684.67483      657.59290        4.28589       55.38678        0.00375        0.01665        0.78218       39.80000        0.10982        0.96519        0.76938       15.27727        0.05639        0.00888        0.01276        1.24696       58.03364        0.00410        0.03027       36.76487        0.08109        0.50197        1.24680       15.28296        0.05753        0.02094        0.00017      300.00000       50.31904
   76    1    1     2014.55140     1689.00872      778.06398        1.83224       32.03504        0.00125        0.03608        0.53518       17.70000        0.04556        1.19945        0.53511       12.15095        0.03639        0.00115       -0.00002        1.13645       43.97123        0.00234        0.05472        8.25513        0.06875        0.55632        1.13521       12.16000        0.03630        0.00017        0.00124      300.00000      101.93869
   77    1    1     6040.33633     1840.04839      483.95991        6.09672       73.61898        0.00662        0.01119        0.83432       30.30000        0.40236        0.90049        0.83408       14.62150        0.05329        0.03450        0.00027        0.74756       70.60291        0.00607        0.01130       28.85420        0.34062        1.06686        0.72512       15.25836        0.05580        0.01457        0.02244      300.00000      124.86047
   78    1    1     1583.40540     1683.53189      768.66126        8.18671      158.88246        0.03083        0.01517        0.68653        6.20000        0.06074        1.05082        0.68375       15.02442        0.05662        0.00425        0.00275        1.21717      158.82337        0.03071        0.01527        6.23637        0.03165        0.54679        1.21688       15.02440        0.05627        0.00709        0.00029      300.00000        0.87500
   79    1    1     3721.46673     1490.30788      579.24852        3.83603       45.14276        0.00249        0.01443        0.59121       10.90000        0.06074        1.14965        0.58492        8.27109        0.01665        0.01216        0.00628        0.92387       46.59160        0.00265        0.01135       21.11477        0.14703        0.74754        0.91927        2.51479        0.00159        0.01330        0.00460      300.00000       33.42177
   80    1    1     2607.94140     1457.79602      624.23211        5.26692      101.18193        0.01250        0.03257        0.90114       11.30000        0.01305        0.83850        0.89607        5.68968        0.00789        0.00000        0.00504        0.64615       95.64519        0.01117        0.02546       16.28965        0.08615        1.02178        0.64673        6.20655        0.00954        0.00542       -0.00058      300.00000       11.07523
   81    1    1     2237.89629    69948.62833    29667.14573        3.72353       51.03124        0.00318        0.01976        1.05818       33.40000       72.55540        0.68375        1.05081       12.17620        0.03603        0.00025        0.00730       11.92384       58.55828        0.00418        0.08472       21.89207        0.26692       62.01143       11.91366       16.44215        0.06549        0.00000        0.01018      300.00000       68.84025
   82    1    1     2034.47699    13634.44014     6384.17956        6.78736      132.64103        0.02149        0.02516        0.75221       26.50000       13.84037        1.00654        0.72803        7.21942        0.01248        0.04268        0.02422        9.76948      133.64423        0.02179        0.02740       25.64028        0.03942        5.82920        9.70377        7.22206        0.01364        0.00000        0.06572      300.00000        1.45291
   83    1    1     1579.93607     2473.65161      990.93624        6.70118      169.46218        0.03507        0.04303        0.87811       11.10000        1.13880        0.85676        0.87780        5.48793        0.00751        0.00621        0.00027        1.39586      170.18836        0.03526        0.04236       11.56285        0.14168        1.33656        1.39567        5.49347        0.00752        0.00626        0.00018      300.00000        0.32134
   84    1    1     1624.43444     2639.75056     1196.74254        4.60597      124.15475        0.01883        0.06991        0.72613       12.80000        1.03979        1.00968        0.72488       15.29463        0.05849        0.00001        0.00124        0.10885      134.27834        0.02200        0.10659       14.84695        1.93723        0.73568        0.10869        6.60355        0.01074        0.00175        0.00017      300.00000        3.17997
   85    1    1     1171.63695     7443.81377     3192.45861        0.56045       16.72406        0.00034        0.10841        1.32528       26.80000        7.00641        0.40916        1.32541        6.03890        0.00907        0.00005       -0.00020        1.49367       38.54726        0.00180        0.22067       40.11792        1.47029        5.66843        1.49405        3.72676        0.00345        0.00042       -0.00038      300.00000      145.84000
   86    1    1     2539.70538     1761.96930      867.46405        3.82525       55.70430        0.00379        0.02211        0.60770       10.20000        0.17893        1.13061        0.60396       11.03364        0.03059        0.01140        0.00380        1.76883       59.86273        0.00437        0.02317       11.96657        0.09022        0.06599        1.75780       10.59541        0.02846        0.00409        0.01103      300.00000       56.12688
   87    1    1     2652.93059     1405.07212      597.71131        6.71921      101.72017        0.01264        0.01535        0.99850       11.20000        0.02044        0.75242        0.98214        4.37192        0.00487        0.00163        0.01635        1.32559      101.48319        0.01254        0.01552       11.14039        0.01492        0.42589        1.31413        4.37028        0.00462        0.00677        0.01145      300.00000        0.91975
   88    1    1    10134.48685     1831.62225      747.32132        3.21299       35.34300        0.00153        0.01325        1.39388       19.10000        0.34399        0.34737        1.38720        5.35425        0.00723        0.01697        0.00669        0.40030       19.83261        0.00048        0.00243       17.03809        1.29301        0.37278        0.40026       11.20795        0.03097        0.02426        0.00005      300.00000      122.57082
   89    1    1     1284.97448     4211.83663     2004.87771        4.02818      152.81195        0.02852        0.14724        0.12904       16.00000        2.59831        1.65571        0.07886        6.57848        0.01124        0.01193        0.05026        1.41270      151.30779        0.02765        0.14037       16.55336        0.22684        2.75858        1.35010        7.97909        0.01492        0.00095        0.06260      300.00000        3.58456
   90    1    1     1613.96402     1969.54723      552.55966        4.10650      114.80005        0.01610        0.07935        1.19029       25.90000        0.36027        0.54455        1.19002       14.42799        0.05127        0.00164        0.00017        0.57909      108.41291        0.01425        0.09949       29.11810        0.62892        0.89947        0.57951        8.98226        0.01995        0.00230       -0.00043      300.00000       20.53576
   91    1    1     1308.93106    11028.10075     4949.41419        0.10604        2.71024        0.00001        0.07977        0.51323       11.90000       10.53090        1.22359        0.51097       10.83647        0.02877        0.01160        0.00224        7.45574       24.59155        0.00073        0.15413       22.83888        0.20988        4.52159        7.45031       13.47730        0.04575        0.00004        0.00543      300.00000      161.95894
   92    1    1     2303.98757     2173.71306     1044.54239        2.76949       50.12277        0.00307        0.03694        0.76716       21.50000        0.63002        0.97851        0.75605        6.19314        0.00972        0.00385        0.01113        2.18223       39.42922        0.00189        0.02802        5.91165        0.01377        0.18518        2.17294        6.92797        0.01164        0.00655        0.00928      300.00000       85.68505
   93    1    1     1133.22631     1889.67065      586.50767        1.72717       66.12496        0.00534        0.17368        1.19895       24.70000        0.16608        0.53580        1.19876        5.13881        0.00658        0.00331        0.00015        0.70299       60.52781        0.00447        0.15758       33.75866        0.61888        0.55026        0.70295       14.54760        0.05271        0.00288        0.00004      300.00000      102.19878
   94    1    1     2085.43707     9407.04768     4763.86040        2.87317       42.70419        0.00223        0.02475        1.65855       19.00000        8.87186        0.08442        1.65015        7.65759        0.01482        0.00503        0.00838        6.16537       48.81093        0.00291        0.03826       11.61165        0.15908        4.27376        6.15543        7.55293        0.01445        0.00785        0.00994      300.00000       98.27126
   95    1    1     1496.64310     1591.26996      577.52023        1.05255       27.29789        0.00091        0.08124        0.95453       11.90000        0.00989        0.81349        0.92107       11.06280        0.03153        0.05014        0.03348        0.94048       26.27638        0.00084        0.08843       16.29249        0.08859        0.77868        0.86637       12.21299        0.03479        0.00995        0.07411      300.00000      132.28574
   96    1    1     1497.51335     1925.51122      820.04781        1.90371       59.98807        0.00440        0.11688        1.57000       12.60000        0.26782        0.16953        1.56504        8.65665        0.01886        0.02138        0.00505        0.59634       68.77435        0.00574        0.06443       12.03200        0.10080        1.38388        0.56919        8.56932        0.01754        0.00015        0.02715      300.00000       82.70735
   97    1    1     1885.36300   159653.90799    64902.34808        8.21056      133.97662        0.02192        0.01060        0.27655       51.10000      159.88681        1.46254        0.27202        7.37550        0.01327        0.00386        0.00456       10.69307      133.92018        0.02190        0.01071       51.09393        0.42093      150.50699       10.69340        7.37879        0.01353        0.00844       -0.00033      300.00000        0.13204
   98    1    1     1535.26415     2113.07691      705.50611        8.18009      165.19529        0.03333        0.01648        1.17219       21.00000        0.64047        0.56191        1.17266        6.59132        0.01075        0.00160       -0.00048        1.86119      164.84352        0.03314        0.01644       21.09710        0.48654        0.02701        1.86170        6.59186        0.01076        0.00164       -0.00051      300.00000        0.19724
   99    1    1     2391.92953     1447.25555      601.74319        6.33914      118.14524        0.01705        0.02538        1.58970       12.90000        0.03473        0.14738        1.58719        6.01550        0.00886        0.00096        0.00248        0.52867      116.39297        0.01652        0.02329       14.88612        0.02673        1.21916        0.52620        5.97430        0.00874        0.00094        0.00247      300.00000        8.55277
  100    1    1     2106.09414     1665.30333      696.48259        3.71471       70.22100        0.00602        0.03762        0.79385       14.10000        0.29086        0.94538        0.78918        5.63753        0.00775        0.00917        0.00468        1.53647       71.17417        0.00617        0.06179       13.02584        0.05806        0.42227        1.52838        2.12637        0.00110        0.00481        0.00809      300.00000       29.78246
