    1    1    1     1609.55956     2713.68516      744.22777        6.64395      168.53043        0.03469        0.04390        1.39762       25.10000        1.21389        0.41923        1.31533       14.85242        0.05128        0.02298   -33197.30156        1.83911      168.00636        0.03426        0.04509       24.82972        0.72325        0.49105        1.73344       14.85178        0.05083        0.00001        0.10566      300.00000        1.61965
    2    1    1      995.07807     6763.84454     3017.84473        8.99734      213.13153        0.05548        0.01305        1.08754       13.30000        6.04177        0.67102        1.06354        3.18105        0.00242        0.00464        0.02396        4.61831      213.00338        0.05524        0.01327       13.27460        0.11075        3.05367        4.61188        3.17548        0.00245        0.02222        0.00642      300.00000        0.17119
    3    1    1     4198.26817     3929.08887     1288.13428        6.75596       68.27419        0.00569        0.00678        0.86980       28.70000        2.85106        0.86742        0.86715       10.95631        0.02938        0.00064        0.00275        2.31490       66.65799        0.00543        0.00701       28.69542        1.06078        1.21075        2.31412       10.95237        0.02995        0.00196        0.00078      300.00000        8.75595
    4    1    1     2180.08379     1471.48403      634.87669        0.17529        3.68754        0.00002        0.05403        0.89308       19.30000        0.05365        0.84366        0.89090        4.23914        0.00450        0.00547        0.00214        0.34200       11.14861        0.00015        0.02561       25.21218        0.08666        1.37874        0.33886        8.29138        0.01726        0.00400        0.00314      300.00000      158.94480
    5    1    1    11691.31170     1898.88207      729.88279        0.26454        5.79662        0.00004        0.05860        1.62530       16.00000        0.49120        0.11074        1.62383       10.87992        0.02961        0.04165        0.00145        0.82041        5.75563        0.00004        0.03357       12.46849        0.06004        1.37208        0.79799       15.12850        0.05856        0.01241        0.02242      300.00000       68.75586
    6    1    1     1913.32588     4007.29467     1822.58794        2.44809       48.95155        0.00293        0.04591        0.33490       24.10000        2.79668        1.40563        0.32893        7.51331        0.01374        0.00032        0.00598        2.96510       59.45248        0.00430        0.04174       26.57932        0.38138        1.19336        2.96495        5.72122        0.00806        0.00616        0.00015      300.00000       85.17677
    7    1    1     7374.56662     1419.60128      619.16696        7.64605       36.91020        0.00166        0.00118        0.95021       19.90000        0.02114        0.78455        0.95001        6.07179        0.00908        0.00573        0.00020        0.98268       36.73251        0.00165        0.00120       19.98912        0.05097        0.72287        0.98204        6.03041        0.00894        0.00526        0.00064      300.00000        2.05646
    8    1    1     2849.86014     1978.11838      619.27245        3.91574       69.59734        0.00592        0.03267        1.65857       19.60000        0.46834        0.11040        1.62417        5.90136        0.00828        0.04476        0.03437        1.23000       80.17278        0.00785        0.02056       24.04869        0.56669        0.45089        1.19521        6.02628        0.00863        0.04430        0.03479      300.00000        9.05289
    9    1    1     4989.02899     1648.85701      595.07773        2.61613       47.96896        0.00281        0.03825        1.14947       23.80000        0.09671        0.60794        1.12662       12.25573        0.03599        0.00405        0.02280        1.27692       59.02389        0.00424        0.02137       32.80182        0.09145        0.49529        1.27621        9.14662        0.02057        0.02540        0.00071      300.00000       72.20751
   10    1    1     1713.19446     1616.34945      724.28893        1.36986       30.47664        0.00113        0.05932        0.48707       17.10000        0.04135        1.25080        0.48377        1.69283        0.00070        0.00210        0.00335        1.33138       43.63344        0.00231        0.06588        5.45774        0.02500        0.40411        1.33001        6.42395        0.01013        0.00368        0.00137      300.00000      115.17390
   11    1    1     1601.32346    27313.66684    12364.55897        0.07911        1.93174        0.00000        0.07281        0.25451       35.90000       28.42212        1.47979        0.25477        7.47072        0.01387        0.02834       -0.00035        8.47588       31.61001        0.00122        0.07436        8.95545        0.03387       21.65202        8.47599        3.14585        0.00246        0.03162       -0.00011      300.00000      155.90559
   12    1    1     2370.29828     1860.54586      663.79815        2.99548       47.21990        0.00272        0.02763        1.31529       32.00000        0.53183        0.42286        1.31170        5.69092        0.00814        0.03724        0.00364        1.17982       53.13563        0.00344        0.02712       13.87894        0.14981        0.92648        1.14564       14.41740        0.05357        0.00547        0.03418      300.00000       76.84268
   13    1    1     2236.87600     1643.57314      768.73459        0.27702        4.91517        0.00003        0.03842        0.90275       10.30000        0.01701        0.83144        0.90312       10.69850        0.02829        0.01620       -0.00043        0.58969       17.60889        0.00038        0.02365       26.45478        0.19898        0.98594        0.58591        9.54540        0.02289        0.01263        0.00378      300.00000      160.88104
   14    1    1     1973.73030     1731.58673      584.15506        4.03131       93.78380        0.01074        0.05536        0.40930       30.50000        0.25297        1.33619        0.39838        7.09666        0.01219        0.02403        0.01091        0.70544       56.11487        0.00383        0.04732       24.89825        0.10599        1.15898        0.69942       14.23934        0.05111        0.02812        0.00601      300.00000       39.46880
   15    1    1     3036.69807     1460.63226      632.55352        3.05660       50.54903        0.00312        0.03028        1.13067       14.70000        0.02994        0.63469        1.09988        6.67261        0.01145        0.00989        0.03081        1.33972       24.18718        0.00071        0.00658       19.00398        0.03669        0.42978        1.30772       10.54365        0.02861        0.00794        0.03200      300.00000       95.11983
   16    1    1     3432.38013     2034.05727      818.55047        5.47322       91.08403        0.01013        0.02369        1.20362       10.50000        0.73027        0.53623        1.19834        9.27786        0.02168        0.01630        0.00530        1.33493       81.20678        0.00804        0.02090       16.04643        0.16898        0.98344        1.31965        8.73634        0.01840        0.00724        0.01528      300.00000       57.67335
   17    1    1     1617.27614     1768.90596      747.65549        6.03844      162.32753        0.03218        0.05608        1.00881       10.80000        0.13936        0.72742        1.00714        9.76066        0.02337        0.03888        0.00172        0.86589      164.20216        0.03266        0.05624       10.17827        0.15484        0.86005        0.85839        9.76821        0.02318        0.03324        0.00750      300.00000        2.06858
   18    1    1     1551.09050     1742.91613      843.80603        7.29610      175.64313        0.03768        0.03310        1.52093       13.90000        0.11701        0.23458        1.49999        7.25291        0.01345        0.01078        0.02097        0.17300      175.69368        0.03761        0.03359       13.61591        0.88471        0.82463        0.14183        7.24987        0.01252        0.00146        0.03117      300.00000        1.50665
   19    1    1     1710.21662     7598.78614     3552.44232        7.75337      155.42866        0.02950        0.01958        1.39916       25.20000        7.18879        0.33486        1.39970       13.32402        0.04401        0.01945       -0.00058        3.85134      155.09758        0.02935        0.01969       25.20825        0.52375        4.56082        3.83879       13.32397        0.04290        0.00748        0.01256      300.00000        0.55890
   20    1    1     1094.08612     1853.09217      619.99859        5.56485      236.66518        0.06841        0.15249        0.56439        6.60000        0.10778        1.19421        0.54036        4.82895        0.00558        0.02333        0.02398        1.15063      233.84232        0.06631        0.15349        7.12501        0.03127        0.66234        1.14898        5.19352        0.00675        0.04541        0.00165      300.00000        6.09514
   21    1    1     1629.36950    24706.36954    10320.88245        5.66676      160.72317        0.03155        0.06670        0.61228       41.70000       25.32296        1.14036        0.59420        3.44690        0.00303        0.00228        0.01811       18.75766      160.92675        0.03151        0.06606       41.97198        4.43809        3.87447       18.74620        2.96954        0.00224        0.00914        0.01146      300.00000        7.16230
   22    1    1     2231.55940   324700.84781   127140.68258        7.08217      121.71681        0.01809        0.01798        0.40600       46.80000      321.70632        1.33846        0.39610       11.07086        0.03104        0.00670        0.00995       74.30961      121.77222        0.01810        0.01779       46.88514        0.10441      249.04185       74.29474       11.06541        0.02953        0.00327        0.01487      300.00000        0.90314
   23    1    1     1101.83077     1685.05935      588.54678        6.89938      244.35816        0.07293        0.08028        1.16771       23.40000        0.08404        0.57608        1.15849       10.89510        0.02878        0.01822        0.00928        0.57976      244.58478        0.07286        0.08023       23.47463        0.07210        1.18274        0.56393       10.88311        0.02854        0.01179        0.01583      300.00000        0.11032
   24    1    1     1514.25724    10242.29814     4474.06428        1.72211       57.56177        0.00405        0.13241        1.08610       20.00000        9.69893        0.65415        1.08042       18.72535        0.08541        0.07087        0.00562        5.49992      102.77858        0.01285        0.06512       47.45723        0.92758        5.10680        5.49978       13.72577        0.04695        0.07270        0.00015      300.00000       58.54279
   25    1    1     2392.50960     1896.99430      853.09556        3.41007       68.77545        0.00578        0.04390        0.19260       14.80000        0.32679        1.56429        0.17028        5.97426        0.00913        0.02978        0.02227        0.59100       57.71971        0.00405        0.02524       22.34453        0.11364        1.41574        0.53825        9.59976        0.02170        0.00090        0.05275      300.00000       44.09664
   26    1    1     1541.12555    69964.81556    30387.10989        0.70725       21.19396        0.00055        0.10913        0.13780       16.90000       72.07423        1.60548        0.12909        7.19324        0.01255        0.00855        0.00873       12.82556       10.66348        0.00014        0.04688       12.58733        0.02173       61.03396       12.82504        5.77056        0.00831        0.01172        0.00053      300.00000      157.71576
   27    1    1     2350.15296     1663.26292      804.36895        1.49973       20.38055        0.00051        0.02205        1.60538       13.60000        0.03788        0.14684        1.58772       12.40832        0.03704        0.00383        0.01758        0.48307       32.68218        0.00130        0.03190        6.04178        0.09382        1.19780        0.47388       11.82471        0.03391        0.01173        0.00919      300.00000      123.04369
   28    1    1     1934.71963    27916.00713    12396.47797        8.46777      126.17904        0.01944        0.00767        0.69073       33.60000       29.67575        1.06207        0.67250        9.73569        0.02418        0.00002        0.01821        3.53429      125.84780        0.01934        0.00773       33.61678        1.19361       26.70050        3.51629        9.73357        0.02279        0.00165        0.01800      300.00000        0.16064
   29    1    1     4471.86786     3346.51139     1619.89440        0.16752        1.41298        0.00000        0.00869        0.15753       18.40000        1.85791        1.57824        0.15633       19.88058        0.09704        0.01595        0.00122        0.55341        7.29752        0.00006        0.00735       23.24971        0.92032        2.14063        0.54619       18.43727        0.08262        0.01097        0.00722      300.00000      154.37399
   30    1    1     1994.01635     7675.33667     3330.55793        4.33204       94.02534        0.01080        0.04674        0.55713       16.20000        7.26509        1.18492        0.54964       20.13020        0.10234        0.00724        0.00744        4.36556       83.42843        0.00845        0.07489       17.39600        0.27201        4.36945        4.35106       18.14256        0.07940        0.00451        0.01451      300.00000       12.67898
   31    1    1     4983.03222     1491.31479      587.47458        3.41126       19.16429        0.00045        0.00341        1.41714       25.00000        0.12837        0.32271        1.41185        5.95109        0.00892        0.00176        0.00526        0.58712       14.93828        0.00027        0.00998        8.77389        0.61619        0.63549        0.58584       10.82575        0.02930        0.00439        0.00128      300.00000      146.12757
   32    1    1     1633.20302     2086.12421      911.79981        8.09072      159.49315        0.03107        0.01639        1.10080        6.40000        0.80697        0.67540        1.05916        7.37728        0.01408        0.00021        0.04170        2.25713      159.21309        0.03093        0.01661        6.18510        0.02083        0.26975        2.25082        7.37671        0.01372        0.03595        0.00631      300.00000        1.26196
   33    1    1     2087.75117     1597.93563      529.74252        4.14211       86.44583        0.00913        0.04407        1.05832       12.00000        0.15720        0.67733        1.05723        0.80758        0.00016        0.01122        0.00109        1.00856       86.10316        0.00905        0.04480       11.14033        0.27433        0.60932        1.00731        1.20250        0.00036        0.01100        0.00124      300.00000       20.36577
   34    1    1     1019.95019     2883.86850      731.18148        0.75538       33.44247        0.00137        0.23802        0.84443       23.50000        1.29046        0.89798        0.83658       11.75292        0.03355        0.00237        0.00775        1.04478       32.21088        0.00127        0.15419       37.87304        1.24452        0.83246        1.03525       10.89312        0.02877        0.00220        0.00953      300.00000      143.39328
   35    1    1     1182.01828     2129.65754      710.19052        8.15743      215.56697        0.05675        0.02853        1.57832       45.10000        0.51206        0.15758        1.57698        5.15641        0.00665        0.00022        0.00141        0.41412      215.58358        0.05660        0.02846       45.13403        1.78482        0.04952        0.41244        5.16837        0.00655        0.00005        0.00168      300.00000        0.05054
   36    1    1     3392.45881     2223.93817      813.57946        4.45179       66.16803        0.00535        0.02163        0.58313       19.10000        0.85038        1.16683        0.56774        3.55616        0.00322        0.00436        0.01533        1.95793       65.09040        0.00516        0.02035       17.96310        0.36407        0.27421        1.94002        6.79573        0.01111        0.00207        0.01791      300.00000       30.20411
   37    1    1     1696.31452     3521.11691     1140.29288        7.40407      158.93062        0.03085        0.02542        1.53604       30.00000        2.51493        0.19826        1.53631        8.29675        0.01700        0.00930       -0.00028        1.07499      158.54712        0.03057        0.02625       29.82165        0.70883        2.47426        1.06585        8.29770        0.01670        0.00020        0.00914      300.00000        0.11307
   38    1    1     3117.76465     1485.32790      635.06540        5.47241      111.14115        0.01509        0.03529        1.39263       15.80000        0.03996        0.34250        1.39207        7.25828        0.01296        0.00082        0.00060        1.05406      129.56046        0.02047        0.05133        8.34104        0.01399        0.69694        1.05439        1.72271        0.00073        0.00171       -0.00033      300.00000      105.07514
   39    1    1     2478.50075     2995.75709     1172.00612        7.97065      102.32642        0.01279        0.00734        1.01067       18.40000        1.85982        0.72704        1.00752        4.34418        0.00474        0.02423        0.00312        0.84127      102.70037        0.01287        0.00722       18.45209        0.84791        1.91433        0.83223        4.33832        0.00476        0.01827        0.00903      300.00000        1.79673
   40    1    1     1848.88321     1700.19461      789.06447        7.43003      145.21356        0.02575        0.02090        1.69196       15.10000        0.02380        0.05553        1.67903       13.37408        0.04321        0.00000        0.01287        0.62423      144.54352        0.02552        0.02036       15.63380        0.14815        0.99594        0.61512       13.37396        0.04525        0.00170        0.00911      300.00000        0.11297
   41    1    1     9906.87392     1527.44729      570.66833        4.57219       49.25179        0.00296        0.01121        0.80784       10.30000        0.10872        0.93091        0.80365        3.67601        0.00340        0.00509        0.00415        1.14705       57.40592        0.00402        0.01388       17.71785        0.20472        0.49472        1.14267        1.22644        0.00037        0.00539        0.00438      300.00000       64.45539
   42    1    1     1808.65126     1659.02308      725.00947        7.66865      148.32862        0.02687        0.01882        0.69334        5.00000        0.03984        1.04103        0.69354       15.39166        0.05893        0.00003       -0.00020        0.82981      148.21049        0.02680        0.01859        5.63634        0.03396        0.91121        0.82958       15.39200        0.05834        0.00014        0.00022      300.00000        1.22212
   43    1    0    22476.26560    16307.17810     7234.71026        2.72986       37.85686        0.00175        0.02174        0.69986       33.90000       16.77921        1.03696        0.69761       21.27446        0.11342        0.09049        0.00220        0.28150        0.00000        0.00000        0.00000       14.28633        0.00384       18.45806        0.28150        0.00000        0.00000        0.00000        0.00000      300.00000        0.00000
   44    1    1     2707.76998     1762.62212      559.21382        6.77196       99.87911        0.01218        0.01438        0.35335       13.50000        0.37724        1.38134        0.35323       10.79056        0.02869        0.01644       -0.00005        1.22843      100.08727        0.01219        0.01448       13.51533        0.27083        0.61436        1.22664       10.77751        0.02908        0.01425        0.00179      300.00000        0.78423
   45    1    1     2229.36274     2660.99177      747.56800        1.50299       33.06649        0.00134        0.05778        1.28086       24.50000        1.36235        0.46539        1.26917        5.21911        0.00659        0.00691        0.01165        2.13534       22.71680        0.00063        0.02062       20.02991        0.46582        0.53990        2.13360        3.04729        0.00232        0.01658        0.00175      300.00000      123.42610
   46    1    1     2761.66293     1469.24070      639.60094        5.90835       96.00809        0.01126        0.02099        0.74421        0.70000        0.00518        0.99112        0.74345        2.65134        0.00176        0.01686        0.00072        1.21525       95.10697        0.01103        0.02031        4.38159        0.00203        0.52815        1.21049        2.63751        0.00175        0.01284        0.00476      300.00000        5.46069
   47    1    1     1548.06272     5543.19504     2339.02126        3.69150       92.85200        0.01053        0.06674        0.71632       27.70000        4.63180        1.01779        0.71677        3.54649        0.00312        0.00388       -0.00051        2.65310       89.63161        0.00974        0.08796       27.41308        1.06891        2.62536        2.65274        2.99486        0.00224        0.00286        0.00035      300.00000       54.79253
   48    1    1     1461.23786     1979.24599      772.39803        7.55083      181.94345        0.04043        0.03048        0.46756       24.80000        0.48583        1.27104        0.46353        5.22370        0.00666        0.02334        0.00407        1.38581      182.03397        0.04035        0.03044       24.86253        0.29733        0.56272        1.36051        5.22471        0.00653        0.00215        0.02531      300.00000        0.50842
   49    1    1     2588.62165     2414.14262      842.59468        5.56446      106.30340        0.01380        0.03077        0.84073       27.80000        1.18012        0.89451        0.84005        4.09082        0.00412        0.00067        0.00061        0.87664      103.67650        0.01311        0.02996       26.20616        0.30224        1.73283        0.87526        6.35277        0.00991        0.00005        0.00138      300.00000       18.70719
   50    1    1     1343.67481     2591.26594      984.91852        2.91785       81.00959        0.00802        0.08613        0.82865       19.50000        1.02231        0.91965        0.81491        9.01709        0.02066        0.00261        0.01376        0.93868       89.59232        0.00977        0.14027       23.49289        1.06462        0.72205        0.93478        2.61515        0.00172        0.01091        0.00390      300.00000       66.23729
   51    1    1     3815.09705     1653.25246      606.18581        0.07951        0.61903        0.00000        0.00740        1.07214       23.80000        0.19581        0.66833        1.06624       15.90003        0.06156        0.00700        0.00592        0.26331        7.68100        0.00007        0.01359       18.57261        0.23486        1.43119        0.25746       15.96531        0.06207        0.00715        0.00585      300.00000      172.79455
   52    1    1     1440.48690     7133.79239     2844.22167        7.72284      182.74608        0.04079        0.02760        0.58961       12.90000        6.75455        1.16239        0.57217        9.00730        0.02068        0.00019        0.01743        6.06189      182.65184        0.04073        0.02755       13.00537        0.05382        2.37603        6.05939        9.00605        0.01986        0.01593        0.00250      300.00000        0.51962
   53    1    1     1776.18180     3529.52355     1002.85826        7.04890      150.51875        0.02767        0.02802        0.80326       32.10000        2.21801        0.94278        0.79178        2.37551        0.00137        0.04603        0.01145        0.86347      150.61862        0.02764        0.02808       32.11740        2.10348        1.02837        0.82079        2.32088        0.00139        0.01470        0.04268      300.00000        1.29160
   54    1    1     3218.90828     3031.91015     1554.73067        7.18077       84.75340        0.00877        0.00824        0.47190       14.00000        1.63327        1.31368        0.42089        6.21078        0.01003        0.01705        0.05107        0.70186       83.58096        0.00853        0.00793       14.31807        0.40904        2.28644        0.67282        6.21504        0.00993        0.03923        0.02904      300.00000        1.27640
   55    1    1     1424.10316     2265.52259      724.18548        1.52581       45.20358        0.00250        0.10470        0.39398       24.50000        0.77996        1.34419        0.39037        5.73285        0.00826        0.00222        0.00364        1.37991       24.68293        0.00074        0.07409       38.85880        0.92297        0.21812        1.37809       12.15400        0.03621        0.00376        0.00182      300.00000      138.44926
   56    1    1     2095.61459     1718.13536      816.41742        1.27371       24.60511        0.00074        0.04484        1.42499       19.00000        0.05874        0.33072        1.40385       11.79024        0.03553        0.08280        0.02105        0.40377       66.73027        0.00543        0.02781       23.04115        0.42275        1.08228        0.29640       12.53347        0.03618        0.00015        0.10737      300.00000       91.42432
   57    1    1     3852.38721     3210.09999     1364.37075        5.63444       52.43896        0.00336        0.00722        1.04590       12.40000        1.87742        0.68872        1.04584       21.05702        0.10928        0.01293        0.00005        1.26027       40.96985        0.00205        0.03263        9.46447        0.57653        1.77841        1.24633       19.70995        0.09376        0.00117        0.01394      300.00000       18.69896
   58    1    1     1878.41804    36987.79686    15767.28343        2.10719       29.61101        0.00107        0.02305        0.38772       36.40000       39.34728        1.40966        0.32491       13.54129        0.04298        0.00101        0.06287        9.29458       50.23619        0.00307        0.10509       19.08176        7.38832       24.31679        9.29185       14.22899        0.04954        0.05541        0.00272      300.00000      117.59510
   59    1    1     2994.20145     1650.88491      653.47377        0.51155        4.58209        0.00003        0.00977        0.94177       44.40000        0.09191        0.79692        0.93765       16.97815        0.07037        0.00003        0.00403        1.25686        6.01167        0.00004        0.03655       37.92098        0.06421        0.47993        1.25544       16.94964        0.07050        0.00272        0.00142      300.00000      176.14676
   60    1    1     1850.49842    73804.38572    30373.12246        6.87001      149.31289        0.02723        0.03046        0.36260       21.20000       76.17927        1.37250        0.36207        6.82888        0.01147        0.00725        0.00057       36.56967      149.71122        0.02735        0.02989       21.28469        0.14592       41.20611       36.56220        6.82809        0.01177        0.00006        0.00747      300.00000        3.79481
   61    1    1     3585.11268     3408.29725     1501.81132        6.00559       75.67243        0.00699        0.01240        0.96630       12.10000        2.45799        0.78619        0.94838        2.47649        0.00148        0.00153        0.01790        3.09089       79.72031        0.00773        0.01445        9.69909        0.19029        0.91680        3.08292        2.26267        0.00124        0.01147        0.00797      300.00000       11.90365
   62    1    1     1726.63813     1772.57766      543.04585        8.43764      140.17994        0.02400        0.00971        1.29081       18.00000        0.25572        0.46811        1.26646       17.31695        0.07178        0.00013        0.02438        1.02058      139.96826        0.02392        0.00957       18.15034        0.19193        0.78138        1.01725       17.31656        0.07530        0.01758        0.00333      300.00000        0.58809
   63    1    1     1486.65222     1648.30054      697.65024        5.93888      180.51937        0.03980        0.07304        0.66749        3.10000        0.01255        1.07453        0.66003        5.91069        0.00882        0.01411        0.00735        1.38813      179.62904        0.03926        0.07365        3.28302        0.00282        0.35846        1.38584        5.87960        0.00866        0.01937        0.00228      300.00000        6.25470
   64    1    1     1491.07082   229520.13646    94225.29949        4.16294      116.26178        0.01651        0.07875        1.68377       29.10000      227.11610        0.05434        1.68023       11.55076        0.03260        0.00893        0.00353        5.65983      129.10421        0.02035        0.08257       34.23735        1.09851      222.07304        5.65271       14.21109        0.05098        0.00584        0.00713      300.00000       28.54871
   65    1    1    18683.19842     1583.38182      594.20372        3.66164       30.85030        0.00116        0.00751        0.68204        6.90000        0.22905        1.06055        0.67402        1.07897        0.00028        0.00391        0.00807        1.40795       29.28602        0.00105        0.00447       18.59814        0.38577        0.16557        1.40147        7.87867        0.01566        0.00409        0.00649      300.00000       24.49885
   66    1    1     6541.67552     1420.51719      636.22660        6.86254       45.66395        0.00255        0.00286        0.83788       16.20000        0.03207        0.90468        0.82989       10.62144        0.02851        0.00119        0.00801        1.23401       45.44118        0.00252        0.00287       16.22461        0.01590        0.51624        1.23453       10.61768        0.02788        0.01031       -0.00052      300.00000       13.03739
   67    1    1     4065.37139     2015.54349      524.64744        5.00400       58.51687        0.00418        0.01252        1.01139       29.50000        0.72222        0.72589        1.00868        5.46157        0.00748        0.02120        0.00262        0.90426       61.90388        0.00467        0.01610       28.04341        0.71708        0.83187        0.90317        5.66938        0.00803        0.02287        0.00108      300.00000       44.42123
   68    1    1     2340.55141     4499.54540     1763.42616        7.70849      115.16329        0.01620        0.01106        0.57338       24.60000        3.49253        1.16145        0.57311       14.39106        0.05164        0.00926        0.00028        0.80633      114.24824        0.01591        0.01124       24.61912        1.66025        2.76155        0.80532       14.39063        0.05088        0.00935        0.00101      300.00000        1.41381
   69    1    1     1930.08990     9172.33641     4268.34448        6.35945      138.74584        0.02351        0.03462        0.27519       22.70000        9.11381        1.45949        0.27507        4.29550        0.00460        0.01409        0.00019        4.54900      139.15360        0.02363        0.03396       22.79356        1.21209        5.10148        4.53518        4.39372        0.00466        0.00050        0.01382      300.00000        1.94821
   70    1    1     9414.30928     2038.62077      900.56047        1.40802       23.32809        0.00066        0.03286        0.87309       10.20000        0.50148        0.86272        0.87184       14.97766        0.05507        0.00822        0.00129        1.77930       43.87632        0.00235        0.00560       14.83189        0.05263        0.42938        1.76918       16.02008        0.06218        0.00269        0.01012      300.00000      162.18433
   71    1    1      772.56714     1625.63400      604.48703        8.77265      293.75622        0.10539        0.03155        0.93354       14.10000        0.04045        0.80074        0.93382        4.67283        0.00539        0.00005       -0.00029        1.22762      293.70045        0.10522        0.03160       14.22791        0.03099        0.51608        1.22813        4.67143        0.00541        0.00020       -0.00051      300.00000        0.08105
   72    1    1     1715.54824     2335.81495     1000.05232        3.59381      111.68624        0.01523        0.10272        0.50012        6.30000        0.81266        1.23516        0.49941        8.11955        0.01621        0.00001        0.00066        2.03750      100.57145        0.01232        0.05035       20.86931        0.06161        0.46823        2.03715       14.47344        0.05156        0.00055        0.00035      300.00000       28.92452
   73    1    1     3537.86318     3073.48270     1251.58296        0.40235        5.00427        0.00003        0.01886        0.16685       14.00000        1.93379        1.56915        0.16541        4.86605        0.00592        0.00303        0.00135        2.23552       16.79924        0.00034        0.00484       14.75345        0.21943        1.21524        2.23563        8.45672        0.01779        0.00444       -0.00010      300.00000      145.51946
   74    1    1     2549.91009    47190.63422    19329.22557        8.55769       93.10545        0.01059        0.00387        1.32263       18.70000       48.43111        0.42433        1.31023        3.68648        0.00328        0.01391        0.01238       46.72732       93.15191        0.01059        0.00396       18.69836        0.01450        3.43902       46.71214        3.70720        0.00331        0.01103        0.01518      300.00000        0.60125
   75    1    1     2014.97856     2643.81855      874.21503        2.10501       39.28080        0.00188        0.04064        1.19057       17.10000        1.27358        0.54882        1.18575       18.10734        0.08252        0.00442        0.00481        0.92214       38.47923        0.00180        0.04072       23.51000        0.61048        1.48472        0.91454       17.85638        0.08054        0.00204        0.00760      300.00000      104.19116
   76    1    1     2970.88626     1834.07368      491.30049        5.85575       92.55516        0.01046        0.02005        0.94919       13.40000        0.49796        0.78548        0.94909        5.57806        0.00775        0.00849        0.00010        0.95818       92.22341        0.01038        0.02095       13.09636        0.59543        0.68557        0.95111        5.42919        0.00744        0.00143        0.00707      300.00000       13.15815
   77    1    1     1402.59771     1572.57694      610.18181        7.10964      191.24845        0.04467        0.04370        1.16378        2.00000        0.03758        0.57033        1.16424        3.97577        0.00392        0.02319       -0.00054        1.66528      191.52351        0.04464        0.04374        1.95048        0.01240        0.09493        1.66480        4.01608        0.00397        0.02220        0.00048      300.00000        0.80024
   78    1    1     4825.81007     1504.86846      579.83173        4.06147       67.79344        0.00561        0.02842        1.38086       11.70000        0.04377        0.35613        1.37843        3.27431        0.00263        0.00685        0.00245        0.91648       64.59088        0.00509        0.02594       12.97611        0.02410        0.85187        0.90782        1.34583        0.00044        0.00035        0.00865      300.00000      151.48666
   79    1    1     2365.46496     1601.09221      605.95423        4.72750       87.21281        0.00929        0.03228        1.14439       38.60000        0.06724        0.59361        1.14095        6.32053        0.01003        0.00411        0.00340        0.33727       97.35287        0.01157        0.06502       25.37089        0.15068        1.27729        0.33043        8.63379        0.01881        0.00033        0.00684      300.00000       27.49048
   80    1    1     3716.61070     1982.70969      802.83851        3.81038       35.77992        0.00156        0.00921        0.17939        2.60000        0.57311        1.57106        0.16350       17.67072        0.07950        0.00124        0.01584        2.11666       32.87699        0.00132        0.01105        2.30851        0.00358        0.18824        2.11437       17.71676        0.07866        0.01557        0.00229      300.00000       71.95989
   81    1    1     3425.67579     1865.70117      724.44815        2.52057       47.95650        0.00281        0.04140        0.70794       15.10000        0.46700        1.02643        0.70814        8.36156        0.01738        0.00948       -0.00026        1.20217       47.26948        0.00272        0.00810       17.55655        0.24566        0.79599        1.20098        6.35442        0.01009        0.00771        0.00118      300.00000       37.03829
   82    1    1     2296.39188     1641.17206      763.70239        6.18679      121.54814        0.01804        0.02910        0.87294        7.80000        0.01853        0.91782        0.81674        5.06215        0.00602        0.02208        0.05617        0.76836      122.08118        0.01814        0.03066        5.11296        0.00972        0.99259        0.74898        5.11889        0.00669        0.05838        0.01938      300.00000       11.90120
   83    1    1     1699.99797     5287.80934     2045.17107        6.58703      159.05062        0.03090        0.04031        1.34261       27.10000        4.57673        0.41218        1.32238       17.49570        0.07820        0.00104        0.02024        2.41984      158.77872        0.03072        0.04112       26.84900        1.67804        2.21291        2.41962       17.49652        0.07629        0.02303        0.00021      300.00000        1.62156
   84    1    1     2369.99912     2029.12121      980.40958        1.07383       19.32472        0.00046        0.03910        0.60646       22.60000        0.44068        1.16003        0.57454        7.63341        0.01500        0.01023        0.03189        0.77459       22.08504        0.00059        0.01980       26.55471        0.31892        1.09281        0.77003       10.43765        0.02741        0.03783        0.00456      300.00000      131.22247
   85    1    1     4927.23901     1521.65213      645.52994        4.96288       58.37444        0.00416        0.01274        0.14613        9.60000        0.10251        1.59201        0.14256        6.92234        0.01204        0.00242        0.00346        0.41557       52.10023        0.00331        0.00697       11.68840        0.28985        1.13466        0.41477        8.09213        0.01635        0.00527        0.00080      300.00000       30.85585
   86    1    1     1682.54604     1566.36032      609.84109        4.36240      130.14773        0.02069        0.08802        1.14052        4.10000        0.00086        0.59361        1.14095        3.25021        0.00262        0.00629       -0.00044        0.23440      137.08561        0.02289        0.07277        3.84972        0.00085        1.50379        0.23097        7.90364        0.01569        0.00223        0.00343      300.00000        5.50013
   87    1    1     1915.47289     9124.88645     4332.82750        0.60370        7.81404        0.00007        0.02039        1.07420       26.30000        8.48783        0.68279        1.05177        6.79772        0.01182        0.00484        0.02244        2.34471       31.24664        0.00118        0.16968       35.96276        1.96701        5.74812        2.34463        8.26984        0.01703        0.03421        0.00008      300.00000      150.64446
   88    1    1     1648.92967     1752.20628      609.61673        7.64474      161.27772        0.03177        0.02259        0.40619       45.20000        0.10945        1.32891        0.40566       17.80900        0.07913        0.00999        0.00052        1.11465      161.32941        0.03173        0.02253       45.21860        0.13312        0.60525        1.10574       17.80700        0.07692        0.00383        0.00891      300.00000        0.01571
   89    1    1     1557.60955     1715.58360      772.05283        6.94759      173.21545        0.03664        0.03927        0.31286       17.20000        0.01664        1.43066        0.30391        8.65787        0.01818        0.01199        0.00893        0.37921      172.60268        0.03625        0.03826       18.00305        0.02189        1.36802        0.36278        8.66204        0.01807        0.00454        0.01643      300.00000        0.31450
   90    1    1     1095.32225     5151.38012     1802.48308        1.73666       59.61341        0.00434        0.13957        0.49271       30.70000        3.92374        1.25610        0.47847       12.23492        0.03806        0.00210        0.01415        4.04862       74.74640        0.00676        0.21282       42.65988        1.22960        0.33406        4.04851        5.62273        0.00779        0.01696        0.00011      300.00000      100.71008
   91    1    1     2054.21714     2770.60337     1375.07169        7.84820      128.13360        0.02005        0.01250        0.32752       18.40000        1.34329        1.42929        0.30527        1.92927        0.00095        0.00873        0.02219        0.86822      128.69368        0.02020        0.01265       18.27695        0.88119        1.35126        0.84517        1.92059        0.00094        0.00788        0.02304      300.00000        0.43362
   92    1    1     1184.68060     1939.74656      683.18644        0.31613       11.90936        0.00017        0.17316        0.35943       13.60000        0.31006        1.37735        0.35722        2.39047        0.00143        0.01458        0.00219        0.54301       40.62608        0.00201        0.11920       16.40047        0.14630        1.38281        0.52906       12.83285        0.03975        0.00308        0.01395      300.00000      140.45266
   93    1    1     1777.40759     1460.04141      632.82501        6.66740      150.14278        0.02753        0.03440        0.42813        8.00000        0.02991        1.32858        0.40599       10.68963        0.02740        0.00018        0.02216        1.33209      150.48767        0.02759        0.03459        7.74885        0.03992        0.40423        1.32013       10.68047        0.02894        0.00876        0.01196      300.00000        0.76520
   94    1    1     2370.00141     1614.96141      642.92273        4.07539       67.07126        0.00549        0.02759        0.54980        8.00000        0.03241        1.18466        0.54991       16.89789        0.07107        0.00102       -0.00004        0.18008       47.75263        0.00278        0.03231       16.23921        0.06805        1.53089        0.17940       15.23086        0.05792        0.00002        0.00068      300.00000       59.31531
   95    1    1     1572.29671     3533.45526     1570.34355        1.04597       28.38191        0.00098        0.08894        0.71820       21.50000        2.06543        1.03592        0.69864       12.52422        0.04005        0.02076        0.01955        1.20531       55.48697        0.00375        0.05207       41.00053        2.16495        0.49127        1.20444        6.82959        0.01146        0.04148        0.00086      300.00000      117.74913
   96    1    1     1811.61031     3264.04895     1433.85064        1.38184       32.73474        0.00131        0.06723        0.71937       40.30000        1.73696        1.03592        0.69864       13.67122        0.04485        0.00059        0.02071        1.16697       44.38325        0.00241        0.03224       38.11814        0.64461        1.64930        1.16754       19.15379        0.09090        0.01981       -0.00057      300.00000      115.84735
   97    1    1     1308.23092     2866.21039      807.64691        8.16705      193.85068        0.04590        0.02291        1.43870       35.20000        1.63562        0.29654        1.43803        9.48128        0.02211        0.00693        0.00064        1.75180      193.98363        0.04589        0.02304       35.18481        0.49725        1.12216        1.75071        9.48072        0.02207        0.00649        0.00110      300.00000        0.17101
   98    1    1     2056.36470     2252.95689     1069.50982        4.42712      106.04217        0.01373        0.05634        0.33239        6.00000        0.58007        1.44611        0.28846        8.34945        0.01649        0.00124        0.04384        2.31334      107.53726        0.01403        0.06921        7.68298        0.01728        0.02893        2.26894        3.88263        0.00356        0.00000        0.04440      300.00000       16.84808
   99    1    1     1684.70866    43261.75611    17606.77683        2.71528       55.20490        0.00372        0.04676        0.10129       14.90000       44.14873        1.63462        0.09995       10.89789        0.02970        0.02955        0.00132       13.76552       74.36121        0.00674        0.07435       22.42188        0.06855       32.04768       13.75133        6.75250        0.01100        0.02054        0.01419      300.00000       81.95449
  100    1    1     2355.78441     1680.93428      795.17318        2.53252       50.09301        0.00306        0.04472        1.44178        6.10000        0.00845        0.29845        1.43611       10.81262        0.02946        0.00249        0.00564        1.67754       75.27141        0.00691        0.02457       22.19916        0.02615        0.07059        1.67051        9.20439        0.02060        0.00206        0.00703      300.00000       44.16038
