    1    1    1     1760.93702     3271.65367     1112.39136        2.72634       75.86107        0.00703        0.08753        0.59498       23.50000        1.64491        1.14466        0.58991       20.43287        0.10511        0.01015   -33197.37879        1.41338       78.61829        0.00752        0.06014       25.51027        1.04391        0.92347        1.39958       23.78864        0.14383        0.00212        0.01380      300.00000       42.33219
    2    1    1     4531.89517    18188.42898     8474.57227        7.40018       55.22276        0.00372        0.00308        0.71192       44.80000       18.42477        1.07272        0.66185        4.49858        0.00526        0.02303        0.05003       12.08229       55.07012        0.00370        0.00309       44.79299        2.63576        5.48245       12.04125        4.46896        0.00473        0.03250        0.04104      300.00000        8.52946
    3    1    1     2329.69249     1642.03401      706.31215        5.40884      121.64679        0.01807        0.04370        0.24875       14.80000        0.02428        1.48647        0.24810       10.30769        0.02652        0.01392        0.00075        0.18660      118.89721        0.01726        0.04745       12.14127        0.60569        0.97085        0.17860       10.44231        0.02648        0.00739        0.00800      300.00000       36.56722
    4    1    1     2423.17557     1633.40958      548.10304        1.02177       19.28960        0.00045        0.04307        0.75705       10.10000        0.23553        0.97833        0.75623        4.91881        0.00604        0.00191        0.00079        0.80051       22.64788        0.00063        0.02079       13.26394        0.21868        0.93560        0.80096       13.20082        0.04313        0.00306       -0.00045      300.00000      124.05728
    5    1    1     2079.56179     1982.77850      887.63180        7.45917      128.31347        0.02011        0.01603        0.76841       22.70000        0.41535        0.97358        0.76098        9.20303        0.02058        0.00724        0.00753        0.70294      128.24816        0.02006        0.01584       22.72087        0.40782        1.05180        0.69035        9.22454        0.02056        0.00229        0.01259      300.00000        0.50826
    6    1    1     5119.33316     1585.64639      626.28159        2.48868       48.83431        0.00291        0.04411        0.67103       15.10000        0.22137        1.06766        0.66690        4.10364        0.00423        0.00902        0.00419        0.60747       53.61300        0.00350        0.02457       19.04095        0.16439        1.20434        0.60224        5.65615        0.00780        0.00828        0.00524      300.00000       78.25090
    7    1    1     2328.32609     2961.50263     1261.45735        3.24461       65.05757        0.00517        0.04393        1.09501       26.50000        1.73123        0.64050        1.09407        7.19874        0.01295        0.00016        0.00106        2.42781       58.99069        0.00424        0.03136       17.42752        0.16207        0.86445        2.42701       12.48805        0.03834        0.00068        0.00080      300.00000       47.11948
    8    1    1     1642.53541     5729.96544     2198.54494        3.43495       97.65797        0.01165        0.08707        0.53772       36.90000        4.43415        1.19630        0.53826       16.27669        0.06557        0.00586       -0.00046        2.72712      110.59551        0.01484        0.07261       40.03473        1.24362        2.21139        2.72432       16.44111        0.06614        0.00259        0.00280      300.00000       22.60399
    9    1    1     7985.63964     1444.60100      667.11931        6.32006       50.60692        0.00313        0.00470        1.39134        0.30000        0.00001        0.35106        1.38350        1.31239        0.00042        0.00897        0.00785        1.04868       43.30067        0.00229        0.00220        7.26894        0.00261        0.69031        1.04432        2.01627        0.00099        0.01253        0.00437      300.00000       49.22238
   10    1    1     2245.43439     2055.96059      753.48936        3.82084       79.32378        0.00768        0.04496        0.61895       21.30000        0.74742        1.11522        0.61935        3.11346        0.00239        0.00136       -0.00028        1.01052       59.65948        0.00434        0.03310       26.34652        0.26570        1.21436        1.00932        6.26560        0.00981        0.00015        0.00120      300.00000       50.32926
   11    1    1     3336.85642     1650.63447      794.02493        2.61946       53.80829        0.00354        0.04800        0.98569        8.40000        0.06215        0.75054        0.98403        5.33250        0.00712        0.00643        0.00162        1.02984       57.08445        0.00398        0.00746       13.61748        0.06448        0.70721        1.02996       12.99958        0.04169        0.00879       -0.00013      300.00000       42.36650
   12    1    1     1990.39696    98671.69711    40158.02483        5.81170      133.40664        0.02174        0.04262        0.87217       14.10000      101.23216        0.93286        0.80170       13.98634        0.05126        0.02756        0.07049       55.93775      132.61421        0.02141        0.04248       14.49908        0.05220       46.98169       55.93416       13.83307        0.04807        0.09683        0.00359      300.00000        6.05931
   13    1    1     6678.48951    22535.48337     9983.21116        1.19373        8.16139        0.00008        0.00563        1.42846       22.20000       23.57909        0.32154        1.41303       10.40644        0.02610        0.01445        0.01550        5.37953       24.98831        0.00076        0.00174       28.73849        0.03195       19.91343        5.37708       10.36215        0.02691        0.02105        0.00246      300.00000       68.67640
   14    1    1     4341.21655     2168.65479      814.96383        6.05823       70.88063        0.00614        0.01058        0.67445       30.60000        0.70480        1.06524        0.66932        9.68611        0.02362        0.05745        0.00527        1.41236       70.77063        0.00610        0.01097       30.52375        0.45309        0.60798        1.37804        9.65444        0.02217        0.02962        0.03432      300.00000       33.95219
   15    1    1     1449.68288    10980.61747     4403.84531        8.87060      154.06861        0.02899        0.00785        0.50305       36.30000       11.20819        1.24218        0.49239        5.33265        0.00721        0.02876        0.01069        6.22758      154.23643        0.02905        0.00784       36.28873        2.26078        4.47274        6.20924        5.33079        0.00725        0.02100        0.01834      300.00000        0.83249
   16    1    1     3676.15338     1559.07945      656.48639        1.30870        8.76422        0.00009        0.00538        0.37194        4.40000        0.06721        1.36257        0.37199       12.93843        0.04168        0.00012       -0.00011        1.12732       17.51427        0.00037        0.02842        6.43198        0.00528        0.67763        1.12737        6.26781        0.00969        0.00029       -0.00005      300.00000      145.74190
   17    1    1     2372.86481    35390.59414    15217.49988        6.96641      116.29449        0.01652        0.01752        1.05961        7.30000       36.59741        0.68075        1.05381        3.51356        0.00311        0.00209        0.00585       29.04749      116.13763        0.01646        0.01742        7.55020        0.00689        9.27736       29.04785        3.51206        0.00305        0.00829       -0.00037      300.00000        3.16521
   18    1    1     2472.93720     1696.83171      814.71875        6.59759      110.73156        0.01498        0.01943        1.16975       16.50000        0.01500        0.56424        1.17032        8.81912        0.01926        0.00809       -0.00057        0.55408      110.53892        0.01490        0.01936       16.35798        0.02375        1.17617        0.54939        8.91147        0.01937        0.00313        0.00469      300.00000        3.53369
   19    1    1     4518.15635     1462.88289      543.53688        6.06849       74.29577        0.00674        0.01156        0.56931        8.50000        0.07102        1.18108        0.55348        6.22228        0.00933        0.00010        0.01582        1.50338       71.56558        0.00625        0.01317        6.94777        0.05382        0.26216        1.48837        6.23465        0.00937        0.00100        0.01500      300.00000       49.89047
   20    1    1     2292.15621    10282.50454     4859.01051        2.82558       45.61508        0.00254        0.02929        0.55952       28.20000       10.13628        1.17558        0.55899        5.35200        0.00705        0.00050        0.00056        1.68391       79.72171        0.00776        0.03919       16.99991        2.61452        7.56253        1.68382        3.18588        0.00250        0.00032        0.00009      300.00000       47.62875
   21    1    1     2756.84831     5933.23246     2589.82471        4.46654       74.70936        0.00682        0.02735        1.46758       27.10000        4.93681        0.26857        1.46600       21.63567        0.11711        0.00294        0.00148        4.40341       76.84056        0.00720        0.03710       23.35320        0.34445        1.92530        4.39959       20.86290        0.10938        0.00033        0.00382      300.00000       14.08137
   22    1    1     2585.35681     1382.18955      630.65392        1.26553       16.37119        0.00033        0.02011        1.16605        3.90000        0.00800        0.57064        1.16392        3.77147        0.00356        0.00470        0.00215        1.12247       10.70223        0.00014        0.02371        3.91657        0.03056        0.59104        1.11565        4.61342        0.00518        0.00031        0.00681      300.00000      146.35562
   23    1    1     1624.02666    54549.72225    25027.34635        0.26617        4.37154        0.00002        0.03292        0.92011       12.50000       56.15035        0.81664        0.91792       13.76356        0.04746        0.00483        0.00215       17.73998       65.31005        0.00521        0.23605       40.62653        1.91849       37.97341       17.74050       19.43069        0.09346        0.00570       -0.00052      300.00000      144.83614
   24    1    1     3715.37522     2054.93473      677.56752        1.03011       11.93817        0.00017        0.01623        1.64398       19.20000        0.66040        0.09119        1.64338        9.20941        0.02116        0.00015        0.00058        0.46135       15.25191        0.00028        0.02088       17.27141        1.63257        0.30532        0.46041        7.22495        0.01283        0.00006        0.00094      300.00000      149.45942
   25    1    1     2489.12825     2807.41516     1131.02129        4.52375       82.55847        0.00832        0.03235        1.16358       11.00000        1.57473        0.57091        1.16366       11.47738        0.03279        0.02285       -0.00011        3.12862       95.11664        0.01104        0.03974       11.40758        0.12801        0.06384        3.12378        8.12882        0.01663        0.01765        0.00485      300.00000        9.45465
   26    1    1     1606.85138     1608.74002      649.82465        6.08596      163.04995        0.03247        0.05519        1.39648       19.80000        0.02564        0.33823        1.39633        4.77838        0.00563        0.00521        0.00008        0.53529      163.99512        0.03276        0.05557       19.41341        0.02979        1.19390        0.53573        4.80541        0.00573        0.00581       -0.00043      300.00000        1.19962
   27    1    1     4691.63496     1494.38611      596.71477        3.11696       42.92156        0.00225        0.02091        0.71653       21.50000        0.02730        1.05931        0.67526        6.35678        0.00957        0.02052        0.04130        0.50536       22.89477        0.00064        0.02627       29.12561        0.08672        1.21846        0.45871        5.29993        0.00729        0.01166        0.04665      300.00000       83.59171
   28    1    1     1345.02143     1753.01067      612.26816        1.80835       51.64734        0.00326        0.09637        0.93464       13.30000        0.23127        0.79942        0.93514        9.12633        0.02063        0.07023       -0.00051        1.13273       62.62320        0.00476        0.06495       23.17017        0.12652        0.79535        1.06363       11.15711        0.02909        0.00240        0.06910      300.00000      110.95134
   29    1    1     2536.89356    34879.94141    16094.93979        7.37736      105.62289        0.01363        0.01141        0.93156       15.80000       36.13103        0.80240        0.93216        1.92975        0.00092        0.00036       -0.00057       32.61021      105.59866        0.01362        0.01116       15.89720        0.04445        5.21088       32.61044        1.96027        0.00095        0.00004       -0.00022      300.00000        0.38524
   30    1    1     5119.52651     1857.76779      852.17471        5.73943       49.98863        0.00305        0.00621        0.80936       15.80000        0.29880        0.92472        0.80984       15.24374        0.05746        0.03619       -0.00046        0.73803       35.16307        0.00150        0.03123       19.57242        0.26174        1.07882        0.72132        4.84624        0.00565        0.01880        0.01671      300.00000       55.29820
   31    1    1     2476.24832     1905.62671      696.25182        1.36003       20.40957        0.00051        0.02700        0.87298       12.70000        0.59149        0.86355        0.87101        5.86950        0.00863        0.01134        0.00197        1.42795        8.88584        0.00010        0.02653        8.23989        0.38848        0.50610        1.42678        7.43555        0.01358        0.01277        0.00117      300.00000      147.86571
   32    1    1     1187.72381     2889.05479     1291.73434        8.54653      200.88121        0.04928        0.01819        0.40770       20.40000        1.64782        1.32764        0.40693        4.37937        0.00471        0.01327        0.00080        0.49092      200.80136        0.04916        0.01837       20.35172        0.42758        2.46528        0.48942        4.38810        0.00482        0.01249        0.00150      300.00000        0.36286
   33    1    1     2234.98821    42831.79967    18179.71911        6.16008      119.32610        0.01739        0.02844        0.01766       16.20000       44.11549        1.72516        0.00941        2.18232        0.00120        0.00619        0.00820        3.72033      122.06919        0.01817        0.02745       15.90990        3.16261       38.98159        3.70612        2.12878        0.00115        0.00021        0.01421      300.00000        3.67795
   34    1    1     1888.25519     1765.30387      684.75618        0.08187        1.97253        0.00000        0.07089        1.48350       12.70000        0.19674        0.26980        1.46476        2.32235        0.00138        0.01395        0.01878        1.07598       28.76504        0.00101        0.02890       31.94022        0.41248        0.49821        1.05889        4.14159        0.00413        0.01557        0.01709      300.00000      150.05599
   35    1    1     1041.03056     2441.03144      937.16702        8.06003      246.53467        0.07423        0.04003        0.79027       13.40000        0.77931        0.97398        0.76058       20.35495        0.09882        0.01584        0.02958        0.40804      246.78765        0.07412        0.04012       13.46351        1.75018        0.38520        0.37859       20.35478        0.09883        0.01599        0.02946      300.00000        0.31734
   36    1    1     3024.75088     1651.30976      730.28275        6.18379       88.60545        0.00959        0.01549        1.58501       36.90000        0.30293        0.15355        1.58101        8.82284        0.01901        0.00333        0.00401        1.52149       88.78403        0.00963        0.01521       36.97968        0.14202        0.37376        1.52201        8.81670        0.01929        0.00750       -0.00052      300.00000        3.32979
   37    1    1     2198.60014     2914.12917     1340.21482        0.47971       12.68745        0.00020        0.08524        0.41971       15.50000        1.33023        1.31501        0.41955        5.89585        0.00856        0.00224        0.00014        2.16137       28.28349        0.00097        0.01781       30.08010        0.26403        0.68583        2.15961       11.04810        0.02993        0.00122        0.00176      300.00000      131.57173
   38    1    1     2034.38549     1675.54643      545.44574        0.98440       16.65880        0.00034        0.03464        1.03031        6.20000        0.26871        0.71093        1.02363        9.63346        0.02341        0.00021        0.00672        0.85343       27.00595        0.00089        0.05561       13.00917        0.29078        0.83964        0.85172        9.50842        0.02217        0.00604        0.00171      300.00000      136.02323
   39    1    1     2017.55947     2508.93096      668.15504        5.41027      127.55549        0.01987        0.04802        1.55279       21.60000        1.20979        0.18402        1.55055        7.57303        0.01437        0.00069        0.00216        0.81076      128.86178        0.02026        0.04875       21.46548        0.69098        1.44535        0.80773        7.34968        0.01321        0.00024        0.00303      300.00000       10.56044
   40    1    1     7991.77309     1515.36206      644.43682        0.75895        5.91378        0.00004        0.00737        0.16292       28.80000        0.04052        1.60327        0.13130        5.73367        0.00846        0.00131        0.03162        1.26017       28.80887        0.00101        0.04510       28.80562        0.32957        0.15834        1.24679        6.32003        0.01015        0.01957        0.01337      300.00000       97.88616
   41    1    1     4574.41306     3702.96441     1714.02651        7.55952       63.98931        0.00500        0.00375        1.31608        8.70000        2.57494        0.43132        1.30324        9.59686        0.02339        0.00679        0.01284        2.62090       65.75565        0.00528        0.00346        8.77106        0.13739        1.55102        2.62115        9.59699        0.02273        0.02050       -0.00025      300.00000       13.24696
   42    1    1     1839.70717     9366.50151     3763.83937        5.76844      145.63154        0.02590        0.05194        1.60655       39.90000        9.04855        0.12821        1.60635       15.27721        0.05817        0.01971        0.00016        5.42508      145.15696        0.02569        0.05124       40.11135        1.83531        3.54560        5.40290       15.28540        0.05601        0.00009        0.02218      300.00000        8.17012
   43    1    1     1708.32937     1663.98198      617.51368        3.37689       80.16186        0.00785        0.06097        1.15821       15.00000        0.20154        0.57823        1.15634       12.46704        0.03891        0.01489        0.00183        1.01857       27.95504        0.00095        0.05330       16.84411        0.13461        0.80207        1.00974       13.61393        0.04497        0.00613        0.00883      300.00000       94.50637
   44    1    1     2051.45138     1458.70127      629.69762        1.56181       38.76268        0.00184        0.07340        0.43668       11.80000        0.00768        1.29805        0.43652        3.94492        0.00383        0.00002        0.00016        0.62747       36.11187        0.00159        0.03002       20.66736        0.02013        1.11092        0.62762       11.21877        0.03106        0.00031       -0.00015      300.00000      109.87636
   45    1    1     1961.21289     1497.64135      629.92166        5.83113      140.03321        0.02395        0.04649        0.90990        5.40000        0.00586        0.82867        0.90589        5.74740        0.00830        0.00330        0.00404        0.55418      139.87999        0.02379        0.04589        3.85037        0.00486        1.18320        0.55169        6.22494        0.00949        0.00506        0.00249      300.00000       11.69609
   46    1    1     3771.84174     1463.10691      578.21280        2.60018       19.42461        0.00046        0.00636        1.39838        4.50000        0.05088        0.34800        1.38657        9.15030        0.02025        0.00033        0.01186        1.10554        6.23000        0.00005        0.01842       10.77402        0.10266        0.57635        1.10277        7.09841        0.01264        0.00900        0.00277      300.00000      130.33603
   47    1    1     1723.93984     1770.17492      716.42048        7.44945      157.50328        0.03030        0.02430        1.53498       16.70000        0.23644        0.20485        1.52971        6.53310        0.01075        0.04332        0.00534        1.36035      156.64852        0.02991        0.02380       17.22411        0.24855        0.36285        1.36054        6.53574        0.01054        0.04893       -0.00019      300.00000        1.21421
   48    1    1     1556.85862     1830.48267      710.89790        4.26641      135.72236        0.02250        0.10110        0.82981       30.20000        0.04407        0.90428        0.83029       12.03053        0.03577        0.02829       -0.00047        0.22793      128.94813        0.02014        0.12210       28.98964        0.50769        1.06151        0.20488        9.25234        0.02191        0.00453        0.02305      300.00000       16.23171
   49    1    1    10068.77026     3039.69287     1216.70253        5.08451       29.32774        0.00105        0.00301        0.45821       21.40000        1.71849        1.28176        0.45281        8.41463        0.01783        0.03617        0.00543        0.43053       40.61486        0.00201        0.01988       19.34218        1.55284        1.45863        0.43012        7.44871        0.01384        0.03881        0.00041      300.00000      113.58588
   50    1    1     3426.30665     1566.92117      638.31361        5.08459       71.64545        0.00627        0.01798        0.87116        3.30000        0.08580        0.89331        0.84126        8.44951        0.01836        0.00097        0.02996        0.72766       79.95141        0.00781        0.02228        8.74488        0.02097        1.07487        0.72816        5.69138        0.00801        0.03224       -0.00049      300.00000       43.36386
   51    1    1     1872.02349   368727.93082   142455.37763        8.24767      134.86669        0.02221        0.01044        0.05177       29.50000      362.49631        1.68606        0.04851       14.70506        0.05287        0.01721        0.00321       61.02626      134.71943        0.02216        0.01038       29.50275        0.17486      303.03385       61.02232       14.69907        0.05276        0.01660        0.00395      300.00000        0.25937
   52    1    1     1830.41541     1569.61070      636.68669        4.03439       91.94838        0.01033        0.05311        1.25720        2.60000        0.02710        0.47703        1.25754       15.80744        0.06208        0.00366       -0.00034        0.84940       87.36880        0.00929        0.09231        7.47068        0.16322        0.75966        0.84699        7.72149        0.01460        0.00202        0.00241      300.00000       20.12946
   53    1    1     2576.76689     1814.81622      904.76574        2.91913       45.12527        0.00249        0.02670        0.38962        9.10000        0.31308        1.36662        0.36794        1.63713        0.00069        0.00087        0.02169        0.50599       37.19404        0.00169        0.01456       10.95195        1.15887        0.40262        0.48656        7.27461        0.01351        0.00283        0.01942      300.00000       90.39664
   54    1    1     1772.56250    65906.22098    27403.61458        6.32469      152.07146        0.02824        0.04236        0.51717       19.40000       68.35453        1.21895        0.51562        5.07884        0.00645        0.00711        0.00157       46.97443      150.21660        0.02753        0.04260       19.05807        0.04635       23.07379       46.96940        5.04876        0.00621        0.00386        0.00503      300.00000        2.14584
   55    1    1     2682.45751     2561.28074      859.13785        3.31224       41.53415        0.00211        0.01710        1.63212       21.00000        1.38868        0.10193        1.63263       12.40646        0.03807        0.00541       -0.00043        1.78063       53.62641        0.00349        0.03932       16.44800        0.36411        0.98673        1.77951        5.10966        0.00641        0.00472        0.00113      300.00000       60.05311
   56    1    1     3334.07051     1604.77729      581.32351        6.27295       86.15499        0.00907        0.01397        1.45517       12.10000        0.13689        0.28697        1.44759        6.80094        0.01168        0.00172        0.00759        1.00430       86.71800        0.00916        0.01339       12.58571        0.14609        0.73041        0.99557        6.78453        0.01117        0.00096        0.00873      300.00000       12.78641
   57    1    1     3866.85643     1609.66700      767.24633        4.48920       40.57038        0.00201        0.00796        0.17835        0.80000        0.00815        1.59066        0.14391        6.35030        0.00959        0.00967        0.03439        1.44092       46.16920        0.00259        0.02473       12.02084        0.15770        0.14095        1.41977        8.24212        0.01737        0.02214        0.02114      300.00000       29.78338
   58    1    1     1586.39477    22771.31536    11099.24807        7.09465      169.21928        0.03497        0.03451        0.45078       15.70000       23.67033        1.28468        0.44989        8.82800        0.01947        0.05583        0.00089       17.63176      169.60009        0.03509        0.03503       15.33785        0.15490        7.67335       17.57604        8.82618        0.02029        0.00016        0.05572      300.00000        0.45269
   59    1    0     1323.84221  3109038.44258  4569693.08863        2.30927       86.03447        0.00904        0.16048        0.04889        6.00000        0.00458        1.68541        0.04915       11.29971        0.03175        0.01132       -0.00028   -12068.95577        0.00000        0.00000        0.00000       96.47594       14.40717    12056.80804   -12068.95577        0.00000        0.00000        0.00000        0.00000      300.00000        0.00000
   60    1    1     2356.63666     1791.40891      835.03043        1.67958       31.94062        0.00125        0.04292        0.12974       18.40000        0.21098        1.60707        0.12750        7.57303        0.01437        0.00069   -13127.01101        1.51347       31.83749        0.00123        0.03319       21.03484        0.04801        0.38837        1.51241        9.20610        0.02082        0.00193        0.00106      300.00000      133.87704
   61    1    1     1829.57745     2259.37472     1054.54321        6.88737      146.22067        0.02611        0.02894        0.20626       17.20000        0.73546        1.54941        0.18516        8.85002        0.01879        0.00345        0.02110        0.67734      147.25837        0.02646        0.02980       16.48174        0.16981        1.64420        0.65474        8.85115        0.01878        0.00202        0.02260      300.00000        0.49584
   62    1    1     2083.89809     1916.19577      826.80441        4.14200       81.61681        0.00814        0.03929        0.55220       15.20000        0.40956        1.19066        0.54391       12.95127        0.04240        0.00206        0.00834        0.28936       80.07022        0.00782        0.04579       24.53656        0.25723        1.62615        0.28015        7.97960        0.01611        0.00185        0.00920      300.00000       39.73677
   63    1    1     2987.40438    20205.99644     9529.25817        2.55098       52.13838        0.00332        0.04770        0.99537       16.10000       21.44817        0.73957        0.99500        7.36040        0.01333        0.02477        0.00046       12.66451       63.57719        0.00493        0.01620        9.19039        0.01925       10.54989       12.63231        8.55684        0.01744        0.00002        0.03220      300.00000       10.06557
   64    1    1    12832.14542     2039.01074      806.44827        5.79873       60.72879        0.00450        0.00889        0.12965       12.00000        0.54442        1.60982        0.12474       17.23284        0.07475        0.01956        0.00492        1.85072       65.03588        0.00515        0.02425        9.54759        0.06182        0.38804        1.82651       15.46267        0.06125        0.00037        0.02421      300.00000      125.41975
   65    1    1     2398.95005     8583.99835     3935.45110        4.42367       91.25953        0.01017        0.04181        0.78612       17.30000        8.04069        0.94788        0.78669        6.75343        0.01131        0.00960       -0.00052        7.74732       88.62669        0.00958        0.03597       17.95521        0.11316        1.91869        7.74738        7.59508        0.01436        0.00850       -0.00006      300.00000       12.84344
   66    1    1     1381.25386     1983.21996      606.65073        4.91704      176.20085        0.03792        0.11892        0.99344       13.90000        0.46400        0.74180        0.99277       10.08615        0.02539        0.01905        0.00060        0.62743      179.33135        0.03903        0.11013       17.70693        0.21934        1.36279        0.62254       10.40504        0.02640        0.01540        0.00488      300.00000       11.29408
   67    1    1     5152.78068     3972.28227     1718.32875        0.45107        4.46464        0.00002        0.01194        0.78611       15.00000        3.09996        0.95361        0.78096        5.57924        0.00759        0.00096        0.00509        3.30407       16.47717        0.00033        0.00222       18.82284        0.20431        1.33780        3.29985        6.26685        0.00959        0.00188        0.00422      300.00000      124.52912
   68    1    1     3039.25046     1499.49906      558.23140        5.36076      101.85333        0.01267        0.03142        0.40656       20.70000        0.06316        1.34525        0.38931        1.76363        0.00079        0.00376        0.01724        0.60915      111.64336        0.01520        0.04225        8.36809        0.08283        1.10639        0.59041        4.77034        0.00547        0.00233        0.01875      300.00000       84.18558
   69    1    1     1586.61762     2795.74624     1007.22500        1.45280       35.62301        0.00155        0.07188        0.63447       30.60000        1.63307        1.11123        0.62333        4.81570        0.00588        0.00292        0.01115        1.02426       48.38691        0.00285        0.07986       21.17046        0.70906        1.61409        1.01637       10.38639        0.02726        0.00362        0.00789      300.00000      109.95764
   70    1    1     3895.89401     1609.59542      812.90367        5.36681       49.99681        0.00305        0.00755        1.57283       12.20000        0.06144        0.16996        1.56461        7.99861        0.01617        0.00188        0.00817        1.37491       26.18979        0.00084        0.01560       20.85952        0.10142        0.33327        1.36906        3.24037        0.00265        0.00420        0.00586      300.00000       39.50760
   71    1    1     1313.57985     2239.56132      595.97767        3.50259       95.35412        0.01110        0.07941        1.48183       21.20000        0.68034        0.26422        1.47034       16.00522        0.06497        0.00085        0.01152        1.66797       85.00287        0.00875        0.09418       25.65770        0.62602        0.13344        1.66674       12.68719        0.03952        0.01285        0.00123      300.00000       78.25859
   72    1    1     3634.47033    15406.90811     7487.90179        1.86676       34.52239        0.00146        0.04031        1.04637       11.10000       15.36822        0.68824        1.04633       12.39419        0.03827        0.00159        0.00010       15.77747       44.08293        0.00237        0.03446       23.42070        0.17974        1.17855       15.77438        6.96712        0.01187        0.00000        0.00309      300.00000       53.89904
   73    1    1     1270.95579     2043.00752      481.83987        8.52222      189.07420        0.04366        0.01645        1.16129       38.10000        0.63845        0.57469        1.15987        0.80465        0.00016        0.01262        0.00139        1.37780      189.23668        0.04371        0.01669       38.03732        0.53852        0.46639        1.36786        0.81311        0.00017        0.00404        0.00995      300.00000        0.10566
   74    1    1     1496.25506     6971.82106     3090.03226        4.87810      159.22980        0.03097        0.09916        0.25691       32.60000        6.04434        1.49804        0.23653       16.41819        0.06471        0.02468        0.02038        2.11343      162.94258        0.03235        0.10565       31.75490        1.25146        4.45325        2.07292       15.53656        0.06242        0.00024        0.04052      300.00000       14.34694
   75    1    1     3985.85189     5895.54609     1951.44185        1.17577       27.55012        0.00093        0.06613        1.19330       40.40000        4.97245        0.57695        1.15761        6.08773        0.00881        0.00095        0.03565        2.06290       50.85234        0.00315        0.01285       44.06097        3.23966        1.43740        2.03435       15.23901        0.05543        0.00814        0.02855      300.00000       38.74165
   76    1    1     2058.55780     3200.88794     1071.80786        0.68532        7.90492        0.00008        0.01617        1.46504       19.50000        2.03458        0.27011        1.46446       18.47975        0.08400        0.01634        0.00055        1.37483       54.38571        0.00358        0.06963       32.36826        2.21432        0.22011        1.36040        3.37745        0.00275        0.00111        0.01442      300.00000      137.09307
   77    1    1     1492.78852     8316.79524     3820.73191        6.72126      181.37470        0.04018        0.04876        0.55936       33.00000        7.72881        1.17618        0.55838        8.00897        0.01576        0.04198        0.00102        9.05115      181.60401        0.04015        0.04819       33.32630        0.07301        0.38093        9.01006        7.94208        0.01494        0.00263        0.04110      300.00000        1.03111
   78    1    1     2318.03663     1690.86458      809.98888        5.62865      113.61186        0.01576        0.03399        1.57126       10.00000        0.00938        0.16392        1.57064        8.21569        0.01684        0.00007        0.00063        0.14325      110.29409        0.01484        0.03279       11.53065        0.11148        1.49042        0.14373        8.33458        0.01724        0.00123       -0.00049      300.00000        6.41179
   79    1    1     1994.52048     2592.42632     1170.74405        2.51716       46.56538        0.00265        0.03915        0.37272       24.50000        1.08315        1.36704        0.36753       12.83475        0.04015        0.01713        0.00517        1.51426       57.66185        0.00406        0.04187       16.18191        0.34664        0.95813        1.49310       14.80556        0.05604        0.00100        0.02116      300.00000       90.86065
   80    1    1     1303.86795    10334.27385     4561.60557        3.11451       86.44513        0.00913        0.08496        0.62351       33.40000       10.07488        1.13200        0.60256       11.37978        0.03310        0.01496        0.02091        4.48754       89.24575        0.00972        0.18264       31.72752        0.54604        6.69893        4.48762        5.25732        0.00688        0.04079       -0.00008      300.00000       65.42931
   81    1    1     1433.07315     1758.69754      614.36758        6.83705      188.39070        0.04335        0.04938        1.24922       38.30000        0.07310        0.53293        1.20163       12.54652        0.04085        0.00203        0.04757        0.79983      188.49297        0.04315        0.05063       38.05307        0.11620        0.92795        0.76254       12.53884        0.04059        0.01251        0.03729      300.00000        0.31550
   82    1    1     1943.90265     1680.44921      689.97361        6.37688      136.93081        0.02290        0.03341        0.26188        5.50000        0.20610        1.47497        0.25959        5.53696        0.00768        0.03148        0.00225        1.54554      136.59992        0.02277        0.03318        5.48510        0.01214        0.39946        1.52904        5.68355        0.00778        0.01755        0.01651      300.00000        0.17711
   83    1    1     1581.48195     3435.07179     1207.26184        3.03299       92.34446        0.01041        0.10280        0.98326       26.10000        2.04437        0.75113        0.98344        7.86225        0.01526        0.04131       -0.00019        1.15153       86.30086        0.00904        0.08009       31.06147        1.50424        1.16715        1.14559        3.69925        0.00333        0.03316        0.00593      300.00000       36.58065
   84    1    1     3144.75698    33664.82147    13904.22386        2.58104       25.55996        0.00080        0.01118        1.16776       43.70000       34.85459        0.56869        1.16588        8.17264        0.01672        0.01069        0.00192       34.41678       19.57842        0.00047        0.01680       39.74376        0.39658        1.74637       34.41562       13.52395        0.04572        0.00771        0.00116      300.00000      116.86683
   85    1    1     1820.70659   114890.00125    46665.88734        6.56347      150.09808        0.02752        0.03636        0.28738       30.80000      115.92544        1.44750        0.28706        8.32237        0.01727        0.01309        0.00025       80.89267      150.35061        0.02758        0.03631       30.72107        0.15978       36.61196       80.88789        8.43525        0.01735        0.00887        0.00478      300.00000        3.15768
   86    1    1     3847.30709     3506.08157     1490.40698        6.49586       71.22719        0.00620        0.00849        1.33990       14.80000        2.30551        0.41650        1.31807       19.22996        0.08867        0.01105        0.02180        0.50597       69.77945        0.00594        0.00843       15.01284        2.00761        1.52635        0.50643       19.23010        0.09178        0.03022       -0.00046      300.00000        2.17807
   87    1    1     2109.24844     1953.99071      620.66752        1.67180       27.22061        0.00090        0.03147        1.60750       55.20000        0.35542        0.13781        1.59676       11.30541        0.03239        0.00025        0.01071        1.57347       25.93963        0.00082        0.03889       46.62971        0.28124        0.18961        1.57330       16.34278        0.06654        0.01517        0.00017      300.00000      129.77613
   88    1    1     5728.88145     1418.93936      604.97258        2.58072       32.68688        0.00130        0.01829        1.09516        4.50000        0.03603        0.64411        1.09046        3.88044        0.00367        0.00030        0.00473        1.28238       52.13367        0.00332        0.00833       21.69780        0.11086        0.38678        1.28203        2.96909        0.00220        0.00502        0.00035      300.00000       33.47426
   89    1    1     1913.26059     9133.41023     4261.01455        6.60515      141.22579        0.02436        0.03147        0.47521       33.00000        8.94883        1.26870        0.46586        6.69727        0.01088        0.00747        0.00940        6.82083      141.71418        0.02452        0.03094       33.07990        0.07627        3.78739        6.82006        6.70368        0.01105        0.01592        0.00077      300.00000        1.29778
   90    1    1     1615.98462     2703.62280      729.02481        2.99898       86.00965        0.00903        0.09142        1.24087       25.20000        1.45924        0.50103        1.23353        5.55600        0.00750        0.00000        0.00742        1.39993       88.38948        0.00952        0.06802       33.97486        0.64333        1.17593        1.39595        5.67918        0.00788        0.00450        0.00398      300.00000       46.32597
   91    1    1     1542.45481     3267.34601     1301.77978        4.51614      150.11922        0.02752        0.10743        0.39867       22.30000        1.61568        1.33897        0.39559       23.75161        0.14159        0.00580        0.00309        1.66844      151.47434        0.02785        0.10176       24.73156        0.04547        1.65088        1.65958       23.72425        0.13655        0.00473        0.00885      300.00000       15.90051
   92    1    1     2184.19366     1887.16315      844.68123        8.16602      117.12414        0.01675        0.00837        0.38079       16.00000        0.40241        1.37307        0.36150        5.60352        0.00754        0.04287        0.01926        1.83742      117.29592        0.01679        0.00834       16.01270        0.05466        0.24870        1.83365        5.60546        0.00768        0.05824        0.00377      300.00000        0.55353
   93    1    1     3374.71915     1608.10079      692.34104        6.37121       84.07613        0.00863        0.01264        1.17393       24.60000        0.10751        0.56097        1.17359        8.62284        0.01830        0.00197        0.00039        0.47001       83.88406        0.00858        0.01248       24.72393        0.24309        1.13115        0.46813        8.58530        0.01845        0.00019        0.00188      300.00000       11.06491
   94    1    1     2722.43026     1785.21182      720.75965        4.54395      101.46055        0.01257        0.04832        0.47170       12.30000        0.32501        1.26403        0.47054        7.34288        0.01348        0.00065        0.00118        1.58052       94.08575        0.01077        0.03464       11.08362        0.15226        0.32687        1.58087       10.75459        0.02875        0.00195       -0.00035      300.00000       59.92079
   95    1    1     2562.83751   780971.43867   293723.13485        7.15624      105.92328        0.01370        0.01305        0.44769       16.40000      740.74271        1.28761        0.44695        7.98003        0.01590        0.00136        0.00066      343.74581      105.73406        0.01365        0.01295       16.39282        0.09518      398.63794      343.74439        7.98661        0.01595        0.00063        0.00142      300.00000        0.77659
   96    1    1     2070.71039     8025.94557     3640.80138        0.16947        4.74321        0.00003        0.09564        1.04217       11.10000        7.36283        0.72529        1.00928        6.09428        0.00884        0.00519        0.03289        4.73393       47.24944        0.00272        0.02243       27.58430        0.03536        4.35060        4.71785       17.28140        0.07194        0.02302        0.01608      300.00000      110.45494
   97    1    1     2272.94457     5900.33664     2439.45196        5.83674      126.68990        0.01960        0.03794        0.32172       13.80000        5.29870        1.45768        0.27688       12.86011        0.03910        0.00692        0.04489        3.39583      125.67785        0.01928        0.03832       13.90182        0.16312        3.52074        3.34924       12.87221        0.03914        0.00523        0.04659      300.00000       25.10722
   98    1    1     2845.50202    12945.40240     5456.93935        2.21998       25.60097        0.00080        0.01544        0.40767       31.40000       13.44974        1.36296        0.37160        9.73107        0.02250        0.01048        0.03603        6.48104       34.62558        0.00146        0.01700       23.32475        0.70053        8.02528        6.44236       12.88358        0.04288        0.00143        0.03868      300.00000      126.14965
   99    1    0     3874.26122   834146.72597   310040.92774        7.74518       56.70743        0.00393        0.00262        0.06104       18.10000      795.50222        1.68025        0.05431        1.03260        0.00026        0.00199        0.00666      160.23687        0.00000        0.00000        0.00000       64.86557        0.00695      637.00882      160.23687        0.00000        0.00000        0.00000        0.00000      300.00000        0.00000
  100    1    1     2144.79464     2079.99978      664.94562        0.35615        4.68990        0.00003        0.02115        0.76341       15.10000        0.76433        1.02122        0.71334        4.46033        0.00469        0.00155        0.05000        1.56394        5.90972        0.00004        0.06096       16.68118        0.43637        0.46410        1.56425        1.56408        0.00060        0.05036       -0.00030      300.00000      168.27778
