    1    1    1     2933.54520     1755.28506      501.44707        5.61357      100.80963        0.01241        0.02698        0.83662       23.70000        0.27276        0.89789        0.83668       17.33232        0.07477        0.00338   -33197.38394        1.54939       97.19840        0.01152        0.02277       25.75013        0.28216        0.18198        1.54839       17.33016        0.07377        0.00320        0.00101      300.00000       30.88213
    2    1    1     3507.32564     1913.74051      611.15906        6.03358       81.00026        0.00801        0.01400        1.24539       21.60000        0.45870        0.49482        1.23975       11.63123        0.03408        0.00047        0.00554        1.16234       81.15567        0.00803        0.01274       22.21655        0.75306        0.28291        1.15867       11.62215        0.03300        0.00340        0.00367      300.00000       15.41496
    3    1    1     2804.75068     1913.00733      489.84229        2.19252       19.36620        0.00046        0.00907        1.48531       50.10000        0.36448        0.28066        1.45391       15.02634        0.05810        0.01846        0.03143        0.62681       53.44370        0.00346        0.06028       32.78310        1.28112        0.14280        0.60423       17.07903        0.06991        0.03214        0.02258      300.00000      104.46481
    4    1    1     1385.87571     8013.72514     3144.63321        1.96011       50.16147        0.00307        0.07691        1.41820       45.80000        7.50157        0.31818        1.41638        9.76911        0.02389        0.01364        0.00179        5.88077       64.39770        0.00505        0.11572       53.52520        1.22621        2.10570        5.87907        5.41006        0.00718        0.01485        0.00170      300.00000      112.19111
    5    1    1     2667.86926     1652.52062      613.12789        5.03456      101.44201        0.01257        0.03702        1.17749       35.40000        0.14801        0.59180        1.14277        2.54234        0.00154        0.00002        0.03468        1.10752      101.57474        0.01258        0.03861       31.36536        0.17997        0.58076        1.10804        7.48914        0.01387        0.03513       -0.00052      300.00000       46.48862
    6    1    1     1983.34169     1964.76346      801.03641        5.74367      131.17878        0.02102        0.04269        1.46817       16.50000        0.40249        0.26802        1.46654        6.96403        0.01189        0.04345        0.00161        1.51306      129.20444        0.02031        0.04152       17.41298        0.33425        0.32380        1.48068        6.99680        0.01166        0.01313        0.03237      300.00000        3.34433
    7    1    1     2041.99660     8520.43871     3731.55286        3.25070       55.62187        0.00378        0.03198        0.04253       26.60000        8.26126        1.70071        0.03385       16.64244        0.07004        0.00060        0.00864        4.94465       30.44475        0.00113        0.05009       27.55637        0.11867        4.90253        4.93547       19.17303        0.09301        0.00080        0.00918      300.00000      102.70033
    8    1    1     1097.31517     2128.14833      622.51752        7.88566      237.56060        0.06893        0.04192        0.54246       25.70000        0.52083        1.19549        0.53908       17.78234        0.07729        0.00003        0.00341        0.85311      237.68821        0.06882        0.04193       25.75150        0.70734        0.69506        0.85314       17.78208        0.07874        0.00194       -0.00003      300.00000        0.34571
    9    1    1     2126.36688     3070.20895     1453.41008        2.64342       57.09376        0.00398        0.05299        0.25827       14.50000        1.61591        1.48611        0.24845        7.97686        0.01542        0.02096        0.00984        3.05615       22.43738        0.00061        0.02553       31.48818        0.08210        0.25402        3.05491        5.12412        0.00645        0.02880        0.00124      300.00000      100.53024
   10    1    1     3961.57796     1574.26872      629.25793        2.12044       11.02269        0.00015        0.00315        0.17216       12.00000        0.01991        1.56250        0.17206       17.60641        0.07720        0.01914        0.00010        1.06868        9.21403        0.00010        0.03364       12.93981        0.12285        0.56356        1.05475       15.43849        0.05753        0.00785        0.01393      300.00000      141.29477
   11    1    1     2496.34038     2144.82616      465.27740        3.55667       89.13958        0.00970        0.06701        1.15207       29.60000        0.62557        0.63252        1.10205        7.98181        0.01502        0.08610        0.05010        1.13576       55.21541        0.00372        0.01669       29.13545        0.50774        0.75164        1.10768       15.91418        0.06504        0.10742        0.02808      300.00000       39.83776
   12    1    1     2207.70935     1630.42253      812.52657        8.44258      109.32178        0.01460        0.00588        0.37705        7.70000        0.00317        1.41815        0.31642        7.04748        0.01296        0.00823        0.06068        1.27429      109.50125        0.01464        0.00595        7.53993        0.00365        0.52888        1.20507        7.04751        0.01161        0.00102        0.06922      300.00000        0.85551
   13    1    1     2729.14275     1792.38821      752.83984        5.47764       81.89442        0.00819        0.01911        1.52211       21.60000        0.18581        0.30421        1.43035       12.98540        0.03905        0.02510        0.09174        0.21092       71.95818        0.00632        0.03074       32.47137        1.54582        0.19424        0.21055        2.39803        0.00142        0.11412        0.00037      300.00000       18.80879
   14    1    1     1825.02410     4595.76555     2215.50113        0.91366       21.56812        0.00057        0.06749        0.00639        8.50000        3.37283        1.72878        0.00579        1.62206        0.00065        0.04444        0.00066        3.96835       39.98799        0.00195        0.03381       26.16703        0.03329        1.17671        3.92506        5.21156        0.00703        0.00000        0.04329      300.00000      125.15410
   15    1    1     2820.16819     1509.79116      581.80303        5.45806      109.27037        0.01458        0.03437        1.51124       13.40000        0.01862        0.22990        1.50466        9.99618        0.02431        0.01314        0.00658        0.73497      106.64282        0.01387        0.03436       14.18362        0.03947        0.98286        0.73190        9.91426        0.02404        0.01659        0.00307      300.00000       51.55852
   16    1    1     2706.49181     1383.66398      569.15471        8.30186       92.29636        0.01040        0.00469        1.50443       10.70000        0.05267        0.22990        1.50466        3.74094        0.00345        0.00224       -0.00018        1.10904       92.67336        0.01048        0.00460       10.70392        0.07509        0.60493        1.10721        3.73797        0.00350        0.00015        0.00183      300.00000        0.49629
   17    1    1     1895.15641    33516.46605    14199.25642        7.09448      143.16826        0.02503        0.02470        1.03301       17.90000       34.82692        0.70497        1.02959       21.37078        0.11163        0.00104        0.00336       29.31740      142.57401        0.02481        0.02371       18.46380        0.02297        7.22283       29.31700       21.37006        0.11392        0.00166        0.00040      300.00000        0.57338
   18    1    1     1931.59355    11969.15445     5688.91098        4.98062      120.42422        0.01771        0.05369        1.43811       12.20000       11.97009        0.30011        1.43446       16.94343        0.07212        0.00476        0.00356        2.99803      109.76227        0.01471        0.05186       16.33617        0.01488       10.69460        2.99569       17.10289        0.07164        0.01087        0.00233      300.00000        4.08821
   19    1    1     1465.85720     2067.57156      416.72648        8.59356      161.59680        0.03189        0.01129        1.24970       42.00000        0.63622        0.50761        1.22695       12.25573        0.03599        0.00405        0.02286        0.89748      161.57747        0.03183        0.01123       42.00494        0.78687        0.68870        0.89523       12.25653        0.03764        0.02301        0.00225      300.00000        0.03324
   20    1    1     2424.28848     1584.98517      620.75745        1.04732       13.11979        0.00021        0.01896        0.17377       16.30000        0.10558        1.56137        0.17319        8.86375        0.01932        0.01219        0.00065        1.05867       31.96502        0.00124        0.04831       19.05286        0.17908        0.60337        1.04778        0.75299        0.00014        0.00059        0.01089      300.00000      142.52447
   21    1    1     1789.02507     1650.39670      618.08324        8.88725      124.50587        0.01893        0.00504        1.35974        7.70000        0.33616        0.37449        1.36008        8.54825        0.01804        0.00401       -0.00024        1.56807      124.30503        0.01886        0.00515        7.56042        0.16602        0.33781        1.56678        8.54839        0.01794        0.00256        0.00129      300.00000        0.61298
   22    1    1     2352.77992     1894.14204      709.39460        5.24636      121.34968        0.01798        0.04736        0.73476       13.50000        0.22210        1.00496        0.72960       24.88527        0.15594        0.01584        0.00525        1.79487      120.81147        0.01778        0.04800       13.70446        0.02578        0.16456        1.76556       24.90388        0.14796        0.00000        0.02931      300.00000       42.70310
   23    1    1     3165.49592    20522.91374     8834.05557        8.43695       75.92931        0.00704        0.00285        1.32626       29.90000       21.43938        0.41368        1.32088       10.03458        0.02453        0.05386        0.00539        6.13004       76.33154        0.00711        0.00279       29.87359        0.58882       16.45682        6.12833       10.03547        0.02470        0.05738        0.00171      300.00000        0.86460
   24    1    1     4354.52586     1596.96779      707.00262        2.03025       33.91230        0.00140        0.03267        1.37235       18.20000        0.11426        0.36355        1.37102        2.14735        0.00113        0.00217        0.00128        0.41129       12.97347        0.00020        0.00890       17.41749        0.72382        0.71906        0.41166        9.10044        0.02046        0.00381       -0.00037      300.00000       97.63118
   25    1    1     2177.34310     1643.34330      739.85186        0.84004       19.87404        0.00048        0.06788        1.42383       12.80000        0.03115        0.36355        1.37102        4.73542        0.00583        0.00122        0.05278        0.20423       63.55323        0.00493        0.02335       29.39551        0.05157        1.60757        0.14911        3.13655        0.00231        0.00000        0.05511      300.00000       83.14453
   26    1    1     1785.76865     1458.45433      564.48084        2.33878       50.85761        0.00316        0.05459        1.24576        5.50000        0.02011        0.48979        1.24477        3.75182        0.00352        0.01160        0.00095        1.22681       59.24721        0.00427        0.02824        6.11736        0.04360        0.49158        1.21602       10.95066        0.03039        0.00363        0.01079      300.00000       97.98548
   27    1    1     3402.60939     1657.38365      774.84469        5.09617       73.25706        0.00655        0.01868        0.58554       10.70000        0.11665        1.16331        0.57126        7.61150        0.01473        0.00979        0.01425        1.02577       75.23325        0.00691        0.01715        9.95961        0.04374        0.80354        1.00446        7.91328        0.01601        0.00213        0.02131      300.00000       27.12197
   28    1    1     1876.44429     6800.27735     3018.75222        7.44556      141.97119        0.02462        0.01979        1.52098       31.20000        6.32227        0.21424        1.52032        6.60101        0.01088        0.01645        0.00072        7.81109      142.10355        0.02462        0.02023       31.05982        0.23553        0.01197        7.80888        6.60064        0.01067        0.01511        0.00220      300.00000        0.48587
   29    1    1     3582.60827     1898.60976      794.62231        4.52524       70.49546        0.00607        0.02357        0.58921       26.10000        0.37690        1.14954        0.58502        4.16312        0.00423        0.12407        0.00410        1.95240       70.06722        0.00598        0.01417       29.16424        0.11395        0.17656        1.82815        5.14061        0.00605        0.00448        0.12425      300.00000       43.49542
   30    1    1     2699.61593     2358.98133     1016.14143        4.73291       92.39109        0.01043        0.03612        1.17978       15.00000        1.04858        0.56669        1.16787        2.80077        0.00199        0.00114        0.01192        1.30026       88.13251        0.00945        0.02921       18.93472        0.03187        1.46178        1.29639        3.36689        0.00277        0.00938        0.00387      300.00000       23.57868
   31    1    1     1357.21224     1600.31195      591.06597        0.58999       18.69244        0.00043        0.12217        1.06220       18.30000        0.01756        0.67201        1.06256        3.74945        0.00349        0.02798       -0.00026        0.76100       12.79130        0.00020        0.09297       23.58029        0.04027        0.98460        0.73863        9.62489        0.02370        0.00309        0.02237      300.00000      166.41786
   32    1    1     3645.39469     1498.36608      662.31333        5.30982       55.46418        0.00376        0.00957        1.44164       12.30000        0.05783        0.34729        1.38728        8.97360        0.01895        0.01401        0.05439        1.60194       64.41484        0.00506        0.02018        2.23482        0.03359        0.15076        1.60094        7.84360        0.01537        0.06614        0.00100      300.00000       10.15492
   33    1    1     3790.44309     1688.46053      842.36204        4.47687       30.16886        0.00111        0.00443        0.70408       19.80000        0.03951        1.03570        0.69887       10.25306        0.02562        0.02063        0.00523        0.17233       14.08792        0.00024        0.02839        6.05070        0.12877        1.46706        0.15740        9.69984        0.02394        0.01035        0.01493      300.00000      102.69746
   34    1    1     3553.01483     1695.10647      852.25484        5.13596       92.63268        0.01048        0.02925        1.60511       13.40000        0.03697        0.13236        1.60221        6.89629        0.01163        0.00240        0.00297        0.55066       81.76120        0.00816        0.02370       19.75767        0.10610        1.12770        0.54811        6.11335        0.00915        0.00274        0.00255      300.00000       88.03442
   35    1    1     3530.78290     2718.52896      311.93751        4.05215       46.39475        0.00263        0.01338        1.65212       29.70000        1.27066        0.14838        1.58618       12.86519        0.03874        0.03531        0.06595        1.34277       45.24992        0.00249        0.01174       29.13266        1.51262        0.16672        1.32555       13.27956        0.04495        0.07994        0.01722      300.00000       41.87292
   36    1    1     2361.13274     3076.16945      841.36749        7.08901      118.64135        0.01719        0.01702        1.19192       21.80000        1.91262        0.57667        1.15789        4.37058        0.00454        0.05773        0.03405        1.67520      118.65834        0.01717        0.01701       21.79753        1.20457        0.80934        1.63327        4.37111        0.00494        0.04947        0.04193      300.00000        5.26899
   37    1    1     4378.48758     2404.58702      974.06379        2.57934       44.07924        0.00237        0.03330        0.97271       21.80000        1.15445        0.76173        0.97283       10.59651        0.02770        0.00441       -0.00014        0.54050       45.19878        0.00249        0.00999       37.42531        0.29017        2.11023        0.53764        3.04956        0.00233        0.00096        0.00286      300.00000       17.65500
   38    1    1     1151.00674     1540.09230      602.80485        8.43938      212.96408        0.05539        0.02238        0.71150        6.50000        0.01280        1.03932        0.69524        4.37192        0.00487        0.00163        0.01632        0.66990      213.12272        0.05539        0.02254        6.22922        0.01254        1.06902        0.66563        4.37014        0.00466        0.01385        0.00427      300.00000        0.28351
   39    1    1     1534.51678     9289.93844     4540.08733        1.71320       31.37590        0.00120        0.03976        1.32571       20.50000        8.24256        0.41368        1.32088       18.10734        0.08252        0.00442        0.00481        1.36754       26.13944        0.00083        0.16192       17.55102        2.13102        6.42658        1.36084        8.90375        0.02000        0.00196        0.00670      300.00000      135.59844
   40    1    1     1715.82876     4985.82190     2251.11842        5.24224      147.35499        0.02652        0.06998        1.18889       11.10000        3.97223        0.56645        1.16811       14.66173        0.05494        0.00000        0.02077        1.43244      148.43079        0.02678        0.06862       12.60479        1.39995        2.89615        1.41251       14.55962        0.05414        0.00094        0.01992      300.00000       10.69897
   41    1    1     2018.52408   136147.37541    54479.71179        6.09680      130.58667        0.02083        0.03520        1.58327       21.20000      137.22558        0.16078        1.57379        3.29060        0.00263        0.05224        0.00946        7.76612      131.95846        0.02122        0.03634       20.13978        0.40508      130.83037        7.72379        3.41144        0.00276        0.01866        0.04233      300.00000        2.50501
   42    1    1     1588.59556     1809.69782      601.19509        7.94366      164.54111        0.03307        0.01934        1.26697       33.80000        0.19514        0.46990        1.26466       12.84829        0.04043        0.01639        0.00227        0.77648      164.68191        0.03312        0.01972       33.68603        0.40959        0.75191        0.76781       12.84882        0.04006        0.01037        0.00867      300.00000        0.33623
   43    1    1     2019.49683     3789.15136     1672.40201        0.01627        0.28686        0.00000        0.03796        0.69395       34.70000        2.56974        1.04383        0.69074        8.78977        0.01889        0.00099        0.00319        2.41708       34.71883        0.00146        0.04595       23.04219        0.43663        1.43638        2.41412       10.37008        0.02699        0.00086        0.00296      300.00000      150.15059
   44    1    1     4057.37905     5245.16821     2322.09088        5.66140       76.27625        0.00711        0.01506        0.29561       33.20000        4.39217        1.45066        0.28391        5.30542        0.00681        0.07549        0.01169        4.04121       77.91046        0.00739        0.03010       28.06377        0.07038        2.06684        3.97167        6.83270        0.01223        0.01472        0.06954      300.00000      100.36114
   45    1    1     3009.36165     1966.69491      757.00030        4.00103       64.51521        0.00508        0.02667        1.32047       18.50000        0.70867        0.41638        1.31819        3.70061        0.00335        0.00401        0.00229        1.01906       60.14769        0.00440        0.02081       16.05396        0.38076        1.03876        1.01952        7.55853        0.01413        0.00672       -0.00047      300.00000        4.90153
   46    1    1     1603.99847     1734.27906      782.97073        2.89798       87.95747        0.00945        0.10306        0.20291       15.90000        0.01327        1.53965        0.19491        2.82349        0.00201        0.00064        0.00808        0.59720       71.38364        0.00618        0.06209       37.24503        0.44367        0.75149        0.59720        2.58890        0.00165        0.00872       -0.00000      300.00000       59.38692
   47    1    1     1715.87255     1621.53050      548.66374        1.28194       28.64552        0.00100        0.05998        0.47134       12.10000        0.13783        1.32454        0.41003        7.60905        0.01358        0.00786        0.06135        1.67501       38.19725        0.00178        0.04746       12.63404        0.09279        0.11132        1.66764       10.28754        0.02572        0.06207        0.00737      300.00000      124.41215
   48    1    1     3087.75592     1857.56590      801.27481        0.10024        1.60001        0.00000        0.03111        1.63468       30.30000        0.21099        0.09957        1.63499       14.51656        0.05238        0.01865       -0.00027        0.52618       16.67480        0.00034        0.00914       19.39760        0.44895        0.93696        0.52663       20.76834        0.10709        0.01872       -0.00045      300.00000      159.45333
   49    1    1     1803.31059     3430.99696     1614.93620        2.90411       88.74403        0.00962        0.10443        0.21177       11.20000        1.77205        1.60565        0.12892       13.72983        0.04962        0.00421        0.08283        0.79848       65.75602        0.00528        0.04054       34.12811        0.26931        2.49593        0.78960       16.63691        0.06715        0.08068        0.00888      300.00000       52.45271
   50    1    1     3052.63933     7557.19502     4106.87483        6.82641       90.53786        0.01001        0.01147        0.61950       18.50000        7.53410        1.11598        0.61858        4.98310        0.00610        0.00215        0.00096        6.73002       89.40234        0.00976        0.01230       18.14153        0.18650        2.35393        6.72758        5.03988        0.00637        0.00046        0.00244      300.00000        3.53494
   51    1    1     1419.48756     1683.89635      591.24369        7.34603      191.09971        0.04460        0.03805        0.65089       16.50000        0.08140        1.13896        0.59561        8.95550        0.02088        0.00743        0.05519        0.95450      191.42509        0.04472        0.03808       16.42679        0.11188        0.80390        0.90007        8.95253        0.02086        0.00827        0.05444      300.00000        1.15199
   52    1    1     1593.90919     2292.80695      865.33387        0.03124        0.79939        0.00000        0.07996        1.29220       23.60000        0.91452        0.44184        1.29273        2.08516        0.00108        0.01141       -0.00048        0.47849       24.18855        0.00071        0.05694       11.48181        0.29202        1.89368        0.47605        6.78218        0.01153        0.00764        0.00244      300.00000      158.87305
   53    1    1     2545.95754     2720.87484      511.49025        1.81011       26.34478        0.00085        0.02502        1.11058       23.10000        1.35179        0.65347        1.08109       12.60147        0.03788        0.01187        0.02939        1.22734       22.49688        0.00062        0.01755       25.05451        1.16023        0.74191        1.19032       12.82711        0.04247        0.00134        0.03702      300.00000      125.65870
   54    1    1     1753.48904     1743.62696      579.26042        4.41303      107.70505        0.01417        0.05858        0.70972       22.60000        0.16881        1.03970        0.69487       17.57509        0.07449        0.00940        0.01493        1.10726       92.24147        0.01033        0.05935       25.90244        0.24286        0.56781        1.10507       16.49851        0.06821        0.01905        0.00219      300.00000       33.87095
   55    1    1     1199.03519     2502.75937      894.95476        1.36956       45.98072        0.00258        0.13508        1.16357       30.30000        1.11476        0.57198        1.16258        4.60709        0.00522        0.00640        0.00086        2.33216       71.32914        0.00621        0.11488       23.48949        0.17612        0.32766        2.32956       12.34998        0.03734        0.00523        0.00260      300.00000      111.41072
   56    1    1     1975.19566     2775.82307     1369.86420        0.15299        2.31899        0.00001        0.02805        0.42491       35.20000        1.30682        1.32592        0.40864        4.37192        0.00487        0.00163        0.01637        0.88401       24.56577        0.00073        0.08277       15.96119        1.55060        0.57217        0.86794        0.46506        0.00005        0.00188        0.01607      300.00000      170.65265
   57    1    1     1345.61334     2019.71921      934.91748        1.82275       48.48885        0.00287        0.08356        0.17806        6.90000        0.35139        1.55630        0.17826       11.45747        0.03239        0.00130       -0.00010        0.69993       48.74478        0.00288        0.08794       14.79268        0.03453        1.36108        0.70032        8.54437        0.01805        0.00147       -0.00040      300.00000      120.77136
   58    1    1     3490.20956     2187.69711      787.99392        5.69069       84.48848        0.00872        0.01820        1.58131       12.90000        0.89298        0.15458        1.57998        6.05681        0.00900        0.00113        0.00136        1.15880       87.05911        0.00924        0.01670       13.96536        0.57332        0.89914        1.15654        5.89803        0.00872        0.00000        0.00226      300.00000       29.33950
   59    1    1    18557.91589     1643.32885      760.22698        6.04019       58.88746        0.00424        0.00737        1.15291       15.10000        0.16779        0.58145        1.15312        3.37174        0.00281        0.00661       -0.00024        1.37085       51.53058        0.00323        0.01220       18.12727        0.16280        0.37224        1.36496        2.68914        0.00176        0.00013        0.00589      300.00000      151.63750
   60    1    1     1280.84300     1825.42922      627.69568        8.77488      175.85412        0.03777        0.01128        1.70981       20.30000        0.29997        0.05827        1.67629        6.24110        0.00927        0.00778        0.03352        0.86531      175.82107        0.03766        0.01140       20.28348        0.68908        0.51153        0.83390        6.24161        0.01002        0.00915        0.03142      300.00000        0.66750
   61    1    1     2144.97873     6705.02600     2378.67149        6.97376      126.87805        0.01966        0.02077        1.05290       55.40000        5.67818        0.71887        1.01570       16.59952        0.07113        0.01209        0.03721        1.92364      127.88614        0.01995        0.02046       55.43114        2.68134        2.85351        1.87799       16.60043        0.07145        0.00326        0.04564      300.00000        1.74628
   62    1    1     1551.66991     2028.83874      850.17461        2.56451       69.10234        0.00583        0.08284        0.18972       12.00000        0.40586        1.54860        0.18597       12.34422        0.03828        0.01320        0.00364        1.94508       56.93891        0.00396        0.08078       18.00696        0.02861        0.18306        1.94122       11.09146        0.03005        0.01282        0.00387      300.00000       81.56546
   63    1    1     3141.02348     5670.35267     2525.83161        0.30170        5.55284        0.00004        0.04134        0.19151       26.60000        5.10005        1.54323        0.19133        6.79005        0.01136        0.00069        0.00027        2.02715       14.13577        0.00024        0.00674       22.72675        0.47716        4.35334        2.02770        9.27538        0.02129        0.00229       -0.00055      300.00000      148.94462
   64    1    1     2010.12508     2811.53385      970.69347        5.47008      134.20687        0.02200        0.05152        0.44933       13.70000        1.54851        1.28474        0.44982       16.27285        0.06563        0.03063       -0.00057        0.80360      135.47815        0.02240        0.04632       16.82094        0.33823        2.16542        0.78421       16.28659        0.06372        0.01267        0.01940      300.00000       17.02896
   65    1    1     3717.53495     6748.01152     3150.78569        7.61444       73.75740        0.00664        0.00482        0.36430       38.90000        6.11447        1.40810        0.32646        9.45382        0.02121        0.00030        0.03786        5.14374       74.11088        0.00670        0.00481       38.88579        0.79045        1.92108        5.13740        9.45441        0.02175        0.03132        0.00633      300.00000        3.63019
   66    1    1     2719.17722     1517.56418      671.67968        2.12238       28.72895        0.00101        0.02137        0.06817       16.30000        0.03380        1.67094        0.06363       10.01572        0.02523        0.00619        0.00449        1.21685       27.60727        0.00093        0.01789       22.38663        0.02616        0.54253        1.21020        8.07959        0.01647        0.00588        0.00665      300.00000      110.74680
   67    1    1     1017.15641     2046.19866      384.02363        8.34586      242.63568        0.07190        0.03133        1.52109       17.90000        0.57143        0.22147        1.51309        8.21637        0.01639        0.01187        0.00796        1.26702      242.64407        0.07187        0.03129       17.95303        0.65425        0.38973        1.26211        8.21759        0.01700        0.01434        0.00490      300.00000        0.35067
   68    1    1     1934.91193     1631.30835      594.25606        3.85617      120.48782        0.01773        0.10151        1.10194        8.90000        0.06658        0.63924        1.09533        5.79980        0.00818        0.00719        0.00659        0.53183       91.18674        0.01013        0.04104       35.71369        0.17186        1.16241        0.53198        6.88280        0.01169        0.01341       -0.00016      300.00000        5.47728
   69    1    1     3133.27772     1508.26475      598.05108        5.95466       88.31544        0.00953        0.01734        1.36544       10.60000        0.04819        0.40434        1.33022        5.00519        0.00646        0.00215        0.03524        0.61474       86.00414        0.00901        0.01554       12.63048        0.12459        1.06570        0.59489        4.99145        0.00636        0.01751        0.01985      300.00000        9.34041
   70    1    1     2716.94869     3056.04530      995.59283        6.91067      100.34814        0.01230        0.01345        1.24351       38.80000        1.87346        0.52617        1.20839        6.04887        0.00943        0.00031        0.03511        2.85398      100.17235        0.01222        0.01349       38.81997        0.41827        0.34266        2.84720        6.01432        0.00880        0.02922        0.00679      300.00000        1.19680
   71    1    1     3895.60425     1510.23082      647.08553        5.94415       89.50890        0.00979        0.01791        0.42636       13.10000        0.01085        1.37947        0.35509       13.06129        0.03984        0.00043        0.07124        0.61780       92.25129        0.01034        0.02113        9.84771        0.01701        1.11520        0.60944       13.06322        0.04142        0.06175        0.00836      300.00000       63.98080
   72    1    1     1499.81380     1833.62413      651.31800        6.69873      179.39750        0.03931        0.04829        0.80115       23.70000        0.24631        0.93287        0.80169       16.27669        0.06557        0.00586       -0.00050        1.04740      179.37028        0.03929        0.04713       24.16732        0.07028        0.87053        1.04121       16.27680        0.06448        0.00024        0.00619      300.00000        0.52736
   73    1    1     2780.48481     4330.13281     1777.89029        4.63262       82.69187        0.00835        0.03056        1.54374       24.30000        3.26853        0.20200        1.53256       12.60807        0.04030        0.00192        0.01118        3.10082       74.59124        0.00677        0.02810       22.16644        0.52389        1.38546        3.09476       13.10332        0.04329        0.00708        0.00606      300.00000       18.00851
   74    1    1     2756.14190     1877.83197      731.61383        3.50865       83.51226        0.00852        0.06067        0.62582       16.50000        0.49396        1.10976        0.62480        7.79997        0.01494        0.01446        0.00102        0.45063       74.02025        0.00669        0.01794       34.83728        0.12286        1.71542        0.44683        3.13111        0.00239        0.01220        0.00380      300.00000       27.46808
   75    1    1     1458.47547     1613.66695      640.55280        6.84944      184.35917        0.04151        0.04697        0.54972       18.20000        0.03077        1.21411        0.52046       13.02675        0.04361        0.00728        0.02931        0.58696      184.39552        0.04134        0.04734       18.07220        0.07529        1.11495        0.57490       13.02868        0.04307        0.02502        0.01206      300.00000        0.39895
   76    1    1     7039.53288     1620.81145      614.75421        5.43718       55.05078        0.00370        0.00882        0.60875        9.00000        0.10047        1.14735        0.58721       18.63816        0.08883        0.03767        0.02157        0.54790       34.71187        0.00147        0.00311       15.46046        0.19468        1.12810        0.52020       18.57374        0.08858        0.03174        0.02770      300.00000       94.48011
   77    1    1     5854.80968     1597.81508      783.06448        5.63237       75.13436        0.00689        0.01484        1.24817        1.40000        0.00207        0.50087        1.23370        6.05113        0.00883        0.00991        0.01439        0.57100       60.89032        0.00453        0.00650       16.16538        0.01471        1.18616        0.54988        4.94786        0.00626        0.00245        0.02112      300.00000      104.00105
   78    1    1     2368.39928     1607.96892      644.20619        1.20134       28.84419        0.00102        0.06939        1.04446        4.80000        0.08782        0.71258        1.02198       14.39018        0.05298        0.00604        0.02248        0.59753       67.53132        0.00557        0.01646       28.09827        0.04829        1.20937        0.59549       15.88894        0.06324        0.03383        0.00204      300.00000       71.92457
   79    1    1     3736.67577     2351.43186     1008.14003        5.35811       70.69632        0.00610        0.01516        0.36846       27.90000        0.99018        1.38880        0.34576        4.38438        0.00461        0.02069        0.02259        2.44267       58.50122        0.00417        0.01356       23.62704        0.06704        0.20932        2.43757        8.88805        0.01989        0.03737        0.00510      300.00000       18.65481
   80    1    1     2589.59540     1820.74317      632.92891        6.56350      106.23395        0.01378        0.01821        0.67782       10.00000        0.46664        1.05953        0.67504        8.82030        0.01951        0.02427        0.00273        1.88610      107.01506        0.01394        0.01687       11.14401        0.23817        0.09566        1.86863        8.82012        0.01983        0.00920        0.01747      300.00000        4.51983
   81    1    1     5322.93240     1592.42954      631.73474        2.14770       32.04050        0.00125        0.02593        0.21155        9.80000        0.18892        1.52981        0.20475        4.63999        0.00543        0.00784        0.00673        0.78183       35.22442        0.00151        0.00284       14.02378        0.13270        1.01370        0.78118       10.06283        0.02490        0.01328        0.00065      300.00000       40.06080
   82    1    1     1184.63659     1954.91857      813.69031        6.05465      221.87069        0.06012        0.10388        1.48240       12.00000        0.00986        0.25229        1.48227       15.93482        0.06256        0.00440        0.00007        0.45035      220.89531        0.05943        0.10608       10.62902        0.03057        1.26163        0.45062       15.93991        0.06275        0.00471       -0.00026      300.00000        1.84174
   83    1    1     3211.06318     1520.04752      605.80608        4.17537       48.64245        0.00289        0.01369        0.27068       19.50000        0.22541        1.46404        0.27052        4.37464        0.00477        0.00000        0.00019        0.78462       16.12981        0.00032        0.01902       23.15324        0.35600        0.82035        0.78436        2.11766        0.00112        0.00004        0.00026      300.00000       80.15631
   84    1    1     1329.76306   102631.81404    41574.25616        5.63287      191.80104        0.04493        0.09667        0.63752       18.20000      103.74854        1.09656        0.63801        9.12974        0.02064        0.12312       -0.00049       33.51383      192.80737        0.04534        0.09559       19.04117        0.11052       71.86088       33.51233        9.16282        0.02100        0.12080        0.00150      300.00000        3.21646
   85    1    1     1284.37293    24709.11128    10518.34854        7.26248      211.79980        0.05479        0.04909        0.14293       25.20000       25.09202        1.60311        0.13145       12.72260        0.03916        0.01267        0.01150        0.61858      211.88186        0.05469        0.04848       25.43992        1.97768       24.23084        0.61882       12.72268        0.04027        0.02321       -0.00024      300.00000        1.22163
   86    1    1     5875.08193     1871.35729      702.10824        4.11048       76.03123        0.00706        0.03473        0.35315       21.50000        0.31101        1.38545        0.34911       13.33318        0.04340        0.00135        0.00404        1.17568       64.73567        0.00510        0.01784       30.00980        0.16407        0.73040        1.17178       13.05789        0.04285        0.00020        0.00391      300.00000      174.75451
   87    1    1     1130.95710     2084.86033      556.07718        3.59833      157.98731        0.03048        0.20495        1.05148       11.80000        0.33156        0.68745        1.04711        4.92953        0.00611        0.00251        0.00435        1.35407      171.72799        0.03587        0.19201       14.52972        0.51510        0.20950        1.34733        5.62141        0.00797        0.00002        0.00674      300.00000        2.09768
   88    1    1      971.38509     1664.65559      635.55423        8.09490      264.73273        0.08559        0.04503        0.45039       14.50000        0.07115        1.31258        0.42198        6.22407        0.00995        0.00105        0.02834        0.54189      264.52018        0.08528        0.04510       14.68575        0.02420        1.26934        0.51245        6.22327        0.00924        0.00071        0.02944      300.00000        0.19091
   89    1    1     2478.62254     1560.23165      536.30485        1.48205       19.41524        0.00046        0.02050        0.36747        9.70000        0.15549        1.37522        0.35935        7.48363        0.01360        0.02070        0.00814        1.01452       12.92025        0.00020        0.03349       16.86796        0.26848        0.59625        1.01470        7.25239        0.01298        0.02750       -0.00018      300.00000      142.25219
   90    1    1     1552.70179     1704.20337      794.72262        7.54548      174.95448        0.03738        0.02828        0.54040        1.60000        0.00024        1.19434        0.54022       11.90655        0.03492        0.01584        0.00020        0.28635      174.93931        0.03731        0.02830        1.89710        0.00036        1.45066        0.28384       11.90650        0.03554        0.01288        0.00251      300.00000        1.91742
   91    1    1     1679.16784     1737.43547      612.86507        1.44441       36.43220        0.00162        0.07608        0.43638       17.10000        0.23171        1.29770        0.43687        2.05683        0.00105        0.00179       -0.00047        1.34256       70.09081        0.00598        0.05617       30.34392        0.31330        0.31921        1.34179        5.81513        0.00831        0.00081        0.00077      300.00000       94.37944
   92    1    1     2193.59958     1895.51883      913.10678        0.75585       10.40587        0.00013        0.02302        0.28631       32.80000        0.13051        1.45040        0.28416       12.86521        0.04055        0.09727        0.00223        1.34981       17.41951        0.00037        0.05520       22.46665        0.02485        0.56153        1.24909       12.52855        0.03623        0.00021        0.10073      300.00000      167.19600
   93    1    1     1892.49976     1649.66176      648.40494        2.93569       69.43708        0.00589        0.06244        1.47899        7.20000        0.08147        0.25722        1.47735        5.63889        0.00796        0.00043        0.00165        0.34159       69.77485        0.00590        0.05908       12.49537        1.04354        0.41092        0.34211       11.09843        0.03048        0.00289       -0.00052      300.00000       42.91522
   94    1    1     5648.25679    13076.92644     5407.06408        5.27051       50.37709        0.00310        0.00806        1.05378       36.10000       13.55404        0.69080        1.04377       16.94636        0.07273        0.00000        0.00998        2.72847       58.71216        0.00421        0.00642       37.20803        8.69385        3.87452        2.72901       16.13613        0.06442        0.01060       -0.00054      300.00000       74.11585
   95    1    1      848.22504     5893.88112     2758.21104        8.48093      286.67122        0.10037        0.03918        0.37281       19.10000        4.81633        1.36520        0.36937        8.38240        0.01764        0.05803        0.00338        1.64518      286.86613        0.09995        0.03973       19.03990        1.23773        3.72049        1.59255        8.38366        0.01655        0.00991        0.05264      300.00000        0.03292
   96    1    1     3022.17983     1622.96961      762.33849        3.67064       48.71554        0.00290        0.01861        1.62412        7.00000        0.07373        0.11052        1.62404       11.60772        0.03321        0.00429        0.00003        1.43432       39.12263        0.00186        0.01295        8.71128        0.07222        0.30642        1.43148       12.46235        0.03896        0.00065        0.00283      300.00000       69.85884
   97    1    1     1069.57697     1539.50574      584.88087        8.81401      208.98234        0.05334        0.01532        0.66901        9.20000        0.01071        1.07638        0.65818        7.06843        0.01266        0.03616        0.01084        0.98568      209.11925        0.05329        0.01534        9.31447        0.01762        0.74259        0.98517        7.06851        0.01229        0.04678        0.00051      300.00000        0.33086
   98    1    1     1974.74850     2615.98723      968.43731        1.49016       27.93288        0.00095        0.04196        0.26604       18.50000        1.14606        1.52624        0.20832       13.42660        0.04699        0.01142        0.05769        2.11215       30.66454        0.00115        0.04194       19.04195        0.24656        0.56035        2.04091       17.06886        0.07636        0.00117        0.07124      300.00000      122.32442
   99    1    1     2864.76745     1649.95375      683.74243        7.09790       91.36684        0.01020        0.01004        1.32096       12.00000        0.21412        0.41522        1.31934        2.89336        0.00205        0.00086        0.00166        0.58979       92.06987        0.01035        0.01033       11.56485        0.55266        0.80789        0.58759        2.94139        0.00217        0.00027        0.00219      300.00000        3.33973
  100    1    1     1547.59074     6665.16288     3043.00773        3.08247       77.04701        0.00725        0.06905        0.79035       26.00000        5.77267        0.94408        0.79049        8.32908        0.01727        0.04035       -0.00008        3.08612       77.24709        0.00724        0.08599       23.10034        3.40243        1.02415        3.05941        9.25790        0.02199        0.01311        0.02671      300.00000       67.70273
