    1    1    1     2978.08764     1570.65335      604.40338        7.84080       85.34862        0.00890        0.00557        0.86714       10.50000        0.06565        0.87019        0.86437        7.94180        0.01543        0.06679   -33197.38107        1.24300       84.88016        0.00879        0.00551       10.65939        0.05889        0.56844        1.17306        7.94205        0.01474        0.00031        0.06995      300.00000        3.25182
    2    1    1     2189.58900     1786.47248      741.28227        5.75516      128.86722        0.02028        0.04095        0.85848       11.70000        0.15486        0.87561        0.85895       16.03825        0.06387        0.00801       -0.00045        0.53205      123.37359        0.01842        0.03951       14.13231        0.51216        0.84828        0.53227       16.03507        0.06395        0.00768       -0.00021      300.00000       17.22427
    3    1    1     1689.09604     1441.11972      606.37309        3.00674       66.88093        0.00546        0.05497        0.67543        3.90000        0.01750        1.05931        0.67526        4.00375        0.00395        0.00007        0.00018        1.52768       63.87601        0.00497        0.05560        3.43424        0.02089        0.20441        1.52779        3.54463        0.00313        0.00000       -0.00010      300.00000       82.13653
    4    1    1     1720.10519     1891.19247      501.50195        0.78310       22.26659        0.00061        0.09814        1.23368       19.30000        0.35815        0.51437        1.22019       10.51740        0.02671        0.00135        0.01339        1.08783       48.47653        0.00286        0.04512       41.29596        0.55945        0.53283        1.07422        4.23947        0.00457        0.00035        0.01361      300.00000      112.26569
    5    1    1     2993.53510    49934.17786    20762.85747        6.18391       92.57958        0.01047        0.01691        0.46054       51.80000       50.80075        1.35412        0.38045       11.92022        0.03737        0.00577        0.08006        6.79582       93.51280        0.01068        0.01638       51.78862        0.17420       45.62255        6.73785       12.07395        0.03424        0.03204        0.05797      300.00000        9.58243
    6    1    1     1304.47952     3382.14386     1427.82057        4.65449      178.99583        0.03913        0.14149        0.81780       25.20000        1.72308        0.92867        0.80590       16.36806        0.06478        0.00396        0.01199        1.02515      176.54530        0.03804        0.13787       25.86370        0.21261        2.23002        1.01710       16.69686        0.06769        0.00755        0.00805      300.00000       12.54966
    7    1    1     2851.80016     1622.55670      695.63975        1.39085       14.15769        0.00024        0.01241        1.17298       15.20000        0.09723        0.56759        1.16697        5.50518        0.00764        0.00987        0.00593        0.79937       25.04766        0.00076        0.02710       22.26297        0.43256        0.56715        0.79954        9.99565        0.02486        0.01617       -0.00017      300.00000      132.44983
    8    1    1     1593.17606     5085.40384     2449.16550        2.12581       50.01593        0.00306        0.06455        0.96336       14.00000        3.72746        0.77687        0.95770       16.88711        0.06946        0.00076        0.00562        1.88858       79.80541        0.00778        0.05941       15.28811        0.04520        3.53096        1.88661       16.92577        0.07175        0.00183        0.00197      300.00000       86.73777
    9    1    1     3200.61704     2265.09013      833.93783        2.18535       44.20777        0.00239        0.04759        1.13602       22.30000        0.84201        0.62026        1.11431        1.63713        0.00069        0.00087        0.02162        0.62543       11.29914        0.00016        0.00592       28.06288        1.31052        0.70139        0.60399        4.43938        0.00504        0.00137        0.02144      300.00000      119.60483
   10    1    1     1653.08333   253795.89498    98386.99124        4.50810      133.82200        0.02187        0.08575        0.50543       13.40000      251.00568        1.23791        0.49665        9.60210        0.02237        0.00328        0.00876        0.81860      113.90849        0.01585        0.08358       19.56970        0.26221      251.69769        0.80623        2.02881        0.00104        0.00330        0.01236      300.00000        5.66410
   11    1    1     2355.08093     1487.72049      593.94395        6.70685      112.62854        0.01549        0.01895        0.91670        5.30000        0.02935        0.83940        0.89517       14.02490        0.05030        0.00634        0.02152        0.52289      113.03195        0.01556        0.01921        4.60644        0.13445        1.12919        0.49993       14.02442        0.05034        0.00490        0.02295      300.00000        1.81659
   12    1    1     3143.74127    27463.58352    11590.39529        0.24654        3.66976        0.00002        0.02704        0.63358       21.90000       28.35799        1.20068        0.53389        6.68934        0.01185        0.00079        0.09978       16.75525       28.44348        0.00099        0.01003       27.88310        3.34000       10.04101       16.72318        5.20461        0.00697        0.07768        0.03207      300.00000      125.64103
   13    1    1    12871.59935    31658.52418    13315.01920        3.89703       30.31282        0.00112        0.00627        1.22214       40.50000       32.88447        0.54675        1.18781        8.18769        0.01728        0.00084        0.03436       17.25701       17.61701        0.00038        0.00047       43.86059        0.77916       16.63626       17.21583        4.70899        0.00574        0.00000        0.04118      300.00000      122.27907
   14    1    1     1581.61087     7320.27647     3249.92536        6.35809      168.61639        0.03472        0.05117        1.26484       29.00000        6.64231        0.47658        1.25798       11.17879        0.03154        0.00151        0.00692        1.21144      168.46768        0.03456        0.05126       29.06237        1.12364        6.04927        1.20407       11.17354        0.03034        0.00217        0.00737      300.00000        0.88182
   15    1    1     2641.60322     1829.40492      629.66816        0.16780        2.01036        0.00000        0.01753        0.71058       16.60000        0.50567        1.02395        0.71062        9.24771        0.02109        0.01192       -0.00009        1.64574       16.40694        0.00033        0.01848       11.30455        0.29838        0.28910        1.64629       10.29379        0.02627        0.01244       -0.00055      300.00000      159.19379
   16    1    1     1999.01533     3454.93815     1202.39053        3.41272       59.27867        0.00429        0.03256        1.07158       28.50000        2.23250        0.66604        1.06853        7.91269        0.01571        0.01210        0.00299        2.84523       63.81322        0.00495        0.04022       28.21501        0.71763        0.41631        2.83052        6.33993        0.01022        0.00023        0.01470      300.00000       78.07191
   17    1    1     1209.49086     2416.62669      834.90767        8.95320      178.52230        0.03892        0.00963        1.10949       36.90000        0.88958        0.69038        1.04418       14.20909        0.04727        0.00043        0.06538        0.98455      178.49085        0.03877        0.00984       36.88879        0.76655        0.91223        0.94532       14.20946        0.04788        0.02587        0.03923      300.00000        0.04656
   18    1    1     3498.55981     1563.93614      526.52717        4.39333       62.94836        0.00484        0.02023        1.00251        8.70000        0.17611        0.74186        0.99271        6.97356        0.01179        0.00006        0.00969        0.44655       70.79932        0.00610        0.02105       13.90998        0.28703        1.18703        0.44379        3.39767        0.00283        0.00681        0.00276      300.00000       41.27447
   19    1    1     2209.86386     1572.23774      713.20901        6.67159      121.81580        0.01812        0.02259        1.43373        5.60000        0.02996        0.30050        1.43406        9.40164        0.02183        0.00797       -0.00026        0.44171      121.06859        0.01783        0.02301        5.14816        0.07429        1.24790        0.44210        9.40742        0.02197        0.00800       -0.00039      300.00000        0.25455
   20    1    1     2040.64148     1969.81085      743.59626        1.99798       35.53483        0.00154        0.03709        1.26615       21.10000        0.59067        0.46833        1.26624       13.56336        0.04579        0.00020       -0.00004        1.56179       48.83341        0.00290        0.04579       21.51777        0.20138        0.54717        1.56201       14.14567        0.04977        0.00096       -0.00021      300.00000       96.78065
   21    1    1     3728.03611    46660.48790    20382.23400        5.34604       80.11076        0.00784        0.01959        0.34793       32.30000       48.32287        1.38628        0.34829       14.13638        0.04937        0.00592       -0.00036       26.21420       84.17458        0.00865        0.01977       33.75261        1.19608       22.66178       26.21205       11.95906        0.03583        0.00346        0.00215      300.00000       59.95897
   22    1    1     1397.51948     1585.62500      588.44019        0.56586       14.58962        0.00026        0.08093        0.68483       18.20000        0.03852        1.05497        0.67959        9.49043        0.02268        0.00492        0.00520        0.19253       50.98083        0.00317        0.05820       17.08559        0.09752        1.47838        0.19311       13.30467        0.04383        0.01347       -0.00057      300.00000      136.98250
   23    1    1     1587.47332     1580.92688      608.96795        2.86096       77.67077        0.00737        0.08265        1.40177        7.80000        0.01110        0.33276        1.40180       11.99926        0.03585        0.00631       -0.00005        1.52267       93.67791        0.01065        0.07153       24.70010        0.04612        0.20815        1.51914        7.76769        0.01515        0.00353        0.00353      300.00000       54.24591
   24    1    1     3159.94638     3217.15434     1456.61570        3.41529       37.69381        0.00174        0.01314        0.69462       10.80000        1.92056        1.07046        0.66410       11.29707        0.03042        0.00669        0.03054        2.48497       30.99446        0.00117        0.02005        8.35870        0.01580        1.16803        2.46443       10.92741        0.02866        0.01895        0.02055      300.00000       80.39500
   25    1    1     2683.60934     3682.88683     1826.25228        7.84058       98.03982        0.01174        0.00736        0.35418       26.40000        2.28293        1.44168        0.29288       13.78002        0.04957        0.01453        0.06131        3.71478       98.05039        0.01173        0.00762       26.33633        0.11575        0.19271        3.70887       13.77984        0.04623        0.07318        0.00591      300.00000        0.29415
   26    1    1     1455.26411     2202.32554      988.50427        8.96239      146.64940        0.02627        0.00643        0.45390       24.20000        0.72728        1.28219        0.45237       10.03295        0.02470        0.00228        0.00148        0.85568      146.63243        0.02623        0.00644       24.22094        0.11236        1.49643        0.85311       10.03300        0.02464        0.00127        0.00257      300.00000        0.29143
   27    1    1     2313.35324     1779.18191      795.94423        8.03657      112.14769        0.01536        0.00842        1.26754       10.80000        0.18708        0.47115        1.26341       16.85055        0.07139        0.01763        0.00417        1.54797      111.56163        0.01516        0.00873       10.63951        0.11878        0.25952        1.54316       16.85035        0.07145        0.01697        0.00481      300.00000        0.13667
   28    1    1     1576.09368    75739.80719    31513.16243        7.52195      168.49354        0.03467        0.02661        1.64463       33.80000       77.04274        0.12814        1.60643        1.40587        0.00047        0.00548        0.03818       51.32197      168.83955        0.03475        0.02666       33.75306        0.12154       27.35437       51.30131        1.39957        0.00047        0.02296        0.02066      300.00000        0.74043
   29    1    1     1495.93002     3906.07933     1157.90372        0.40227       11.73357        0.00017        0.10374        0.86370       39.70000        2.41999        0.89789        0.83668       18.44105        0.08125        0.03894        0.02697        2.11888       55.63783        0.00378        0.05439       51.69142        1.33534        0.80564        2.08856       16.13847        0.06698        0.02068        0.03033      300.00000      133.91275
   30    1    1     2008.06280     1993.38833      561.68801        1.08664       19.67491        0.00047        0.03957        0.42378       12.50000        0.60038        1.35403        0.38053        5.00980        0.00594        0.01187        0.04328        1.40379       18.56960        0.00042        0.04267       16.77404        0.42842        0.53729        1.35182        8.74495        0.01989        0.00356        0.05197      300.00000      141.06000
   31    1    1    11277.44713    14944.35004     6909.05752        1.40947       25.70323        0.00081        0.03981        0.99713       13.80000       15.41411        0.74984        0.98472       20.07629        0.10231        0.00711        0.01231        2.06307       33.47722        0.00137        0.00331        5.37421        0.07020       15.10022        2.05413       16.92749        0.07248        0.00053        0.00895      300.00000      125.54421
   32    1    1     5042.77601     1664.74441      761.45130        2.23656       31.51184        0.00121        0.02303        0.41617        7.60000        0.14176        1.31997        0.41459        9.64156        0.02281        0.01839        0.00157        0.25211       49.72347        0.00302        0.00480       27.97498        0.94195        0.71419        0.25113        5.83214        0.00836        0.01892        0.00098      300.00000        5.97588
   33    1    1     1329.09227     2739.04568     1197.82319        7.85383      195.95649        0.04690        0.02913        0.92428       10.60000        1.38892        0.81512        0.91944        7.84587        0.01549        0.01056        0.00484        2.44079      196.22353        0.04699        0.02888       10.85148        0.00830        0.67660        2.43886        7.83898        0.01506        0.01380        0.00192      300.00000        0.51248
   34    1    1     2471.75854     2214.67542      891.14167        7.25896      106.97334        0.01398        0.01255        0.80412       24.80000        0.78795        0.93447        0.80009        6.05209        0.00921        0.00363        0.00400        2.02980      106.85327        0.01389        0.01257       24.81578        0.46719        0.02553        2.02983        6.05062        0.00903        0.00789       -0.00003      300.00000        2.53509
   35    1    1     1947.61892     1665.49748      796.11333        6.33789      136.66039        0.02281        0.03397        1.62545       12.40000        0.01470        0.11341        1.62116        4.42457        0.00478        0.00614        0.00438        0.19714      136.62745        0.02270        0.03620       11.11781        0.05946        1.50009        0.18812        4.14368        0.00434        0.00133        0.00902      300.00000        1.57096
   36    1    1     3352.89289     3899.74368     1351.48866        0.56043       10.30832        0.00013        0.04119        1.61889       31.40000        2.91174        0.11935        1.61522       10.95997        0.02935        0.00438        0.00367        2.90510       14.86100        0.00027        0.00430       29.49142        0.75006        0.98496        2.90118       17.53900        0.07731        0.00302        0.00393      300.00000      142.00993
   37    1    1     1371.28428     5559.75886     2607.66073        8.52660      174.91577        0.03737        0.01403        0.09237       21.50000        4.86266        1.64172        0.09284       13.13657        0.04276        0.00492       -0.00050        3.81934      174.78636        0.03729        0.01376       21.71851        0.06650        2.71646        3.81472       13.13738        0.04210        0.00040        0.00461      300.00000        0.06646
   38    1    1     2145.78125     1508.48626      667.17721        0.72390       14.62094        0.00026        0.04956        1.27887       13.00000        0.00746        0.49152        1.24305        7.06250        0.01185        0.02174        0.03572        1.20990       14.95375        0.00027        0.03001       14.56407        0.04805        0.52204        1.17526       12.13437        0.03501        0.01598        0.03464      300.00000      155.04021
   39    1    1     6129.10658     1707.33394      558.55392        3.00674       72.93689        0.00650        0.06537        1.18841       33.70000        0.15415        0.54890        1.18566       12.19007        0.03727        0.00373        0.00280        0.97211       50.25253        0.00308        0.00609       46.13205        0.21360        0.75100        0.97181       14.42423        0.05122        0.00724        0.00030      300.00000      117.93761
   40    1    1     7135.72183     3731.69291     1184.68702        6.19774       40.56646        0.00201        0.00322        1.62698       26.30000        2.69784        0.18790        1.54666        8.98538        0.01878        0.00447        0.08023        3.08493       54.61518        0.00363        0.01874       21.77104        0.96163        0.39899        3.06159        6.71532        0.01155        0.06175        0.02334      300.00000      110.58634
   41    1    1     2544.70531     1561.50729      654.85369        4.16539       84.48469        0.00872        0.04153        0.26918       14.10000        0.01095        1.49024        0.24432        4.72327        0.00534        0.00001        0.02482        0.58299       69.74425        0.00590        0.02688       15.98505        0.18415        0.99231        0.56829        9.84452        0.02465        0.00910        0.01470      300.00000       14.56082
   42    1    1     3760.90924     1655.94288      680.41965        6.01071       75.93468        0.00704        0.01245        1.68191       11.80000        0.09128        0.07791        1.65666       14.08697        0.05087        0.00114        0.02526        0.23502       72.81201        0.00646        0.01096       13.33191        0.64885        0.95171        0.22728       14.08758        0.05013        0.01947        0.00774      300.00000       11.13185
   43    1    1     6970.84230     3528.44958     1598.73102        0.30704        0.77206        0.00000        0.00077        0.40593       18.60000        2.36877        1.32859        0.40597        7.23108        0.01301        0.00845       -0.00007        3.36013       14.70227        0.00026        0.01536       27.08681        0.32278        0.41510        3.35252        6.65729        0.01077        0.00115        0.00761      300.00000      164.48350
   44    1    1     2497.68518     2159.50837      936.06168        4.58857       73.41615        0.00658        0.02468        1.24910       28.80000        0.77410        0.49253        1.24204        5.98003        0.00903        0.00194        0.00702        1.85168       61.24569        0.00456        0.03716       17.24904        0.15514        0.47687        1.84799       10.63587        0.02764        0.00493        0.00369      300.00000       34.22274
   45    1    1     2188.30484     1987.83472      808.05147        8.01115      116.99961        0.01672        0.00933        0.17932       13.90000        0.62684        1.55479        0.17977        5.52953        0.00756        0.00845       -0.00039        0.94627      117.15650        0.01674        0.00948       13.75447        0.07618        1.34090        0.94412        5.52970        0.00766        0.00578        0.00214      300.00000        0.90561
   46    1    1     1667.91839     1754.23242      739.42543        5.88673      157.02760        0.03012        0.05679        0.46618       11.80000        0.06974        1.28003        0.45454       12.50051        0.03780        0.00362        0.01165        0.39414      159.35831        0.03100        0.05606       11.69757        0.14647        1.26351        0.39419       12.49805        0.03852        0.01458       -0.00005      300.00000        4.38848
   47    1    0      873.24347 17015920.47906  5675517.19660        7.78062      227.99804        0.06349        0.04139        0.75776       21.60000    14655.46953        0.98043        0.75414        6.59400        0.01062        0.00012        0.00360      345.03975        0.00000        0.00000        0.00000      241.60328        0.15346    14312.13755      345.03975        0.00000        0.00000        0.00000        0.00000      300.00000        0.00000
   48    1    1     1265.62905     3460.42478     1057.98063        2.70896       92.35685        0.01042        0.13154        1.23617       28.90000        1.96237        0.50566        1.22891        7.58890        0.01400        0.09106        0.00727        1.73738       67.17451        0.00547        0.12411       33.65674        1.08350        0.89180        1.71748       10.88557        0.02846        0.08049        0.01990      300.00000       75.41179
   49    1    1     5244.27547     1437.89534      588.76398        3.28144       16.98388        0.00035        0.00292        0.66071        7.40000        0.04286        1.11030        0.62427        3.17911        0.00261        0.04685        0.03646        0.32635       16.71664        0.00034        0.00393        6.69270        0.13076        1.31978        0.32688        2.74834        0.00187        0.08355       -0.00053      300.00000      104.58372
   50    1    1     4935.63118     2056.21690      586.97047        6.62315       57.43064        0.00403        0.00515        1.61969       23.40000        0.64704        0.11775        1.61681       12.49989        0.03823        0.00002        0.00286        0.59509       55.45760        0.00375        0.00534       23.42227        1.04628        0.74177        0.59361       12.50570        0.03912        0.00056        0.00148      300.00000        5.71448
   51    1    1     1590.18247     1486.90372      604.72501        8.89856      136.12459        0.02263        0.00595        0.84459        4.20000        0.00938        0.89439        0.84017        7.81559        0.01491        0.04520        0.00442        0.57226      136.07190        0.02260        0.00601        4.02674        0.07211        1.13470        0.53707        7.81585        0.01452        0.01484        0.03519      300.00000        0.82154
   52    1    1     5538.21958     1866.56737      622.90728        2.84239       53.60196        0.00351        0.03992        1.59249       17.70000        0.43202        0.14311        1.59146        4.53983        0.00506        0.00111        0.00109        1.57008       31.12894        0.00118        0.00333       21.10237        0.35852        0.25029        1.57055       11.26762        0.03138        0.00245       -0.00047      300.00000       38.87826
   53    1    1     1142.03595  7388025.87693  2400138.15152        3.13466       68.90941        0.00580        0.05322        0.10918       18.10000     6332.29248        1.64031        0.09426       18.66452        0.08862        0.00459        0.01485     6026.63378      162.54656        0.03225        1.31059      199.34181        0.70623      305.43011     6026.62691       15.33433        0.05719        0.00019        0.00687      300.00000      114.11648
   54    1    1     4849.79296     1622.50266      661.63832        1.44145       25.45565        0.00079        0.03730        1.09215       32.90000        0.06391        0.65054        1.08403        7.08451        0.01268        0.00017        0.00817        1.47389       15.69420        0.00030        0.04501       32.65798        0.14247        0.15902        1.46934       11.48555        0.03318        0.00368        0.00455      300.00000      127.84398
   55    1    1     5595.43158     1499.50771      625.27848        5.74608       50.25731        0.00308        0.00626        0.50562       29.10000        0.11142        1.23038        0.50418        1.49479        0.00055        0.00245        0.00154        0.06496       76.16988        0.00708        0.02478       17.50157        0.29382        1.46852        0.06093        1.51274        0.00058        0.00002        0.00403      300.00000      138.68016
   56    1    1     1777.25819     9913.37446     4678.80785        1.74121       29.74424        0.00108        0.03456        0.64137       25.00000        9.75011        1.13104        0.60353       14.08742        0.05125        0.00546        0.03795        5.61995       47.74814        0.00278        0.07911       42.29739        0.59158        5.21845        5.61260       10.44112        0.02753        0.07545        0.00735      300.00000      138.21713
   57    1    1     1230.37990     2093.78756      747.22626        3.73630      146.28502        0.02614        0.16108        1.08981        8.00000        0.53786        0.65506        1.07950       11.39895        0.03147        0.02190        0.01020        1.49656      128.26125        0.01992        0.10454       43.86399        0.19520        0.70291        1.46215        3.75099        0.00335        0.00085        0.03441      300.00000       38.43878
   58    1    1     1449.67830     1901.42296      794.82383        8.78916      154.46634        0.02914        0.00858        0.89121       13.40000        0.47654        0.84441        0.89015        4.33442        0.00462        0.00482        0.00104        0.88087      154.56185        0.02908        0.00862       13.43331        0.25007        1.08370        0.87738        4.33397        0.00472        0.00227        0.00348      300.00000        0.74522
   59    1    1     1873.91727     1604.81352      600.51229        8.03623      138.60223        0.02346        0.01287        1.07337       23.10000        0.06497        0.66451        1.07005       15.68898        0.06017        0.00556        0.00332        1.44274      138.87442        0.02351        0.01339       22.84767        0.02320        0.33327        1.44247       15.68925        0.06135        0.00747        0.00027      300.00000        0.36616
   60    1    1     2637.21651     1499.96211      577.00849        0.89505        8.93394        0.00010        0.01207        0.61136        6.40000        0.05711        1.12781        0.60675       13.42180        0.04533        0.00007        0.00472        0.85455       29.28520        0.00104        0.04200       17.98962        0.07126        0.87585        0.85510        3.22272        0.00257        0.00657       -0.00055      300.00000      137.61236
   61    1    1     1842.88756     2380.61167      721.42656        5.79032      148.72820        0.02702        0.05356        1.20074       22.80000        0.82676        0.56916        1.16540       12.52060        0.04043        0.00010        0.03529        1.60407      149.27805        0.02710        0.05327       22.97874        0.60733        0.37441        1.58001       12.49959        0.04002        0.01156        0.02406      300.00000       14.24517
   62    1    1     1897.15751     1573.21060      653.42489        2.62944       51.08271        0.00319        0.04291        0.52057       10.70000        0.10591        1.21349        0.52108        3.60730        0.00322        0.00070       -0.00058        1.16349       62.24951        0.00472        0.04784        5.08602        0.02773        0.64528        1.16374        1.35885        0.00046        0.00047       -0.00025      300.00000       83.48018
   63    1    1     2565.51075     1516.18440      607.02530        5.75221      101.99672        0.01271        0.02569        1.06464       17.50000        0.01904        0.68117        1.05339        6.72473        0.01094        0.01691        0.01128        0.72518      104.51310        0.01331        0.03000       15.02509        0.01928        1.00731        0.72290        6.45562        0.01021        0.02583        0.00228      300.00000        9.77688
   64    1    1     1393.18356     2665.09211      964.77048        2.68836       84.47340        0.00872        0.11187        0.35131       21.50000        0.93692        1.38628        0.34829       24.62729        0.14833        0.00806        0.00309        0.83529       75.66650        0.00697        0.09101       33.90101        0.14670        1.72141        0.83098       24.18908        0.14280        0.00730        0.00431      300.00000       71.78686
   65    1    1     1941.94254    82818.04208    36422.37020        5.77496      134.65494        0.02215        0.04426        0.87543       16.10000       85.88014        0.86476        0.86981        8.67584        0.01896        0.02316        0.00562       32.16938      134.29130        0.02201        0.04502       16.08458        0.03821       55.40924       32.16583        8.76230        0.01928        0.02560        0.00355      300.00000        5.04919
   66    1    1     2384.92331   241987.29092   100334.91126        2.63970       41.07615        0.00206        0.02751        0.26648        1.40000      242.30732        1.49531        0.23926        9.41764        0.02276        0.02551        0.02724      160.29484       11.72986        0.00017        0.02735       26.28689        0.15858       83.58701      160.28059       12.86894        0.04211        0.03691        0.01425      300.00000      120.68302
   67    1    1     1806.13960     2823.53522      638.15265        7.30100      152.60209        0.02844        0.02492        0.84432       24.80000        1.53988        0.89240        0.84217       10.90069        0.02977        0.00040        0.00220        1.85366      153.02774        0.02856        0.02522       24.62537        1.08063        0.34205        1.85132       10.90050        0.02910        0.00091        0.00234      300.00000        3.14538
   68    1    1     1560.36694     3149.49001      990.70144        0.61619       13.90141        0.00024        0.06193        1.00632       33.10000        1.70268        0.73127        1.00329        8.27460        0.01675        0.00041        0.00303        1.06966       15.63091        0.00030        0.07437       43.15773        1.96565        0.38627        1.06962        9.14697        0.02062        0.00271        0.00004      300.00000      156.10772
   69    1    1     1993.45192     1875.96160      654.80375        4.57002       91.35294        0.01019        0.03861        1.30211       18.80000        0.46871        0.43357        1.30099       13.92835        0.04850        0.02365        0.00118        1.20137      104.43880        0.01332        0.06161       14.05441        0.09711        0.91282        1.18588       10.87841        0.02852        0.01058        0.01550      300.00000       17.89655
   70    1    1     2455.41871     1900.42956      751.58469        1.03575       14.65566        0.00026        0.02419        0.83787        8.90000        0.59759        0.89617        0.83840        6.34827        0.00999        0.03814       -0.00048        0.89825       21.03307        0.00054        0.02792       25.72058        0.12036        1.34870        0.86129        5.34189        0.00678        0.00167        0.03695      300.00000      148.40029
   71    1    1     2511.60501     1566.93512      596.09793        2.96769       46.41781        0.00263        0.02725        1.37856        7.90000        0.26911        0.35603        1.37853        5.68566        0.00805        0.00012       -0.00003        0.74603       41.50408        0.00210        0.02282        8.35954        0.19833        1.06032        0.74606        6.96669        0.01197        0.00019       -0.00003      300.00000       83.91280
   72    1    1     5202.98423     3715.54475     1688.51634        2.17596       24.78351        0.00075        0.01509        1.57546       19.40000        2.75100        0.17885        1.55571        6.44833        0.01062        0.00012        0.01982        2.04887       44.71485        0.00244        0.00701       16.82010        0.04273        2.38467        2.04849       10.23878        0.02614        0.02002        0.00038      300.00000       18.61212
   73    1    1     1101.31994     1950.09646      799.40027        6.54548      242.89751        0.07206        0.09613        0.52934       29.60000        0.15251        1.20929        0.52527        8.08485        0.01596        0.03285        0.00404        0.24072      242.68868        0.07164        0.09623       29.68546        0.48103        1.20104        0.20526        8.11212        0.01697        0.00052        0.03546      300.00000        0.05602
   74    1    1     2595.67146     1745.81116      774.71885        4.13324       77.80684        0.00739        0.03589        0.64472       25.30000        0.14499        1.11208        0.62249        8.47554        0.01722        0.03706        0.02221        1.26515       55.62100        0.00376        0.03040       13.19433        0.10204        0.53924        1.20825       15.16207        0.05403        0.00474        0.05690      300.00000       16.77025
   75    1    1     1529.19926     2959.34090     1260.80129        5.67111      169.22232        0.03497        0.07377        0.59653       19.10000        1.27713        1.14546        0.58910       17.15302        0.07430        0.02283        0.00740        2.65625      169.25854        0.03484        0.07436       18.90430        0.34048        0.04622        2.62443       17.17368        0.07025        0.00259        0.03182      300.00000        4.66424
   76    1    1     1704.52899     1700.22453      654.52498        7.02561      158.74260        0.03078        0.03158        0.87145       39.20000        0.08555        0.86476        0.86981       14.53239        0.05180        0.00160        0.00158        1.45819      158.80371        0.03068        0.03189       39.15202        0.07759        0.28526        1.45708       14.53209        0.05278        0.00114        0.00111      300.00000        0.18831
   77    1    1     3771.37748     1576.14832      663.77859        4.74056       56.94175        0.00396        0.01366        0.27278       25.50000        0.03279        1.46159        0.27297        8.36156        0.01738        0.00948       -0.00023        0.45316       49.97042        0.00304        0.01524       27.34971        0.03763        1.29132        0.44488        6.63119        0.01068        0.00059        0.00828      300.00000       11.57417
   78    1    1     2247.44287     1617.51219      555.04084        4.52105       91.75316        0.01028        0.04002        0.84792        7.80000        0.08680        0.93318        0.80139       10.23616        0.02475        0.00033        0.04663        1.27734       71.38730        0.00620        0.03135       10.28074        0.34085        0.23111        1.25245       12.10826        0.03757        0.01885        0.02489      300.00000       22.78050
   79    1    1     2951.64572     1461.07699      588.81215        7.76199       88.12692        0.00949        0.00626        0.22631       13.20000        0.06995        1.50865        0.22592        6.70222        0.01105        0.00382        0.00045        1.09074       88.43117        0.00953        0.00625       13.14882        0.03449        0.67995        1.09002        6.70112        0.01121        0.00337        0.00071      300.00000        1.03005
   80    1    1     1912.58597     2265.94135      536.16683        6.07166      137.25008        0.02301        0.03940        1.47283       21.40000        0.82860        0.26292        1.47164        2.61909        0.00168        0.04509        0.00118        0.90774      136.62518        0.02266        0.03918       21.36582        1.29916        0.37592        0.88802        3.04777        0.00223        0.02666        0.01973      300.00000        0.63959
   81    1    1     2097.31967     2155.02931      758.71624        7.05584      127.24587        0.01978        0.01995        1.00724       23.80000        0.85799        0.72704        1.00752        8.16516        0.01658        0.02345       -0.00022        1.58787      127.30913        0.01974        0.02030       23.65182        0.20468        0.79915        1.58836        8.16841        0.01651        0.02377       -0.00049      300.00000        1.36598
   82    1    1     1803.25722     2121.32600      637.70096        0.98172       21.78376        0.00058        0.05955        0.97897       22.60000        0.73098        0.78742        0.94715        2.55696        0.00156        0.00007        0.03188        1.13608       39.41019        0.00190        0.04449       21.86017        0.52064        0.77622        1.12729       14.67630        0.05226        0.02755        0.00879      300.00000      126.16547
   83    1    1     1766.24108     6085.36274     2787.17237        4.36183      118.99362        0.01729        0.07360        0.55224       21.20000        5.07959        1.18184        0.55272        2.07337        0.00106        0.01857       -0.00054        5.44523      116.84123        0.01658        0.07021       22.19708        0.22198        1.16917        5.42692        1.95281        0.00097        0.00005        0.01831      300.00000        1.15448
   84    1    1     1283.76847     3661.25909     1561.22751        3.33253      118.86554        0.01726        0.13812        0.19572       10.10000        2.32267        1.54178        0.19278       11.99740        0.03521        0.01138        0.00288        1.64771      120.32505        0.01767        0.11029       33.13965        0.39966        2.07793        1.63571        5.64161        0.00808        0.00081        0.01200      300.00000       41.83812
   85    1    1     1225.34896  2576534.41366   797047.06441        1.95371       35.22266        0.00152        0.03818        0.30576       27.70000     2253.33222        1.43642        0.29814        9.56871        0.02224        0.00832        0.00763      113.38738      105.08362        0.01347        0.94823      132.94563        2.35849     2138.16010      113.38795       32.88351        0.26834        0.00882       -0.00056      300.00000      127.58559
   86    1    1     2955.99323     2029.58866      740.92350        1.20121        9.20100        0.00010        0.00706        0.78927       40.10000        0.57975        0.94956        0.78500        3.45974        0.00301        0.00889        0.00418        1.58541       43.23631        0.00228        0.05672       26.67072        0.26516        0.41131        1.58118        5.62794        0.00773        0.00903        0.00423      300.00000      146.20322
   87    1    1     6780.81835     1512.14604      603.05832        1.39713       30.98514        0.00117        0.05890        1.05987        7.20000        0.00240        0.67558        1.05898        1.87759        0.00087        0.04158        0.00088        0.80458       46.25385        0.00261        0.00858       28.30216        0.05556        0.92893        0.78780        7.71451        0.01433        0.02580        0.01678      300.00000       57.05681
   88    1    1     2251.72183     9407.47221     3963.35262        3.81854       55.84109        0.00381        0.02231        0.62994       26.90000        9.00696        1.12361        0.61096       22.78632        0.13252        0.01816        0.01890        8.93801       62.42405        0.00476        0.07148       20.15548        0.10151        1.66816        8.93840       20.31918        0.10253        0.05085       -0.00039      300.00000       55.97998
   89    1    1     1524.97665    13639.39820     5798.45550        6.62475      176.09843        0.03787        0.04842        0.60837       30.70000       13.73912        1.12630        0.60826        3.51867        0.00308        0.00251        0.00011       12.68235      176.23847        0.03787        0.04795       30.88763        0.20870        2.58481       12.68067        3.51954        0.00304        0.00097        0.00168      300.00000        0.33587
   90    1    1     1719.08218     2581.87334     1036.05426        6.35799      158.67238        0.03075        0.04532        0.52112       20.60000        1.13716        1.21863        0.51593        1.32182        0.00043        0.08167        0.00519        0.39949      158.55981        0.03070        0.04495       20.78974        1.04637        1.42735        0.39842        1.27955        0.00041        0.08581        0.00107      300.00000        4.13123
   91    1    1     3874.86554     6482.58518     2798.65371        3.66870       74.24129        0.00673        0.04328        0.09275       26.00000        5.80851        1.69928        0.03528        4.28171        0.00478        0.00069        0.05755        4.67137       72.25048        0.00637        0.01486       28.45494        2.46419        0.46304        4.61972       11.55274        0.03470        0.00148        0.05165      300.00000       55.70317
   92    1    1     1577.43708     2203.08645      850.43341        6.13775      171.34858        0.03586        0.05933        0.08828        9.30000        0.79651        1.65939        0.07518        5.17707        0.00681        0.00279        0.01304        0.94835      170.98746        0.03556        0.06044        8.43565        1.23382        0.35256        0.94392        5.17777        0.00654        0.01170        0.00443      300.00000        5.02617
   93    1    1     1375.16371     1746.75434      770.43776        8.47216      177.33173        0.03841        0.01510        0.68830        7.10000        0.13648        1.04572        0.68885       14.97974        0.05562        0.00384       -0.00052        1.20155      177.52492        0.03847        0.01508        7.09315        0.09807        0.57096        1.20201       14.97940        0.05572        0.00363       -0.00046      300.00000        0.47137
   94    1    1     2873.35523     3127.75530     1459.66949        2.33708       32.13921        0.00126        0.02184        0.08644       25.00000        1.57333        1.65419        0.08038       18.83835        0.08947        0.03359        0.00603        0.70242       42.42807        0.00219        0.01811       31.89663        0.14589        2.54669        0.66370       13.19481        0.04130        0.00353        0.03872      300.00000       79.95043
   95    1    1     1561.32847    25998.92574    12003.64501        8.52515      153.56427        0.02880        0.01083        0.70127       11.70000       27.46577        1.03505        0.69952        4.89920        0.00601        0.01460        0.00181        4.72824      153.34879        0.02871        0.01108       11.48142        4.70525       19.77875        4.71603        4.89420        0.00608        0.00421        0.01220      300.00000        0.42989
   96    1    1     1379.10896     1792.38918      800.73966        2.66485       89.17801        0.00971        0.12706        1.44807       10.80000        0.03478        0.29418        1.44039       10.51746        0.02687        0.00701        0.00769        0.29823       96.50382        0.01133        0.07151       40.16143        0.36177        1.18199        0.29872        5.68224        0.00799        0.01485       -0.00049      300.00000       64.73340
   97    1    1     1910.26166     5089.78762     2427.13860        8.67287      120.42194        0.01771        0.00584        0.13877       25.70000        3.98458        1.59671        0.13786        9.18879        0.02075        0.01575        0.00097        1.94507      120.48961        0.01772        0.00589       25.68574        0.70738        3.07307        1.93866        9.18862        0.02130        0.00969        0.00641      300.00000        0.80885
   98    1    1     2519.77427     2238.28511      996.25926        3.01810       55.46048        0.00376        0.03748        0.32209       12.20000        0.73982        1.42672        0.30785       14.05477        0.04766        0.00257        0.01420        1.38587       54.52026        0.00362        0.02509       10.39078        0.05636        1.03695        1.38609       15.08541        0.05616        0.01605       -0.00022      300.00000       39.83456
   99    1    1     1844.78197     1697.72783      772.07988        7.34411      144.64329        0.02555        0.02182        0.46452        6.90000        0.31427        1.27473        0.45983        5.37125        0.00726        0.01105        0.00470        1.13539      144.62459        0.02553        0.02214        6.36491        0.01920        0.90042        1.12886        5.37674        0.00729        0.00925        0.00653      300.00000        0.99009
  100    1    1     2584.88495     1509.09791      646.92137        6.87362      105.90080        0.01370        0.01529        0.97173        8.50000        0.19697        0.77479        0.95977        5.38688        0.00702        0.01893        0.01195        1.02836      105.08757        0.01347        0.01449        9.63517        0.08978        0.81458        1.02822        5.38886        0.00723        0.03052        0.00014      300.00000        1.75280
