    1    1    1     3878.36942     1487.63992      684.57585        4.77550       67.28465        0.00553        0.01872        0.50045        3.60000        0.03724        1.23369        0.50087       13.63942        0.04601        0.02843   -33197.38432        0.34715       74.87121        0.00683        0.01463       10.72272        0.01432        1.41763        0.34678       13.17111        0.04326        0.02625        0.00037      300.00000       48.04787
    2    1    1     7230.25054     1470.65871      549.87274        2.27849       38.11255        0.00177        0.03240        0.93362       12.30000        0.05974        0.82490        0.90967        3.18105        0.00242        0.00464        0.02402        0.26941       35.92973        0.00158        0.00223       22.17295        0.21651        1.34235        0.26503        3.51891        0.00311        0.02430        0.00439      300.00000       29.96013
    3    1    1     1589.42112     2815.94661      690.31698        4.01872      133.61285        0.02180        0.11320        1.33916       34.30000        1.30147        0.40905        1.32551        4.25178        0.00459        0.01039        0.01373        1.89107      132.39067        0.02124        0.10520       36.36893        0.98490        0.18198        1.87682        4.60936        0.00540        0.00989        0.01425      300.00000       19.44703
    4    1    1     2810.94604     2879.13772      903.61955        5.17826       94.88147        0.01100        0.03001        1.07308       28.50000        1.68686        0.66623        1.06833       12.64978        0.04027        0.00704        0.00482        1.34024       85.80581        0.00897        0.05075       22.94154        1.93435        0.13377        1.34067       11.64817        0.03355        0.01286       -0.00043      300.00000       46.97467
    5    1    1     2097.77159     1674.08111      664.71053        0.44180       12.31266        0.00019        0.09468        0.43118       15.60000        0.01205        1.31362        0.42094       16.71201        0.07074        0.00160        0.01024        1.18362       20.81828        0.00053        0.01510       53.56699        0.14294        0.56164        1.17414        7.51091        0.01428        0.00595        0.00948      300.00000      154.86982
    6    1    1     3249.23102     6509.99005     3158.55135        3.17195       24.74949        0.00075        0.00669        0.52066       12.00000        5.89546        1.21512        0.51945        8.55050        0.01828        0.03346        0.00124        0.61069       11.44287        0.00016        0.03717       12.24724        6.05558        0.95900        0.55970        9.13957        0.02171        0.00610        0.05099      300.00000      117.89570
    7    1    1     3952.87949    18051.49566     7873.13198        4.46433       61.26610        0.00458        0.01842        0.43469       20.40000       18.52913        1.30497        0.42959        1.00438        0.00025        0.02144        0.00515        8.37021       65.70006        0.00527        0.01318       19.78738        0.80364       11.09334        8.35650        8.73819        0.01941        0.00844        0.01371      300.00000       33.27513
    8    1    1     1651.82015     1801.73671      612.11171        2.21735       63.73149        0.00496        0.09593        0.81165       27.40000        0.18615        0.94764        0.78692       13.77763        0.04864        0.02194        0.02471        0.99065       58.83162        0.00421        0.06199       34.54696        0.18366        0.77578        0.99101       14.83559        0.05466        0.04597       -0.00036      300.00000       91.48947
    9    1    1     2409.00582     1692.27748      529.22842        8.54023      101.25714        0.01252        0.00465        1.32122       10.40000        0.34299        0.41592        1.31864        2.36359        0.00140        0.00038        0.00267        0.70685      100.76400        0.01238        0.00469       10.46018        0.35680        1.01378        0.70704        2.37443        0.00139        0.00319       -0.00019      300.00000        1.01778
   10    1    1     2365.26151     1579.82174      575.00830        3.69094       47.44811        0.00275        0.01743        0.90828       12.90000        0.05183        0.83182        0.90275       17.64926        0.07589        0.02037        0.00547        0.92612        4.38551        0.00002        0.06167       24.49164        0.14709        0.75263        0.90466        8.11559        0.01580        0.00504        0.02146      300.00000      105.01505
   11    1    1     3026.05588    80546.81995    33262.28705        6.80214       93.76097        0.01074        0.01247        0.72957       24.90000       82.96955        1.00727        0.72729        6.89005        0.01163        0.00493        0.00229       70.19859       92.42349        0.01043        0.01288       25.40854        0.06547       14.44509       70.19373        6.77992        0.01121        0.00243        0.00486      300.00000        6.53895
   12    1    1    12593.01001     1527.28918      617.16946        2.77739       42.89089        0.00225        0.02688        1.25432       31.10000        0.08822        0.48613        1.24844        2.07742        0.00105        0.00083        0.00584        1.60761       18.60974        0.00042        0.00173       32.25267        0.06052        0.15796        1.60808        9.88759        0.02421        0.00722       -0.00047      300.00000       55.99726
   13    1    1     2016.43508     3088.51767      840.62039        5.88145      131.55027        0.02114        0.03997        1.01962       28.10000        1.88062        0.72986        1.00470        8.30343        0.01663        0.01323        0.01499        1.27515      131.13176        0.02092        0.04050       27.92883        1.17961        1.17855        1.25659        8.33659        0.01773        0.00860        0.01856      300.00000        5.36279
   14    1    1     4139.58922     1614.41839      668.73487        0.72990       16.16596        0.00032        0.05959        0.92086        8.70000        0.01524        0.81817        0.91640       16.38420        0.06550        0.00722        0.00444        0.47301       16.91485        0.00035        0.05596       20.31465        0.16225        1.14144        0.46156       14.91365        0.05381        0.00009        0.01144      300.00000      134.18532
   15    1    1     1501.77136     2053.15876      779.23344        8.93329      143.77755        0.02525        0.00639        1.11991       28.30000        0.55863        0.61957        1.11499        6.30234        0.01000        0.00177        0.00501        1.83879      143.66502        0.02512        0.00649       28.29599        0.37513        0.08594        1.83211        6.30163        0.01002        0.00002        0.00668      300.00000        0.40924
   16    1    1     1781.93127     1573.17285      562.35037        0.89994       19.85996        0.00048        0.05900        1.10841       13.90000        0.07062        0.64498        1.08959        8.39508        0.01694        0.02706        0.01878        0.79927       23.01974        0.00065        0.02871       27.91406        0.42934        0.65259        0.75468        8.08400        0.01693        0.00001        0.04459      300.00000      146.41663
   17    1    1     1933.28507     1764.95048      785.51338        5.97691      138.42227        0.02340        0.04211        0.42758       24.50000        0.08398        1.37345        0.36111        1.80281        0.00085        0.03697        0.06647        0.51662      136.89938        0.02283        0.03877       26.00306        0.83308        0.50486        0.48449        1.80369        0.00084        0.07134        0.03213      300.00000        4.00480
   18    1    1     1473.84945   458000.73419   180449.07699        0.21597        3.71339        0.00002        0.03609        1.45992       50.70000      447.05733        0.28233        1.45224        9.72709        0.02390        0.02271        0.00765      282.79154       42.01506        0.00215        0.27109       34.17062        0.06426      165.68528      282.78888       12.26678        0.03773        0.02999        0.00266      300.00000      167.99089
   19    1    1     3214.98508     1579.49622      630.00501        5.53729       89.62253        0.00981        0.02218        1.48793        7.70000        0.07785        0.24736        1.48721       11.17893        0.03120        0.00802        0.00075        0.79112       91.53505        0.01018        0.02208        7.38407        0.59045        0.42998        0.79164       11.19671        0.03108        0.00947       -0.00052      300.00000       34.45632
   20    1    1     3102.09080     2092.43290      840.96296        3.31078       41.03316        0.00206        0.01670        0.13763       12.70000        0.68983        1.59896        0.13560       14.55045        0.05303        0.00785        0.00203        0.81221       47.47258        0.00275        0.01980        2.86897        0.05552        1.55549        0.80985       14.39575        0.05075        0.00953        0.00235      300.00000       48.95202
   21    1    1     1454.38971     3068.44500      709.27179        0.31643        8.35669        0.00009        0.08509        1.48337       42.40000        1.48766        0.28621        1.44836       14.15354        0.04762        0.02205        0.03505        0.74210       46.48889        0.00263        0.09118       45.50276        2.26203        0.24991        0.72885        9.58629        0.02334        0.04089        0.01325      300.00000      136.21068
   22    1    1     1786.05061     1877.08489      774.57733        7.55517      148.21283        0.02683        0.02017        1.39084        8.40000        0.56592        0.34329        1.39128        3.80407        0.00358        0.00000       -0.00048        0.25941      147.98770        0.02674        0.02019        8.48953        0.64795        1.39271        0.25989        3.79710        0.00357        0.00005       -0.00048      300.00000        1.04554
   23    1    1     1402.46622     4243.03055     1814.74241        1.83718       45.66854        0.00255        0.07292        1.01615       13.20000        3.23074        0.71820        1.01636        7.12363        0.01262        0.01581       -0.00015        4.49640       36.39769        0.00161        0.07746       14.34323        0.16659        0.30594        4.49679        4.78278        0.00565        0.01533       -0.00038      300.00000      130.18386
   24    1    1     7771.58154     3116.01855     1049.16742        5.85820       53.45666        0.00349        0.00668        0.91143       26.30000        1.84451        0.85839        0.87617       12.52060        0.04043        0.00010        0.03529        1.97431       63.84901        0.00496        0.00955       27.35522        0.73634        0.91956        1.93889        8.59711        0.01906        0.00127        0.03541      300.00000      124.04314
   25    1    1     8906.51802     1785.22081      586.23660        2.35078       29.04284        0.00103        0.01761        1.69553        8.90000        0.45720        0.10324        1.63132        3.27771        0.00252        0.00069        0.06423        1.05638       20.26685        0.00050        0.01871       10.12677        0.11896        1.05317        1.01778        2.48032        0.00159        0.02852        0.03860      300.00000       79.83263
   26    1    1     1606.58844    21489.40421     9147.78927        6.94746      168.22720        0.03456        0.03705        0.80785       18.20000       22.90852        0.95546        0.77910       12.20609        0.03556        0.02272        0.02881        0.55755      168.47130        0.03466        0.03762       17.76777        2.59579       21.53360        0.51297       12.20386        0.03522        0.00726        0.04458      300.00000        0.58343
   27    1    1     1831.19451     2276.52827      969.44794        7.83828      142.24885        0.02471        0.01551        0.12320       11.40000        0.80811        1.61294        0.12162       14.02209        0.04823        0.00210        0.00162        1.70980      142.47461        0.02473        0.01543       11.48927        0.06293        0.77280        1.70704       14.02193        0.04811        0.00100        0.00276      300.00000        0.70516
   28    1    1     2156.84266     2257.54008      935.95042        3.37072       72.93279        0.00650        0.05068        0.65213        1.40000        0.98010        1.08206        0.65250        3.11346        0.00239        0.00136       -0.00039        1.26421       60.01975        0.00439        0.03838       18.41840        0.28928        1.16821        1.26474        6.07786        0.00914        0.00160       -0.00053      300.00000       37.01125
   29    1    1     4994.43232     1568.49815      681.93595        2.87690       40.29483        0.00198        0.02198        1.39171        5.10000        0.23626        0.34329        1.39128       12.16363        0.03641        0.00027        0.00039        0.89109       31.62948        0.00122        0.00264       17.46465        0.25919        0.83634        0.89119       12.89813        0.04139        0.00003       -0.00010      300.00000       25.66160
   30    1    1     1545.84969    70100.91868    28542.81307        2.24102       66.51501        0.00540        0.10219        0.68785       25.00000       72.33800        1.04626        0.68831        1.64185        0.00067        0.01336       -0.00037       32.47922       95.52050        0.01114        0.08058       13.67653        0.01059       41.59696       32.46363        6.78021        0.01170        0.00352        0.01558      300.00000       52.84054
   31    1    1     1446.88947     1914.25813      654.10145        3.96228      128.36068        0.02012        0.10805        0.20098       43.30000        0.12178        1.53394        0.20063       22.31946        0.12264        0.01570        0.00035        0.32301      124.19885        0.01870        0.12509       33.99690        0.11315        1.39405        0.31322       24.13010        0.14743        0.00178        0.00979      300.00000       14.52542
   32    1    1     8786.27487     2587.99636      955.05287        1.00209       19.38188        0.00046        0.04523        0.99038        9.60000        1.38265        0.74525        0.98932        4.13179        0.00419        0.05733        0.00098        0.28723       18.91570        0.00044        0.01359       24.34125        0.67076        2.25103        0.23048        2.51109        0.00148        0.00096        0.05675      300.00000       71.27467
   33    1    1     2062.89103     1800.00680      824.07482        5.44184      130.31138        0.02074        0.04929        1.62677       28.10000        0.15003        0.13508        1.59948        5.67831        0.00770        0.00708        0.02735        0.19710      129.65201        0.02046        0.04865       29.18419        0.80345        0.92113        0.16332        4.75477        0.00583        0.00008        0.03378      300.00000       18.21719
   34    1    1     1774.75176     2175.24777      975.83262        4.11688      107.81870        0.01420        0.06957        1.02712        6.60000        0.66649        0.70699        1.02758        0.70888        0.00012        0.01503       -0.00046        1.59451      109.32744        0.01451        0.06972        4.20186        0.01484        0.79903        1.58600        1.96431        0.00098        0.00592        0.00851      300.00000       11.42871
   35    1    1     2212.77988     1725.55951      786.55089        2.52340       51.65458        0.00326        0.04792        1.60136       26.80000        0.03488        0.16796        1.56660        9.21508        0.02019        0.00534        0.03472        1.07938       56.77446        0.00393        0.02955       17.07961        0.08165        0.61224        1.03809       17.58542        0.07325        0.00091        0.04129      300.00000       67.38851
   36    1    1     1814.12901     3381.90075     1152.04258        0.45240       10.22702        0.00013        0.06229        1.29659       22.30000        2.24008        0.47966        1.25490        5.10391        0.00674        0.00116        0.04171        2.51141        2.91969        0.00001        0.03222       32.64919        0.43390        1.08915        2.47853        6.47024        0.01078        0.00917        0.03289      300.00000      172.50345
   37    1    1     2313.44509     1703.28687      834.14207        2.43764       58.73532        0.00421        0.06669        1.01284        8.40000        0.01099        0.72269        1.01188        3.96228        0.00386        0.01368        0.00086        1.59701       57.12309        0.00397        0.02294       12.49458        0.01552        0.14958        1.58110       13.52903        0.04410        0.00185        0.01590      300.00000       51.14812
   38    1    1     3110.55324     1953.29646      876.30179        6.71938       91.09255        0.01013        0.01231        0.12274        8.40000        0.47104        1.62558        0.10898       12.02248        0.03489        0.01256        0.01379        0.35804       89.82397        0.00985        0.01114        9.98012        1.01566        0.83285        0.35860       12.02253        0.03579        0.02592       -0.00056      300.00000        6.60257
   39    1    1     2136.68770    13933.55492     6678.97727        6.61133      127.01917        0.01970        0.02538        1.34841       11.90000       13.79120        0.40098        1.33358       10.20108        0.02647        0.00327        0.01480        9.82594      126.99155        0.01966        0.02566       11.73840        0.24396        5.46146        9.82027       10.20642        0.02625        0.01250        0.00567      300.00000        1.53406
   40    1    1     1395.68942     1730.49377      804.96727        8.07645      185.08957        0.04184        0.02230        0.49077        4.30000        0.00241        1.24325        0.49132       12.21334        0.03700        0.00498       -0.00046        1.55141      184.75471        0.04163        0.02256        4.02475        0.00113        0.18447        1.55126       12.21375        0.03675        0.00460        0.00015      300.00000        0.35143
   41    1    1     3170.90430     2116.06979      806.38632        6.50543       83.39270        0.00849        0.01158        0.97710       18.60000        0.75563        0.79810        0.93646        5.59709        0.00742        0.00314        0.04062        1.13822       85.00118        0.00881        0.01207       18.24521        0.43010        0.92202        1.13740        5.58707        0.00780        0.04247        0.00082      300.00000        0.33143
   42    1    1     1105.20312     1599.84256      681.47189        8.73305      207.06687        0.05237        0.01630        1.32005        5.40000        0.03154        0.46896        1.26561        3.50412        0.00289        0.00037        0.05437        0.54801      207.04146        0.05222        0.01642        5.44144        0.09377        1.16720        0.50514        3.50289        0.00290        0.01193        0.04287      300.00000        0.31956
   43    1    1     3293.26949     2490.97947      928.17623        5.00067       88.14526        0.00949        0.02846        0.72349       26.60000        1.12247        1.01451        0.72005        3.78832        0.00360        0.09787        0.00352        1.29057       65.58882        0.00524        0.02003       20.07692        0.54559        1.02015        1.27305       11.80342        0.03552        0.08280        0.01752      300.00000       47.08528
   44    1    1     2576.65393     1780.22629      807.83128        8.67205       89.97652        0.00989        0.00326        1.00983       19.60000        0.03411        0.74042        0.99414       17.74094        0.08012        0.09104        0.01569        0.11006       89.98250        0.00987        0.00322       19.61958        1.40841        0.35154        0.00877       17.74044        0.08336        0.00222        0.10129      300.00000        0.36137
   45    1    1     1966.56010    20771.47581     9607.03459        6.66136      137.18115        0.02298        0.02881        1.40381       10.60000       21.45588        0.33175        1.40281       16.89125        0.07128        0.00845        0.00101        7.41785      137.15896        0.02294        0.02878       10.77391        0.03902       15.73423        7.41749       16.88149        0.07107        0.00906        0.00036      300.00000        0.65454
   46    1    1     2256.35437     1499.20123      674.94594        4.43273       91.76650        0.01028        0.04206        0.92970        7.90000        0.04544        0.80650        0.92806        5.21176        0.00680        0.00407        0.00155        0.39144       93.44769        0.01065        0.03993        4.93589        0.01380        1.37831        0.38616        6.44051        0.01011        0.00063        0.00528      300.00000        3.90191
   47    1    1     1120.72312   170398.15855    71185.40435        8.75915      203.42376        0.05054        0.01533        0.23866       19.30000      171.28393        1.51536        0.21921        6.77682        0.01103        0.01348        0.01956       44.75003      203.28663        0.05042        0.01542       19.34536        0.04793      128.25210       44.71847        6.77646        0.01094        0.00151        0.03157      300.00000        0.04626
   48    1    1     4150.02812     5316.23961     2441.69500        4.78156       44.19604        0.00239        0.00805        0.99791       25.80000        4.43614        0.75513        0.97944        9.99616        0.02549        0.00008        0.01850        3.82271       50.38121        0.00310        0.01542       26.12192        0.25780        2.05196        3.82323       14.34235        0.05104        0.02316       -0.00052      300.00000        5.61209
   49    1    1     4043.34912     9310.96775     4095.76942        5.57648       71.47216        0.00624        0.01382        1.27712       21.70000        9.15510        0.49572        1.23884       11.90973        0.03366        0.00099        0.03817        3.99565       61.09435        0.00455        0.02310       15.63145        0.01903        6.90357        3.95379       12.43549        0.03662        0.00013        0.04186      300.00000       57.74740
   50    1    1     1964.42442     1458.53436      686.62815        0.50781       10.13831        0.00013        0.04856        0.49193       11.40000        0.00857        1.28180        0.45277        7.28777        0.01373        0.00011        0.03910        0.69242        1.70923        0.00000        0.04408       19.28338        0.02278        1.06390        0.65616        8.19750        0.01596        0.00567        0.03626      300.00000      167.79431
   51    1    1     2696.59147     1894.56236      723.95115        6.07898      101.26497        0.01252        0.02137        1.33472       32.30000        0.28521        0.40675        1.32782       15.50713        0.05847        0.00025        0.00687        0.36050      100.69000        0.01231        0.02061       32.59571        1.25998        0.40175        0.35902       15.50776        0.05901        0.00514        0.00148      300.00000        7.58055
   52    1    1     2139.83502    22897.18160    10069.42733        4.57833      103.05898        0.01297        0.04891        1.47056       41.20000       22.91294        0.29242        1.44214        9.97481        0.02556        0.00085        0.02841        9.02505       98.92458        0.01192        0.04108       49.40867        2.14094       13.53150        8.99758        6.51185        0.01089        0.00284        0.02747      300.00000        8.72615
   53    1    1     2188.09988     1631.30601      652.77669        5.32384      121.12895        0.01792        0.04530        1.49407       19.90000        0.02428        0.24493        1.48964       16.13026        0.06348        0.00995        0.00441        0.43997      121.18311        0.01786        0.04492       20.21910        0.02245        1.30684        0.42993       16.11889        0.06295        0.00495        0.01003      300.00000       18.63082
   54    1    1     1654.02184     1729.54423      841.19514        0.98545       22.23951        0.00060        0.06160        0.60232        8.70000        0.00413        1.14949        0.58507        9.73603        0.02416        0.00002        0.01725        0.22378       51.77484        0.00327        0.04560       20.98384        0.19987        1.33360        0.22410        8.72597        0.01880        0.01740       -0.00032      300.00000      124.03287
   55    1    1     2686.56939     1527.86947      559.62122        1.60206       18.49770        0.00042        0.01586        0.60969        6.10000        0.14628        1.15861        0.57596       10.58329        0.02886        0.00541        0.03370        0.36082       14.90710        0.00027        0.01876        5.59399        0.32339        1.21324        0.34297       10.30422        0.02554        0.02312        0.01785      300.00000      137.00472
   56    1    1     2307.42081     1780.62769      730.48842        5.93802      117.36946        0.01682        0.03089        0.40464        5.20000        0.28471        1.33515        0.39941       12.01383        0.03635        0.00106        0.00519        0.68786      113.72677        0.01576        0.03165        5.59373        0.67275        0.65903        0.68773       12.01543        0.03596        0.00660        0.00013      300.00000        7.25649
   57    1    1     2079.65292    80832.14058    33608.33842        8.69082      110.16776        0.01482        0.00480        0.91784       23.70000       83.33006        0.81801        0.91655       12.04411        0.03561        0.02320        0.00133        5.62374      110.25361        0.01484        0.00485       23.69353        0.28210       79.18060        5.60182       12.04325        0.03710        0.00112        0.02193      300.00000        0.87193
   58    1    1     1247.04107     2007.04129      542.70955        7.05819      218.06521        0.05808        0.05850        1.35248       22.80000        0.40968        0.38441        1.35015        8.25839        0.01670        0.01538        0.00235        0.62205      217.60661        0.05738        0.05865       23.03794        0.74007        0.78826        0.61649        8.25762        0.01661        0.01221        0.00556      300.00000        0.50217
   59    1    1     1649.94893     1747.89574      793.32746        0.21230        5.33214        0.00003        0.07701        1.32074       25.70000        0.06914        0.41445        1.32011        3.74094        0.00349        0.00136        0.00064        0.59470       11.75550        0.00017        0.05435       33.76906        0.36157        0.85677        0.59286        8.72296        0.01865        0.00001        0.00185      300.00000      170.60514
   60    1    1     2244.19517     1957.63765      504.51902        8.27842      110.12864        0.01481        0.00680        1.45521       22.60000        0.42175        0.28066        1.45391       18.82714        0.08862        0.03199        0.00123        0.58657      110.52390        0.01489        0.00690       22.55944        0.76339        0.80579        0.58704       18.82733        0.08801        0.03429       -0.00046      300.00000        1.09418
   61    1    1     1144.06148    17845.59489     7449.81987        3.31744      100.60912        0.01236        0.09997        0.25301       28.20000       18.08840        1.63667        0.09789       21.71388        0.10694        0.01988        0.15513        0.79566      148.17695        0.02670        0.25735       30.60297        0.79257       18.31932        0.63257        9.01288        0.01838        0.00723        0.16310      300.00000       51.41249
   62    1    1     1529.04048   903528.08601   329678.49837        0.85103       12.31954        0.00019        0.02541        0.03970       12.40000      855.99460        1.70072        0.03385        7.79142        0.01478        0.00014        0.00574      312.85359       46.96866        0.00269        0.19561       35.14361        0.11466      544.57525      312.84656       11.86340        0.03422        0.00000        0.00703      300.00000      154.50622
   63    1    1     2118.09274     5651.68780     2610.65951        1.76311       31.91394        0.00124        0.03877        1.07498       48.40000        4.63963        0.70910        1.02546        1.81676        0.00086        0.00476        0.04959        0.87118       67.67398        0.00558        0.04620       37.96601        2.42108        3.01882        0.86885       14.43822        0.05224        0.05424        0.00233      300.00000       79.63946
   64    1    1     1568.46297     3382.43089     1501.25165        0.17384        4.53930        0.00003        0.08325        0.46092       26.20000        2.10715        1.27525        0.45931        7.48712        0.01375        0.00012        0.00166        1.27975       11.72704        0.00017        0.06124       19.78557        0.01957        2.54845        1.28026       10.83318        0.02904        0.00225       -0.00051      300.00000      174.99425
   65    1    1     3157.48669   249716.93477    99314.58437        6.10555       88.68675        0.00961        0.01616        0.21513       26.50000      248.56818        1.52554        0.20903        8.82179        0.01962        0.00670        0.00609        8.93230       88.55618        0.00958        0.01587       26.64453        0.05633      241.32576        8.92067        8.89666        0.02008        0.00104        0.01163      300.00000       11.51197
   66    1    1     1700.53185   212788.75320    87342.15131        5.32103      150.66787        0.02773        0.07020        0.35879       38.80000      211.77370        1.38628        0.34829       11.39634        0.03145        0.06724        0.01043        9.09050      154.81977        0.02925        0.07301       37.26205        0.07990      204.40978        9.01524       11.07355        0.03219        0.00059        0.07526      300.00000       14.15850
   67    1    1     2106.15858     1638.45965      679.37461        0.93484       16.63004        0.00034        0.03831        0.36153       10.50000        0.02687        1.37382        0.36075        8.77347        0.01892        0.05238        0.00083        0.77540       22.24281        0.00060        0.03888       10.46422        0.18575        0.79248        0.75449       13.87974        0.04924        0.02981        0.02091      300.00000      138.07611
   68    1    0     3239.78022  1051329.91856   394135.11025        4.39610       44.75232        0.00245        0.01021        0.54135       17.30000      974.48131        1.24627        0.48830       18.35355        0.08763        0.00059        0.05310      256.03247        0.00000        0.00000        0.00000       57.60774        0.01097      720.32614      256.03247        0.00000        0.00000        0.00000        0.00000      300.00000        0.00000
   69    1    1     1379.83802     2060.96463      488.19216        2.28769       64.06517        0.00501        0.09077        1.67316       27.20000        0.48313        0.07501        1.65955        7.88436        0.01501        0.00227        0.01364        1.35797       66.57206        0.00540        0.10775       28.60113        0.75371        0.10689        1.34045        7.01901        0.01256        0.00009        0.01752      300.00000       88.38991
   70    1    1     3259.26779     3221.92368     1389.24409        3.26966       50.05974        0.00306        0.02557        1.65766       20.80000        2.04026        0.07696        1.65760       12.12935        0.03626        0.00005        0.00005        1.59857       48.40599        0.00286        0.00838       15.83775        0.09911        2.06943        1.59827       15.79791        0.06146        0.00000        0.00030      300.00000       52.90102
   71    1    1     2722.66151     5519.53711     2488.06859        8.21467       89.63352        0.00981        0.00473        0.36715       23.20000        4.45722        1.36818        0.36638       21.48907        0.11528        0.01241        0.00078        1.72178       89.50447        0.00977        0.00482       23.18013        2.00964        2.46221        1.71992       21.48678        0.11558        0.01098        0.00187      300.00000        3.27553
   72    1    1     1998.79344     1476.94894      642.00429        8.35080      123.38958        0.01859        0.00807        0.12364        8.50000        0.02452        1.65919        0.07538        5.86862        0.00894        0.00162        0.04831        0.57630      123.61464        0.01866        0.00820        8.21017        0.00896        1.22158        0.52830        5.86823        0.00894        0.00193        0.04800      300.00000        0.40583
   73    1    1     1657.11795     1681.11060      792.12600        8.98659      126.54431        0.01956        0.00466        1.67435       16.80000        0.02669        0.08824        1.64633        9.48435        0.02310        0.00175        0.02809        0.06279      126.48306        0.01954        0.00459       16.87196        1.49889        0.22412        0.03837        9.48399        0.02305        0.00537        0.02442      300.00000        0.62680
   74    1    1     2140.39117     4249.44732     1862.85219        3.99525       76.79250        0.00720        0.03792        0.17013       21.60000        3.02939        1.56447        0.17009       14.25865        0.05012        0.02420       -0.00005        0.39685       77.65175        0.00736        0.05135       24.47310        3.39108        0.95578        0.39230       15.41457        0.05977        0.02126        0.00455      300.00000       25.70979
   75    1    1     1446.29594     3196.00672     1467.75376        7.88826      180.81715        0.03993        0.02424        0.37026       34.00000        1.79879        1.36497        0.36959        5.73197        0.00820        0.00063        0.00068        1.28068      181.06719        0.04000        0.02436       33.95404        0.80028        1.45184        1.28108        5.72930        0.00811        0.00175       -0.00040      300.00000        0.16497
   76    1    1     2196.94370     2646.36438      886.37971        5.85168      121.23002        0.01795        0.03447        1.02167       35.80000        1.15037        0.72700        1.00756        9.20211        0.02043        0.00188        0.01407        1.01004      123.87848        0.01864        0.03511       35.19290        1.20393        0.68432        0.99439        9.41913        0.02138        0.00036        0.01566      300.00000        8.16541
   77    1    1     1747.95014     1564.44519      701.99158        1.18366       26.34183        0.00085        0.05964        0.21790        2.10000        0.01003        1.51967        0.21490        3.50990        0.00301        0.00480        0.00300        0.16845       24.47561        0.00073        0.04199       18.85696        0.01858        1.57978        0.16573        1.74719        0.00077        0.00560        0.00273      300.00000      142.75458
   78    1    1     4393.73593     2674.62674     1164.74066        5.13953       62.01427        0.00470        0.01308        1.58251       11.20000        1.12188        0.16202        1.57254       22.51066        0.12833        0.02866        0.01005        0.47731       54.62836        0.00363        0.00960       14.44861        0.22783        2.16236        0.46898       22.59546        0.12393        0.03653        0.00833      300.00000       28.60389
   79    1    1     4550.51629     1732.14808      791.91716        3.53555       31.40622        0.00120        0.00843        1.26757       38.30000        0.08272        0.48495        1.24962        7.43201        0.01328        0.01193        0.01794        0.98867       22.75356        0.00063        0.00568       38.46509        0.11558        0.72935        0.96375       10.32997        0.02553        0.00470        0.02492      300.00000       73.83568
   80    1    1     1215.69307    35227.20770    15170.31556        8.91815      179.75946        0.03947        0.01016        1.52289       14.60000       36.14057        0.21790        1.51667        5.48705        0.00733        0.00564        0.00626        2.98679      179.57756        0.03936        0.01028       14.59862        2.01395       32.88623        2.97485        5.49193        0.00729        0.00006        0.01193      300.00000        0.11747
   81    1    1     2253.54630     5323.59931     2677.04056        7.31107      121.69736        0.01809        0.01575        0.73042        9.20000        4.36197        1.01214        0.72243       16.40916        0.06538        0.00047        0.00805        2.73196      120.77149        0.01779        0.01535        9.86080        0.28237        3.08724        2.72760       16.40926        0.06571        0.00380        0.00436      300.00000        1.97268
   82    1    1     5288.64687    14678.56091     6789.64463        4.71313       17.27564        0.00036        0.00128        0.64647       25.40000       14.92174        1.08943        0.64513       12.15097        0.03624        0.00000        0.00132        1.96992       31.95211        0.00124        0.06343       15.07194        0.05363       14.59468        1.96816        7.05353        0.01245        0.00022        0.00176      300.00000       99.65204
   83    1    1     1923.72814     2151.03895      737.76941        2.61388       64.99338        0.00516        0.07035        1.53326       19.10000        0.67982        0.20095        1.53361        6.45837        0.01037        0.00007       -0.00038        1.02040       61.85086        0.00466        0.03893       16.13951        0.58276        0.82568        1.02073       10.45745        0.02718        0.00036       -0.00033      300.00000       62.55438
   84    1    1     2172.45744     1603.67569      607.36766        6.11164      126.75806        0.01962        0.03291        0.74671        9.10000        0.01891        1.09192        0.64264        5.37528        0.00766        0.01555        0.10404        0.21812      126.70253        0.01956        0.03332        8.80470        0.04459        1.51452        0.19411        5.33983        0.00683        0.09635        0.02401      300.00000        9.09504
   85    1    1     2241.34787     1928.76535      486.00467        8.01765      116.00757        0.01644        0.00913        0.95872       14.20000        0.51992        0.77769        0.95687        5.63246        0.00794        0.01954        0.00191        1.24823      115.94237        0.01638        0.00938       14.03619        0.40464        0.61969        1.22992        5.63214        0.00763        0.00345        0.01831      300.00000        0.44697
   86    1    1     1122.83474    78356.41321    30926.52585        7.14056      239.75255        0.07020        0.06748        0.56956       12.80000       80.42931        1.16450        0.57006       13.56338        0.04549        0.00086       -0.00042       22.57777      239.51572        0.06998        0.06784       12.80964        0.00896       59.57701       22.57771       13.56469        0.04583        0.00001        0.00006      300.00000        0.27447
   87    1    1     7830.34414     1626.05199      617.52724        1.39896       25.96416        0.00082        0.04125        0.86016       13.90000        0.15750        0.87625        0.85831        5.16024        0.00667        0.02585        0.00185        1.61287       26.97544        0.00089        0.01827        3.63565        0.03204        0.26229        1.58819       12.49019        0.03733        0.00482        0.02468      300.00000      100.57260
   88    1    1     1312.41725     1731.11069      711.73608        6.84082      207.27175        0.05247        0.05965        1.65542       14.60000        0.03613        0.08341        1.65115       13.66388        0.04557        0.00146        0.00422        1.24966      208.09084        0.05270        0.05967       14.43116        0.04111        0.48384        1.24548       13.66425        0.04694        0.00018        0.00418      300.00000        1.56905
   89    1    1     1208.39383     8808.92318     4028.34797        8.55399      197.49069        0.04763        0.01747        0.40525       20.10000        8.48002        1.33528        0.39928        2.16176        0.00118        0.05507        0.00595        4.93683      197.63207        0.04755        0.01762       20.05478        0.02474        5.28686        4.90291        2.15990        0.00111        0.02720        0.03392      300.00000        0.23946
   90    1    1     1674.24909     1655.63620      693.24954        3.63958      108.14342        0.01428        0.09354        0.07263       12.80000        0.01134        1.66944        0.06512        6.41453        0.01000        0.00010        0.00755        0.98692      111.12525        0.01506        0.08198       19.41806        0.02157        0.74807        0.98719        6.40118        0.01019        0.00755       -0.00027      300.00000        3.10457
   91    1    1     1556.41368     2356.15820      865.34331        3.36656       92.83503        0.01053        0.08235        1.46212       45.00000        0.97374        0.29957        1.43500        6.68112        0.01146        0.00007        0.02710        1.83695       87.11441        0.00925        0.05267       51.42383        0.41964        0.49455        1.82782        6.00069        0.00911        0.01766        0.00913      300.00000       61.68982
   92    1    1     1615.97041     1779.53298      755.68322        5.56078      161.94207        0.03203        0.07155        0.73260        7.10000        0.01603        1.00171        0.73285       15.95142        0.06327        0.00665       -0.00018        0.48776      163.23266        0.03249        0.07254        6.58586        0.04044        1.22237        0.48744       15.81313        0.06235        0.00590        0.00032      300.00000       11.07355
   93    1    1     1750.30219     1721.75710      759.84600        7.22814      155.64541        0.02959        0.02704        0.70573       18.70000        0.15403        1.03180        0.70276        6.29614        0.00995        0.02260        0.00296        1.60310      156.33070        0.02973        0.02752       18.36656        0.05532        0.23000        1.60263        6.29325        0.00975        0.02532        0.00047      300.00000        1.31550
   94    1    1     2502.29060     1642.81635      683.75272        5.75447      110.14335        0.01482        0.02993        0.80190       36.10000        0.25841        0.94852        0.78604        6.22228        0.00933        0.00010        0.01588        0.32513      112.01514        0.01527        0.03232       34.96948        0.15199        1.51338        0.32358        6.59062        0.01087        0.01405        0.00155      300.00000       19.12258
   95    1    1     1465.00817     1625.83273      618.68430        3.54738       97.20247        0.01154        0.08016        0.46729       17.30000        0.10805        1.27894        0.45562        6.62539        0.01062        0.00183        0.01166        0.80080       93.75571        0.01072        0.08601       16.19264        0.52848        0.51958        0.79291        5.58245        0.00787        0.00497        0.00790      300.00000       53.45981
   96    1    1     5844.29409     1535.06363      689.03091        0.94005       10.61032        0.00014        0.01542        0.21448        7.50000        0.09797        1.51967        0.21490        4.63723        0.00534        0.01893       -0.00044        0.76059        8.44703        0.00009        0.00108       11.99571        0.17650        0.90307        0.75333        8.72282        0.01849        0.01214        0.00726      300.00000      133.60385
   97    1    1     1153.08043     2293.49880     1071.93368        7.40326      233.11631        0.06637        0.05473        0.16176       17.10000        0.63599        1.57596        0.15860        5.91554        0.00856        0.02988        0.00323        1.29151      232.77453        0.06582        0.05572       16.78451        0.09155        0.99700        1.28145        5.92072        0.00849        0.02315        0.01006      300.00000        0.22061
   98    1    1     2201.40551     1465.09292      598.46867        0.31338        4.94522        0.00003        0.03038        0.43595        5.70000        0.00178        1.30869        0.42588        2.86243        0.00199        0.00684        0.01008        0.53769        8.42317        0.00009        0.02933       11.31592        0.03755        1.17028        0.52552        4.27667        0.00464        0.00608        0.01218      300.00000      165.02175
   99    1    1     2183.69034     2291.67183     1125.47430        1.18739       22.42585        0.00061        0.04295        0.16034        7.50000        0.64359        1.60113        0.13344       11.42405        0.03349        0.02243        0.02684        0.34547       11.96551        0.00017        0.02752       14.25170        0.18014        1.85770        0.34549       13.13898        0.04256        0.05097       -0.00002      300.00000      145.36013
  100    1    1     1882.47581     1540.64434      559.31536        8.08969      134.40219        0.02206        0.01165        1.30462       21.30000        0.08776        0.44976        1.28480        7.40755        0.01401        0.00071        0.01985        1.07713      134.49712        0.02206        0.01181       21.21305        0.13722        0.62223        1.06269        7.40987        0.01396        0.00616        0.01444      300.00000        1.21253
