    1    1    1     1884.16360     1808.53268      688.65517        1.43687       25.13389        0.00077        0.03660        0.40256        8.80000        0.28746        1.39272        0.34184       18.35327        0.08792        0.00590   -33197.32315        1.23655       19.75074        0.00048        0.04089        5.27652        0.02445        0.83258        1.16143       18.30094        0.07808        0.00091        0.07512      300.00000      138.88088
    2    1    1     1583.62889     1647.28642      618.26810        2.37551       46.24099        0.00261        0.04367        1.51268       32.30000        0.05216        0.22192        1.51264       17.60937        0.07722        0.02443       -0.00001        1.34712       57.11068        0.00396        0.16007       24.84204        0.15220        0.24322        1.32826       10.79192        0.02799        0.00014        0.01886      300.00000       98.45838
    3    1    1     1346.79966     1682.02380      668.19352        7.11635      201.68841        0.04968        0.04842        0.82069        8.90000        0.26747        0.91333        0.82124        8.17267        0.01656        0.01096       -0.00051        1.30972      201.45956        0.04947        0.04802        9.58743        0.16748        0.52887        1.30633        8.17251        0.01632        0.00723        0.00339      300.00000        0.89933
    4    1    1     2164.74540     2882.42402     1232.16585        3.47600       70.70528        0.00611        0.04443        0.24873       16.10000        1.42485        1.50058        0.23398       10.55616        0.02687        0.03524        0.01475        2.72911       72.84674        0.00645        0.04030       21.25506        0.20507        0.27032        2.69330        9.17303        0.02171        0.01385        0.03581      300.00000       43.28185
    5    1    1     2021.28859     5021.23037     1908.24213        2.72765       72.14604        0.00636        0.07909        1.13791       24.20000        4.05437        0.62792        1.10664        8.06502        0.01550        0.00037        0.03116        1.99189       72.08122        0.00633        0.03948       31.86095        0.66393        3.19717        1.97283        6.82874        0.01190        0.01081        0.01907      300.00000       35.53440
    6    1    1     3691.11369     2144.64706      867.73445        4.92708       68.94429        0.00581        0.01811        1.48462       11.60000        0.94550        0.24952        1.48505        8.04526        0.01601        0.00407       -0.00052        1.61475       53.68486        0.00352        0.01283       14.88279        0.52216        0.55018        1.61154        8.96954        0.02019        0.00001        0.00321      300.00000        2.26844
    7    1    1     1620.04033    53574.73028    23332.70238        6.17298      164.73078        0.03314        0.05383        0.70378       15.60000       55.06288        1.03131        0.70325       10.75027        0.02843        0.00263        0.00060       46.13160      164.95701        0.03323        0.05357       15.41145        0.04163       10.62417       46.13197       10.72941        0.02843        0.00337       -0.00037      300.00000        3.05335
    8    1    1     1673.90153     1945.25527      677.85295        6.44003      161.46390        0.03184        0.04493        0.97152       47.60000        0.36939        0.76747        0.96710        8.50864        0.01767        0.01274        0.00438        0.67210      161.25655        0.03161        0.04572       47.58581        0.40596        1.04318        0.65476        8.40088        0.01698        0.00000        0.01734      300.00000        2.02097
    9    1    1     5443.10572     3329.46866     1420.55854        5.78643       62.75248        0.00481        0.00955        1.38796       19.70000        2.26344        0.34604        1.38853        4.12351        0.00421        0.05928       -0.00059        2.44617       74.71318        0.00679        0.01942       10.37696        0.35109        1.23817        2.39473        4.24020        0.00424        0.00944        0.05144      300.00000      162.74949
   10    1    1     2349.38794     1686.45030      583.11341        3.98631       84.47303        0.00872        0.04613        1.09654        6.80000        0.18962        0.66540        1.06916       10.41468        0.02784        0.03862        0.02732        1.29251       89.88472        0.00987        0.03547        9.41341        0.12963        0.56417        1.23502       11.20119        0.02948        0.01176        0.05750      300.00000        7.09439
   11    1    1     1989.06217     1473.16198      578.53006        0.98422       16.47694        0.00033        0.03390        1.03221        9.40000        0.03995        0.70185        1.03272       12.21334        0.03693        0.00508       -0.00056        0.31134       34.01025        0.00141        0.06676       11.22492        0.01257        1.43145        0.31077        9.34858        0.02149        0.00523        0.00057      300.00000      130.14720
   12    1    1     2020.41630     1815.14748      691.83851        8.95491      106.46941        0.01384        0.00342        1.09438       18.20000        0.52354        0.64356        1.09100        1.69283        0.00070        0.00210        0.00329        0.97075      106.29708        0.01379        0.00333       18.28387        0.09265        1.19750        0.96812        1.69076        0.00070        0.00285        0.00263      300.00000        0.18822
   13    1    1     1891.48018     2080.43225      910.60415        0.72767       13.28796        0.00022        0.04051        0.11346       24.70000        0.56860        1.63860        0.09596        3.47889        0.00291        0.00072        0.01751        1.08994       51.12249        0.00318        0.05602       18.51516        0.02908        1.18252        1.07050        3.59297        0.00330        0.00099        0.01944      300.00000      120.64745
   14    1    1     2738.18487     1795.91582      662.92135        5.11141       96.04098        0.01127        0.03185        1.58262       11.20000        0.11753        0.15675        1.57782       22.22593        0.12046        0.00421        0.00488        1.65286       89.04012        0.00965        0.04176        8.25136        0.12641        0.07165        1.65155       21.66271        0.11733        0.00503        0.00131      300.00000       44.17238
   15    1    1     2366.39491     1606.69311      685.97183        8.38450      105.35606        0.01356        0.00573        0.47109        4.20000        0.24854        1.31198        0.42259        2.26199        0.00133        0.01078        0.04852        1.46828      105.65543        0.01361        0.00553        4.64570        0.03690        0.51556        1.43083        2.27994        0.00134        0.02178        0.03744      300.00000        1.40992
   16    1    1     2022.15694     1684.19799      614.91478        4.22103       83.07438        0.00843        0.03888        0.81534       11.60000        0.14227        0.96415        0.77042       12.86011        0.03910        0.00692        0.04484        0.80533       72.94546        0.00649        0.06170        6.59803        0.64768        0.45976        0.76264       10.15099        0.02668        0.00745        0.04268      300.00000       37.55864
   17    1    1     1315.49778     1695.76814      558.21991        7.89720      197.18960        0.04749        0.02866        1.55979       20.90000        0.22716        0.18402        1.55055       11.48253        0.03197        0.01969        0.00918        1.29369      197.11656        0.04741        0.02866       20.94341        0.25466        0.42678        1.28038       11.48237        0.03349        0.01410        0.01331      300.00000        0.71644
   18    1    1     1460.74372     6005.41585     2906.81758        0.78681       20.43502        0.00051        0.08187        1.56679       33.40000        4.85715        0.16879        1.56577        3.61365        0.00321        0.01796        0.00108        1.19787       25.84146        0.00081        0.10123       24.06171        0.44271        4.91580        1.18218       11.95611        0.03445        0.00344        0.01570      300.00000      155.60386
   19    1    1     2726.97012     4836.65366     1633.63215        2.48699       34.04557        0.00142        0.02147        0.85642       41.50000        3.85249        0.87760        0.85697        4.56425        0.00516        0.00922       -0.00057        2.53080       52.43131        0.00335        0.02371       41.25258        1.34340        1.71512        2.52596        3.67497        0.00340        0.00400        0.00484      300.00000       60.85165
   20    1    1     2064.56567     1763.54233      792.32471        3.93510       87.52388        0.00936        0.05106        1.70579       15.50000        0.20551        0.02979        1.70478        3.92889        0.00386        0.00957        0.00094        0.20753       70.89188        0.00612        0.03371       15.98072        1.19852        0.54463        0.19795        9.81637        0.02439        0.00002        0.00958      300.00000       37.42731
   21    1    1     1777.36003     1782.04172      782.34560        8.03656      145.17985        0.02574        0.01411        0.57504       22.00000        0.25704        1.16324        0.57133        8.39726        0.01772        0.01329        0.00365        1.58739      145.12399        0.02569        0.01422       21.98115        0.08119        0.32553        1.58484        8.39688        0.01726        0.01491        0.00255      300.00000        0.15487
   22    1    1     2260.95327     4279.60070     1928.22830        1.86283       25.66723        0.00080        0.02238        0.23790       12.40000        3.18473        1.51331        0.22125       17.60641        0.07897        0.00081        0.01663        4.26642       34.34447        0.00144        0.02290       11.88126        0.07069        0.58978        4.25704       17.52401        0.07446        0.01323        0.00938      300.00000      122.74240
   23    1    1     4833.58442     4649.32115     2133.69660        5.28628       30.51844        0.00114        0.00293        0.33838       31.00000        3.52599        1.39582        0.33874        6.64469        0.01091        0.00094       -0.00034        0.95183       43.60768        0.00231        0.02357       36.46105        3.65981        0.62487        0.95239        7.13166        0.01262        0.00110       -0.00056      300.00000       52.01384
   24    1    1     3685.57444     2848.98550     1117.67331        2.19963       40.25781        0.00198        0.03893        0.47530       13.40000        1.57279        1.25893        0.47564       13.33540        0.04395        0.00277       -0.00045        1.02470       50.21664        0.00308        0.01797       15.86399        0.42071        1.84759        1.02515       17.71019        0.07757        0.00303       -0.00046      300.00000       48.72662
   25    1    1     2717.73242     3235.79409      604.75348        2.44105       39.99455        0.00195        0.03083        1.27087       32.70000        1.94320        0.51287        1.22169       11.09493        0.02904        0.01081        0.04919        1.94888       42.65711        0.00221        0.01553       37.19046        1.44461        0.35587        1.89098       11.11097        0.03218        0.00029        0.05791      300.00000       73.57336
   26    1    1     2542.79122   107001.20325    43308.68549        5.50335      117.63601        0.01690        0.03890        0.32460       25.60000      108.91744        1.43667        0.29789       10.88674        0.02832        0.00613        0.02674       35.82051      118.31220        0.01707        0.04419       25.43015        0.20432       74.62687       35.82097        9.70559        0.02336        0.03262       -0.00046      300.00000       48.22111
   27    1    1     2661.89806     1706.77964      816.02884        5.87683      101.14528        0.01249        0.02368        1.55413       25.50000        0.03296        0.20718        1.52738        2.65356        0.00168        0.01993        0.02684        0.80022      104.75636        0.01335        0.02563       24.91172        0.03231        0.94539        0.78828        1.32842        0.00045        0.03471        0.01193      300.00000       12.96991
   28    1    1     1563.22068   370638.80520   147420.47666        4.85914      145.50152        0.02586        0.08365        0.63202       30.80000      366.45181        1.10208        0.63249       16.62467        0.06833        0.05670       -0.00044       66.07607      148.07962        0.02675        0.08566       29.78872        0.08959      302.04790       66.07342       12.39874        0.03762        0.05699        0.00265      300.00000        2.46066
   29    1    1     4041.42451     1617.57443      794.35237        7.72155       65.23656        0.00520        0.00352        1.22503       25.00000        0.07690        0.51614        1.21843        2.62831        0.00174        0.01234        0.00663        0.54509       64.87802        0.00514        0.00357       24.96817        0.10243        1.16413        0.54482        2.64747        0.00173        0.01879        0.00027      300.00000        0.91080
   30    1    1     2008.05329     1518.00739      592.43635        3.39891       64.06649        0.00501        0.03838        0.59729       20.70000        0.05552        1.14521        0.58935        7.57098        0.01448        0.01158        0.00795        0.65566       62.45079        0.00476        0.06518       26.07886        0.08194        1.05313        0.64162        2.43817        0.00151        0.00532        0.01404      300.00000       59.70736
   31    1    1     1432.88376     1649.02778      630.38025        8.69696      161.76842        0.03196        0.01029        1.07939       36.00000        0.10548        0.65921        1.07535       12.58457        0.03867        0.01233        0.00403        0.58700      161.80654        0.03197        0.01049       35.95344        0.24754        1.01845        0.57389       12.58373        0.03825        0.00365        0.01311      300.00000        0.05103
   32    1    1     2496.84737   498955.86291   190178.66594        7.10292      108.56775        0.01440        0.01414        1.14545       35.00000      485.59595        0.58974        1.14483        5.63890        0.00782        0.00162        0.00062       53.53075      108.64410        0.01442        0.01391       35.05884        0.05957      433.74029       53.53122        5.58961        0.00776        0.00265       -0.00047      300.00000        0.66432
   33    1    1     1472.42020     1762.26318      611.98185        0.54296       15.55664        0.00030        0.09997        1.65097       17.80000        0.23631        0.08673        1.64783        9.57834        0.02303        0.05591        0.00317        0.90783       53.24423        0.00346        0.07435       30.35890        0.19659        0.95540        0.86045        3.92577        0.00364        0.01195        0.04738      300.00000      123.62355
   34    1    1     2901.26625    23706.27579    11351.03458        5.86441      100.67496        0.01238        0.02361        0.01048       13.60000       25.16820        1.72516        0.00941        7.48707        0.01401        0.00038        0.00116       18.94769      102.98857        0.01294        0.02675       11.96095        0.05488        7.89754       18.94683        7.45318        0.01387        0.00058        0.00086      300.00000       32.66876
   35    1    1     5187.43370     4282.75872     1362.78784        0.40975        8.14311        0.00008        0.04815        1.14676       19.90000        3.25002        0.60946        1.12511       21.36103        0.10944        0.00110        0.02160        1.71342       21.30052        0.00055        0.03449       28.84029        1.04202        2.24121        1.69730       22.41125        0.12099        0.01234        0.01612      300.00000      115.54146
   36    1    1     3829.18987     1799.83858      545.78114        6.59558       74.00855        0.00669        0.00869        1.27651       21.10000        0.36198        0.46049        1.27407       13.77857        0.04648        0.01434        0.00246        1.18010       75.26360        0.00691        0.00773       21.43781        0.71325        0.20353        1.18051       13.77865        0.04716        0.01650       -0.00042      300.00000        9.12923
   37    1    1     7385.61188     1921.36136      636.32049        6.48839       34.15547        0.00142        0.00196        1.22946       18.10000        0.52277        0.54323        1.19133        3.69354        0.00352        0.00006        0.03807        0.99918       32.89643        0.00132        0.00190       18.14683        0.83915        0.43130        0.98699        3.72675        0.00352        0.02607        0.01219      300.00000       14.17222
   38    1    1     1646.09789    73434.42779    29234.94314        6.07323      160.18864        0.03134        0.05363        0.73069       33.10000       74.37054        1.01155        0.72302        6.95976        0.01223        0.02553        0.00767       20.08923      162.15899        0.03209        0.05440       32.56134        0.17928       55.84003       20.08465        6.91226        0.01165        0.02884        0.00458      300.00000        3.32541
   39    1    1     2941.02130     1694.71217      813.48572        5.30523       93.58393        0.01070        0.02731        0.30722        9.80000        0.07006        1.43066        0.30391       11.93364        0.03576        0.00110        0.00326        0.10723      104.86899        0.01341        0.03812       16.18633        0.54442        1.16035        0.10773        7.45333        0.01376        0.00553       -0.00050      300.00000       50.37931
   40    1    1     4001.42440     6588.51639     2665.42364        5.24722       75.89514        0.00703        0.01852        1.11572       27.60000        5.84807        0.61899        1.11557       17.83603        0.07926        0.00953        0.00016        1.11243       79.45254        0.00769        0.01846       28.01205        4.70827        1.76388        1.10943       17.89788        0.08039        0.00602        0.00300      300.00000       78.00558
   41    1    1     1286.14896   139052.98189    57438.23191        0.07000        1.34363        0.00000        0.04499        1.06781       34.00000      140.21607        0.66628        1.06829        6.21589        0.00956        0.00052       -0.00054       53.56716       19.03944        0.00044        0.19606       52.87978        0.37027       87.82711       53.55678       13.20317        0.04416        0.00005        0.01038      300.00000      173.70316
   42    1    1     2583.04661   218478.06588    86734.15736        6.37866      107.25888        0.01405        0.02048        1.06771       31.30000      217.88550        0.66628        1.06829       11.92926        0.03525        0.00610       -0.00049      169.68660      106.20824        0.01377        0.01984       31.41237        0.02365       49.91439      169.68410       11.78112        0.03480        0.00221        0.00250      300.00000        5.80283
   43    1    1     2671.64502     1553.50964      601.66110        2.46728       38.43857        0.00180        0.02784        1.43431       16.90000        0.04415        0.37583        1.35874        2.30065        0.00123        0.02271        0.07550        0.50138       38.78703        0.00183        0.01595       21.14983        0.35334        0.99152        0.44034        4.65471        0.00508        0.03877        0.06105      300.00000       93.52268
   44    1    1     1909.75431     1520.47711      607.15141        2.19273       54.76704        0.00366        0.07253        0.48848        6.20000        0.01120        1.31906        0.41550        3.27813        0.00251        0.01325        0.07299        1.32149       27.98164        0.00095        0.03763       25.37790        0.24476        0.20622        1.30247       11.23849        0.03224        0.06740        0.01902      300.00000      106.12328
   45    1    1     2622.39074     3266.92855     1098.79218        3.37938       63.67375        0.00495        0.03841        0.61812       31.10000        1.99531        1.12558        0.60898        8.73231        0.01849        0.03929        0.00922        1.05263       71.53008        0.00624        0.02071       34.16790        1.82116        0.90751        1.01182       10.00608        0.02372        0.00819        0.04081      300.00000       27.60513
   46    1    1     7104.39437    55144.72272    22996.50056        6.17657       53.05764        0.00344        0.00557        0.47399       24.00000       56.58402        1.27057        0.46399        1.25052        0.00040        0.00353        0.01003       34.67865       46.30316        0.00262        0.00673       24.72276        0.20348       23.42608       34.67597        7.23800        0.01282        0.01115        0.00268      300.00000      107.56828
   47    1    1     4680.73872     1599.51178      694.22364        1.62735       14.99591        0.00027        0.01010        0.70010       16.60000        0.13875        1.04519        0.68937       10.53329        0.02686        0.00626        0.01077        0.65226       19.15102        0.00045        0.00510       20.28109        0.04940        1.17865        0.65242        9.92884        0.02433        0.01736       -0.00016      300.00000       98.43882
   48    1    1     1667.35950     3131.97173     1215.75379        6.22261      157.53521        0.03031        0.04797        1.14435       22.00000        1.96163        0.59241        1.14215        8.88773        0.01935        0.00050        0.00227        1.62931      159.29999        0.03092        0.05091       20.26031        1.25742        0.80545        1.62963        8.89999        0.01968        0.00284       -0.00032      300.00000        1.24574
   49    1    1     1713.02070     1804.46158      706.71182        7.78779      152.09489        0.02825        0.01833        0.37162       19.80000        0.33772        1.36246        0.37210        9.68487        0.02321        0.00910       -0.00044        0.78600      151.92340        0.02817        0.01802       20.03357        0.37008        0.91732        0.78538        9.68138        0.02305        0.00807        0.00062      300.00000        1.00079
   50    1    1     1998.31846     2736.15070      593.30067        3.49066       85.08082        0.00884        0.06372        1.14147       36.20000        1.36626        0.63381        1.10076        5.29558        0.00665        0.07443        0.04058        1.26979       61.35129        0.00459        0.03235       31.83345        1.31726        0.58189        1.18932       14.59749        0.05604        0.03326        0.08047      300.00000       57.33700
   51    1    1     2431.97734    10054.92446     4475.64548        0.61582        7.45709        0.00007        0.01784        0.59008       25.30000       10.06183        1.15297        0.58159       10.61011        0.02846        0.00046        0.00852        4.36715       32.84531        0.00132        0.03988       34.96939        1.64684        5.75761        4.36769        8.69603        0.01872        0.02019       -0.00054      300.00000      134.45319
   52    1    1     1184.05210     6532.08739     3133.24616        8.55343      202.94688        0.05030        0.01845        0.16514       16.40000        5.77531        1.56973        0.16483        3.25474        0.00261        0.02181        0.00031        3.45363      202.84486        0.05017        0.01844       16.52778        1.02893        3.03345        3.44770        3.24967        0.00257        0.01618        0.00594      300.00000        0.37890
   53    1    1     2094.43973     1477.05702      637.89583        1.07586       19.15394        0.00045        0.03826        0.72882        2.80000        0.01632        1.01040        0.72416        8.62748        0.01873        0.00314        0.00463        0.62232       23.95066        0.00070        0.04515        5.80212        0.03869        1.09276        0.62139        6.46356        0.01043        0.00607        0.00093      300.00000      132.95297
   54    1    1     1885.54703     1528.60073      605.55869        2.36669       59.77816        0.00436        0.07355        1.02368        3.50000        0.03936        0.73982        0.99475        2.22366        0.00118        0.01203        0.02894        0.30796       61.67063        0.00463        0.04643       17.77930        0.02355        1.48384        0.28366        6.77561        0.01099        0.01660        0.02430      300.00000       61.57955
   55    1    1     1996.61812    12206.84514     5759.12242        2.06080       31.74889        0.00123        0.02776        0.41415        6.90000       12.48622        1.32091        0.41365        5.78126        0.00834        0.03043        0.00050        8.15171       27.55316        0.00092        0.05651       14.73363        0.34952        5.68640        8.15180       12.83824        0.04065        0.00330       -0.00009      300.00000      125.13597
   56    1    1     1277.58633   765873.42766   282936.86313        4.19946      116.25412        0.01651        0.07709        0.57622       20.10000      732.11909        1.15832        0.57625        7.77946        0.01506        0.00207       -0.00007      395.05709      131.81572        0.02121        0.11932       31.37715        0.86112      337.90064      395.05727        3.75485        0.00348        0.00133       -0.00018      300.00000       50.95235
   57    1    1     5676.10558     2888.41249     1130.67537        2.69916        9.69201        0.00011        0.00146        0.53873       28.50000        1.58705        1.29354        0.44103        6.40873        0.00949        0.00020        0.09771        1.59841       24.04671        0.00071        0.01292       20.53932        0.70164        1.00288        1.57965       11.97011        0.03656        0.07748        0.01875      300.00000      121.91346
   58    1    1     1538.12216     1573.09976      619.00183        6.04095      171.96154        0.03612        0.06285        0.24724       12.80000        0.06846        1.48884        0.24573        5.79254        0.00839        0.00154        0.00151        0.48038      169.85856        0.03523        0.06073       14.86135        0.10362        1.22451        0.47779        5.85198        0.00838        0.00058        0.00259      300.00000        2.20445
   59    1    1     2048.09866     2065.35845      740.20862        7.40727      135.43177        0.02240        0.01843        0.59662       14.30000        0.72588        1.13796        0.59660       12.77908        0.04025        0.03400       -0.00003        0.71555      134.88399        0.02218        0.01806       14.71536        0.57572        1.18458        0.70076       12.77912        0.04154        0.01790        0.01479      300.00000        3.55396
   60    1    1     1647.96538     1961.81738      757.19876        5.03575      158.17626        0.03056        0.08994        0.68037        7.80000        0.48231        1.05655        0.67802        5.79251        0.00841        0.00062        0.00237        0.29792      157.50591        0.03010        0.09243       12.01779        0.02609        1.90008        0.29488        2.91779        0.00208        0.00006        0.00304      300.00000       30.82259
   61    1    1     1694.06512     1741.58284      734.66503        6.50989      159.23556        0.03097        0.04211        0.95301        8.90000        0.04537        0.91638        0.81819       10.99938        0.03236        0.01756        0.13482        0.51458      157.87304        0.03034        0.04351        7.88429        0.06538        1.20373        0.50994       11.00026        0.03044        0.14976        0.00464      300.00000        1.38796
   62    1    1     1879.60069     1812.37692      757.30957        8.78123      121.71038        0.01809        0.00537        0.43102       11.50000        0.33058        1.30335        0.43121        5.73751        0.00819        0.06904       -0.00007        1.58016      121.97869        0.01814        0.00558       11.19313        0.03524        0.47296        1.55659        5.73664        0.00788        0.04569        0.02358      300.00000        0.39880
   63    1    1     1101.06273    26868.48718    11909.05342        7.83851      238.85724        0.06968        0.04373        0.80538       12.00000       27.54234        0.94247        0.79210        7.15864        0.01238        0.02093        0.01337       23.70483      238.44444        0.06928        0.04426       11.74164        0.02662        5.55520       23.69487        7.15264        0.01240        0.02431        0.00997      300.00000        0.05648
   64    1    1     6573.60112     1912.29151      564.61685        0.22397        5.68909        0.00004        0.07876        1.11438       11.10000        0.37456        0.61992        1.11465       13.60499        0.04571        0.05023       -0.00024        1.04564       50.68863        0.00314        0.00414       44.49375        0.64046        0.52956        1.04611        6.77858        0.01137        0.04930       -0.00047      300.00000       25.11396
   65    1    1     4945.41249     1444.18119      619.57224        4.64765       44.06947        0.00237        0.00861        0.28640       11.00000        0.05306        1.45078        0.28378       13.38815        0.04388        0.00123        0.00260        0.59127       53.39335        0.00348        0.02323        8.53308        0.12193        1.07475        0.58733       11.36751        0.03156        0.00012        0.00394      300.00000       65.13213
   66    1    1     1749.34102     4072.67840     1991.98535        1.77876       37.49388        0.00172        0.05255        0.62843       27.70000        2.71876        1.10562        0.62894        1.79093        0.00080        0.00824       -0.00046        3.82553       25.85572        0.00082        0.06070       16.60731        0.01578        0.59947        3.82405        5.01903        0.00630        0.00752        0.00148      300.00000      128.40930
   67    1    1     6587.84214     1885.19230      780.71213        7.21090       41.32360        0.00209        0.00193        0.40574       31.00000        0.59762        1.33038        0.40418        6.57724        0.01082        0.00154        0.00159        1.36816       42.13216        0.00217        0.00186       31.02160        0.18284        0.78153        1.36787        6.56523        0.01061        0.00295        0.00029      300.00000        2.06618
   68    1    1     4969.52458     1554.13926      614.32635        4.30292       80.69438        0.00795        0.03500        0.94650        4.80000        0.00176        0.78930        0.94527        2.31213        0.00131        0.13385        0.00121        0.89768       54.20401        0.00358        0.00756       25.66558        0.03548        0.96958        0.76241        2.28436        0.00140        0.00040        0.13527      300.00000       80.06558
   69    1    1     2105.12765     2000.12309      772.02311        8.50572      114.67307        0.01606        0.00614        0.74054       20.00000        0.49208        0.99359        0.74097       14.67204        0.05325        0.01343       -0.00049        0.72672      114.99692        0.01613        0.00608       20.01466        1.33556        0.16393        0.72719       14.67188        0.05342        0.01326       -0.00046      300.00000        0.16803
   70    1    1     2030.22847     5972.89170     2880.90723        0.30275        5.54409        0.00004        0.04092        1.50031       37.50000        4.87374        0.25988        1.47468        1.21549        0.00035        0.01382        0.02568        1.06498       23.25363        0.00066        0.02824       37.39296        0.34162        5.22076        1.05025        6.44653        0.01002        0.02278        0.01473      300.00000      150.40379
   71    1    1     4341.79686     1671.96053      763.66934        1.23524       19.96932        0.00049        0.03143        1.44916       15.80000        0.04533        0.37107        1.36349        4.16310        0.00457        0.04226        0.08559        0.97506       33.71825        0.00139        0.10156       17.74825        0.66409        0.18572        0.85841        4.12933        0.00454        0.01195        0.11666      300.00000      108.99029
   72    1    1     2116.40917     4527.84727     1734.09020        4.04122       90.16393        0.00993        0.05087        0.70600       27.50000        3.43117        1.05079        0.68378        7.99009        0.01530        0.06937        0.02220        2.99646       94.75147        0.01093        0.06307       24.97674        0.57015        1.58835        2.99560        7.74753        0.01475        0.08970        0.00086      300.00000       12.82378
   73    1    1     2056.55941     1781.18440      810.18159        1.49893       34.52446        0.00146        0.06334        0.99020       13.10000        0.02842        0.83723        0.89733       11.86815        0.03720        0.01592        0.09285        1.63373       60.93624        0.00453        0.03355       34.18847        0.07305        0.14161        1.60292        5.61083        0.00750        0.07980        0.03081      300.00000       87.77621
   74    1    1    14296.05607     1589.82514      743.74993        1.29896       24.51987        0.00073        0.04278        0.95402        4.00000        0.00683        0.78048        0.95408        2.92990        0.00214        0.01269       -0.00012        0.75151       30.20743        0.00111        0.01111        7.93884        0.01491        0.99253        0.73740       10.77098        0.02799        0.00057        0.01411      300.00000      161.54852
   75    1    1     2344.77566   112110.02164    44545.91873        6.93146      114.58161        0.01603        0.01734        1.24939       39.80000      114.33417        0.48530        1.24926        7.88438        0.01548        0.01537        0.00005       68.50823      115.17697        0.01619        0.01705       39.65715        0.24559       47.31435       68.50877        7.93077        0.01559        0.01613       -0.00055      300.00000        0.21068
   76    1    1      994.41030     1864.16033      767.65547        7.88191      262.20326        0.08397        0.05119        0.54629       26.70000        0.06806        1.19323        0.54133       14.36620        0.05195        0.00048        0.00492        0.07072      262.17888        0.08371        0.05132       26.75458        0.35443        1.37740        0.07096       14.36663        0.05133        0.00626       -0.00024      300.00000        0.42646
   77    1    1     2744.33565     5135.76057     1609.88853        4.21200       48.70670        0.00290        0.01343        1.00295       41.90000        4.23637        0.73752        0.99704       14.26127        0.04952        0.00031        0.00592        2.24632       62.51930        0.00475        0.04528       37.23639        2.22338        1.47239        2.24362       13.91656        0.04857        0.00231        0.00270      300.00000       45.64173
   78    1    1     1422.47805     2500.97402     1175.07888        7.10875      190.05452        0.04412        0.04318        0.28899       15.30000        0.97894        1.47049        0.26408        7.24549        0.01256        0.03600        0.02496        0.30078      189.39960        0.04360        0.04388       15.15746        1.33282        1.12222        0.25825        7.23598        0.01239        0.01858        0.04253      300.00000        0.11802
   79    1    1     3585.81741    76492.58741    30755.57252        0.48986        5.72472        0.00004        0.01664        0.05824       31.00000       78.11723        1.67688        0.05768        7.65004        0.01440        0.03778        0.00057       14.49473       16.81321        0.00035        0.00635       30.51278       36.44491       28.92810       14.47309        9.11792        0.02126        0.02546        0.02163      300.00000      146.28393
   80    1    1     2611.83177     4083.91050     1634.91407        6.50545      108.83177        0.01447        0.01972        0.98989       13.80000        3.14489        0.74500        0.98956       14.18559        0.05018        0.01783        0.00045        3.12054      107.72229        0.01415        0.02135       12.96022        0.13740        1.63701        3.10364       14.19199        0.05132        0.00020        0.01690      300.00000       10.05688
   81    1    1     2266.28175   200322.13945    80242.99775        0.29431        8.37512        0.00009        0.09881        0.26474       13.10000      200.70149        1.49441        0.24016        7.24546        0.01345        0.00149        0.02463       51.30187       22.58545        0.00062        0.01341       40.43410        5.14108      146.10489       51.28852        7.03911        0.01259        0.00002        0.01335      300.00000      143.68544
   82    1    1     1990.59331     1829.43757      774.73051        7.87890      131.39565        0.02109        0.01288        1.47243       22.70000        0.19729        0.26358        1.47098       14.69539        0.05402        0.06524        0.00140        0.15460      131.63367        0.02109        0.01355       22.40649        1.42069        0.37886        0.13161       14.69552        0.05528        0.04247        0.02299      300.00000        0.33611
   83    1    1     3329.41802     1585.28974      689.67672        2.04224       23.85655        0.00070        0.01597        0.67065        8.40000        0.12150        1.08644        0.64813        7.34378        0.01293        0.02753        0.02255        1.27602       18.40123        0.00041        0.00769        9.77867        0.12314        0.49566        1.24314        8.08204        0.01682        0.01596        0.03287      300.00000      122.38114
   84    1    1     3562.26087     1888.79799      722.59267        2.46631       45.22722        0.00250        0.03857        1.50603       13.30000        0.46917        0.23124        1.50333        7.33179        0.01348        0.01963        0.00272        1.88034       33.05884        0.00133        0.02303       16.15490        0.16986        0.17534        1.88034        5.03527        0.00631        0.02443       -0.00001      300.00000       49.64092
   85    1    1     4011.78765     2811.75600     1150.13393        4.99160       81.76598        0.00817        0.02461        0.93739       33.10000        1.54809        0.82612        0.90844        6.03879        0.00870        0.01344        0.02891        1.91254       53.15096        0.00344        0.00901       24.51191        0.26923        1.08990        1.89406       15.53261        0.05800        0.02439        0.01848      300.00000       40.54271
   86    1    1     2817.32947     2746.02157      686.67683        7.53199       98.06186        0.01174        0.00896        0.94612       29.30000        1.36811        0.78843        0.94614       13.92842        0.04831        0.02503        0.00001        1.19075       97.76683        0.01165        0.00916       29.26165        1.53799        0.37987        1.18471       13.92842        0.04891        0.01838        0.00604      300.00000        3.80732
   87    1    1    10628.28765    13978.77142     6011.19404        2.94377       27.55653        0.00093        0.00977        0.76193       17.20000       14.25434        0.98949        0.74508       15.30114        0.05636        0.02494        0.01684       13.53584       20.30643        0.00050        0.00176       23.14624        0.59521        1.84880       13.53520       17.24526        0.07313        0.04253        0.00063      300.00000      119.33369
   88    1    1     3974.69005     1874.31617      533.35326        0.86211       13.49015        0.00022        0.02968        0.78619       33.10000        0.46861        0.94888        0.78569        5.45685        0.00743        0.01035        0.00044        1.24517       19.00862        0.00044        0.00309       37.41653        0.58658        0.39919        1.23464        8.35042        0.01689        0.00000        0.01053      300.00000      119.86882
   89    1    1     1542.96541    10696.98100     4515.72008        6.62522      174.13443        0.03703        0.04734        0.85872       20.70000       11.06472        0.87536        0.85921       13.48285        0.04499        0.00049       -0.00047       11.30552      174.10682        0.03684        0.04719       20.86603        0.55781        0.93582       11.30604       13.48178        0.04510        0.00036       -0.00052      300.00000        0.16871
   90    1    1     4272.90349     1917.38197      805.59487        2.59616       38.85354        0.00184        0.02551        1.04230       20.70000        0.42385        0.69183        1.04273        5.01774        0.00625        0.00500       -0.00051        1.72642       23.98994        0.00070        0.00590       22.19101        0.26093        0.18123        1.72256        9.14698        0.02103        0.00039        0.00385      300.00000       49.32563
   91    1    1     1527.95887     7115.54588     3654.76924        3.10617       93.22222        0.01061        0.09939        0.06827        3.90000        6.76526        1.67746        0.05710        7.27331        0.01341        0.01036        0.01114        3.32235       97.54544        0.01158        0.09917        3.08269        0.00482        5.17445        3.32037        3.94969        0.00382        0.02855        0.00199      300.00000       29.40518
   92    1    1     1259.50787     1815.54823      696.69455        5.14797      190.85876        0.04449        0.12338        1.29584       27.20000        0.04248        0.45398        1.28058        8.33051        0.01673        0.00014        0.01519        1.32050      192.08630        0.04485        0.12953       24.76959        0.02931        0.43404        1.30718        8.35242        0.01685        0.00197        0.01332      300.00000        4.03192
   93    1    1     1550.23663     4277.02583     1669.94253        7.94629      166.90096        0.03402        0.01986        0.48929       43.50000        3.16778        1.24696        0.48760        6.19883        0.00962        0.00252        0.00160        2.98836      166.89658        0.03392        0.01999       43.49368        0.86997        1.04528        2.98708        6.20344        0.00945        0.00308        0.00128      300.00000        0.74091
   94    1    1     1812.73423     2214.78029      340.53339        0.32928        8.42849        0.00009        0.07994        1.59870       20.40000        0.69186        0.15434        1.58022       16.54027        0.06577        0.01570        0.01849        1.18001       53.75692        0.00353        0.04265       39.60556        0.89363        0.43078        1.15995       12.52660        0.03768        0.01813        0.02007      300.00000      125.38956
   95    1    1     1177.76347     3007.64465     1216.86674        8.19171      215.60993        0.05678        0.02783        1.68719       42.20000        1.69108        0.04757        1.68699        4.69106        0.00542        0.01559        0.00019        0.25274      215.56331        0.05659        0.02792       42.22993        1.08017        2.10271        0.24289        4.69393        0.00558        0.00574        0.00985      300.00000        0.05887
   96    1    1     1597.16156     1759.31528      494.34344        7.75815      167.23148        0.03416        0.02259        1.67264       22.40000        0.21751        0.08517        1.64940       13.92838        0.04967        0.00042        0.02324        1.38417      167.20072        0.03408        0.02266       22.38089        0.24777        0.34056        1.36370       13.92842        0.04657        0.00634        0.02047      300.00000        1.04335
   97    1    1     2008.27857     1712.12648      562.36553        3.23718       80.28162        0.00787        0.06724        0.84327        7.10000        0.18801        0.89868        0.83589       15.91400        0.06395        0.00220        0.00742        0.81471       62.80692        0.00479        0.03349       29.85326        0.21339        0.93731        0.81303       15.34795        0.05778        0.00975        0.00168      300.00000       48.67706
   98    1    1     2523.73238     2296.36638     1049.86860        0.46609        7.53881        0.00007        0.03188        0.18709       27.50000        0.72104        1.54696        0.18760       14.79126        0.05420        0.00455       -0.00050        1.90847       13.56272        0.00022        0.01772       34.79866        0.14730        0.42316        1.90739       13.60371        0.04546        0.00347        0.00108      300.00000      159.45136
   99    1    1     1934.71102     1728.58893      821.02220        8.28642      129.48649        0.02048        0.00935        0.22576       26.10000        0.09195        1.51090        0.22367        6.55954        0.01078        0.02293        0.00211        1.16204      129.51936        0.02046        0.00951       26.05519        0.04279        0.63445        1.14916        6.55997        0.01040        0.01250        0.01288      300.00000        0.08777
  100    1    1     3086.42140     2642.24104     1157.42437        5.83770       88.25774        0.00951        0.01840        0.10203       34.50000        1.32326        1.63539        0.09917        6.98909        0.01225        0.00835        0.00282        1.60329       88.23382        0.00949        0.01845       34.44941        0.17075        1.28452        1.60231        7.06690        0.01248        0.01025        0.00098      300.00000       10.70381
