    1    1    1     3423.55608     5818.11829     2705.16689        3.31386       36.70433        0.00165        0.01334        0.58633       10.60000        4.94639        1.15799        0.57657        7.23930        0.01327        0.01146   -33197.37407        3.35123       43.22394        0.00228        0.01675        8.62695        0.29517        3.03612        3.35006        5.63769        0.00794        0.02090        0.00117      300.00000       45.44746
    2    1    1     1562.64169     1686.00340      678.16259        8.26058      160.51397        0.03147        0.01465        0.29808       21.20000        0.36715        1.43625        0.29831        9.00612        0.02016        0.00070       -0.00025        0.36088      160.39255        0.03138        0.01458       21.28596        0.18169        1.55992        0.36029        9.00619        0.01995        0.00005        0.00060      300.00000        0.16402
    3    1    1     1194.04987    93897.37128    40668.01100        2.30115       68.71121        0.00577        0.10313        0.86643       17.50000       96.33582        0.86858        0.86599        8.37717        0.01750        0.01579        0.00046       27.55954       83.13309        0.00844        0.17895       21.25605        0.02521       70.37287       27.53905       15.28942        0.05973        0.00829        0.02049      300.00000       96.14585
    4    1    1     1771.73706     1577.65119      557.40479        1.10158       26.07494        0.00083        0.06760        0.90591       19.50000        0.08824        0.83376        0.90081        7.36532        0.01322        0.00828        0.00508        1.47011       31.52044        0.00121        0.05034       20.78538        0.09332        0.25340        1.46870       12.22774        0.03670        0.01278        0.00141      300.00000      124.41776
    5    1    1     4597.82334     1542.78018      670.73116        5.99850       60.01897        0.00440        0.00783        0.16193       25.20000        0.07125        1.58166        0.15291       15.32918        0.05944        0.01866        0.00903        0.19131       62.22573        0.00472        0.00757       25.16728        0.09376        1.52771        0.18427       15.32822        0.05930        0.02079        0.00704      300.00000       12.22056
    6    1    1     1664.30794     1695.76650      613.77257        3.70191      107.03267        0.01399        0.08811        1.06216       13.50000        0.15011        0.68419        1.05037        8.73355        0.01845        0.00492        0.01189        1.67384       90.45051        0.00993        0.06648       27.74543        0.06792        0.18438        1.66300        7.33249        0.01363        0.00576        0.01084      300.00000       27.57418
    7    1    1     4972.86914     2713.13651     1238.99637        4.61482       36.98631        0.00167        0.00617        0.64063       31.30000        1.19281        1.10308        0.63148       15.62599        0.05922        0.05185        0.00915        0.34065       58.86560        0.00423        0.00867       15.53845        1.32135        1.26560        0.30402       19.29764        0.09611        0.01883        0.03663      300.00000       16.77077
    8    1    1     3269.75770     1633.57892      614.89325        4.12112       41.41705        0.00210        0.01024        0.57186       11.90000        0.01952        1.16721        0.56735       21.99381        0.11803        0.00163        0.00441        0.21184       13.03978        0.00021        0.02078       25.91125        0.04734        1.52088        0.21178       18.58666        0.08516        0.00437        0.00007      300.00000       86.85931
    9    1    1     1259.11576     2060.38417      583.96592        4.14237      165.58676        0.03349        0.16167        1.59894       32.70000        0.27003        0.15078        1.58378       13.32397        0.04280        0.00492        0.01528        1.39029      165.85607        0.03331        0.17811       32.24015        0.32508        0.28491        1.39075       11.31891        0.03178        0.01914       -0.00046      300.00000       13.44505
   10    1    1     1332.58050     1867.91435      542.14575        0.09722        2.65876        0.00001        0.09134        1.49413       23.40000        0.31039        0.29160        1.44297       11.00394        0.02854        0.03448        0.05116        1.02126       10.22386        0.00013        0.08568       25.35627        0.30178        0.77948        0.97031       11.03182        0.02868        0.03347        0.05095      300.00000      175.07861
   11    1    1     2214.03519    85885.67335    34945.43618        5.45091      124.13803        0.01882        0.04452        0.41082       17.60000       86.39248        1.33132        0.40324        7.82647        0.01488        0.00558        0.00765       11.90809      119.60110        0.01745        0.04316       16.37373        2.06636       74.15297       11.90755        8.56458        0.01805        0.01240        0.00054      300.00000       19.47939
   12    1    1     6658.31116     1665.80498      753.86920        4.93407       56.38995        0.00388        0.01207        0.76301       18.10000        0.11708        1.00269        0.73187        9.40542        0.02108        0.00000        0.03119        0.50014       63.76049        0.00496        0.01663        6.65311        0.87754        0.46289        0.50071       10.58226        0.02774        0.02994       -0.00057      300.00000      175.74529
   13    1    1     3434.59643     1578.78702      654.80077        5.18287       79.08207        0.00764        0.02080        1.63314       12.00000        0.15440        0.12457        1.61000       13.70059        0.04805        0.00042        0.02311        0.71205       81.41264        0.00808        0.01926        8.64336        0.04047        1.14212        0.70265       14.24349        0.05135        0.01569        0.00941      300.00000       34.27019
   14    1    1     1536.47742     1500.07779      684.92618        2.00737       47.34713        0.00274        0.06521        1.39928        6.60000        0.00585        0.34839        1.38617       10.04310        0.02436        0.00015        0.01308        1.13133       35.87354        0.00157        0.05336       21.32871        0.02570        0.61696        1.12121        8.19292        0.01700        0.00006        0.01012      300.00000      124.99839
   15    1    1     1743.14884     3837.28641     1717.25258        2.63944       59.44488        0.00432        0.05763        1.05449       19.10000        2.38019        0.70023        1.03434        9.74524        0.02426        0.00122        0.02004        1.60811       87.46473        0.00931        0.05107       24.80346        0.51890        2.02226        1.59232        5.08027        0.00657        0.00611        0.01579      300.00000       66.60433
   16    1    1     4591.90624     2161.26377      843.56728        5.03328       66.23718        0.00536        0.01579        0.21520        8.40000        0.83002        1.51986        0.21471       11.70213        0.03369        0.00006        0.00055        2.40584       51.23498        0.00320        0.01107       16.58508        0.09559        0.07484        2.40631       10.75707        0.02865        0.00078       -0.00047      300.00000       78.84036
   17    1    1     4199.36033     2055.72801      711.05592        4.50460       30.16361        0.00111        0.00437        0.95840       19.40000        0.60707        0.79397        0.94059       14.17608        0.05124        0.00053        0.01786        0.27629       26.29107        0.00084        0.03204       15.76457        1.38814        0.68897        0.27419        7.49281        0.01406        0.01634        0.00210      300.00000       64.48471
   18    1    1     1264.03576     6738.85056     3114.38529        1.10744       38.69505        0.00183        0.14728        0.49761       25.70000        5.85452        1.24054        0.49402        8.80704        0.01895        0.00002        0.00359        3.54402       66.39421        0.00536        0.06011       44.72287        0.24158        3.85078        3.54403       15.06138        0.05650        0.00239       -0.00001      300.00000      119.92020
   19    1    1     1919.58469     1554.97667      617.15942        7.95208      134.27164        0.02202        0.01280        0.51589       27.90000        0.05650        1.22213        0.51244        5.55493        0.00754        0.00004        0.00346        1.42099      134.28242        0.02199        0.01284       27.89448        0.04965        0.32199        1.41942        5.55176        0.00771        0.00177        0.00157      300.00000        0.69048
   20    1    1      618.06127   929036.60421   344533.19064        1.08927       36.89841        0.00166        0.13848        0.12985       53.30000      872.84161        1.62106        0.11350       14.97885        0.05715        0.00112        0.01627      361.97722      483.00517        0.28480        5.66512      488.16372       63.51786      442.91151      361.37007       38.69044        0.43390        0.00053        0.60716      300.00000      155.06029
   21    1    1     3392.94767     1861.21311      870.56160        3.35816       33.84567        0.00140        0.01101        0.21888       29.70000        0.28257        1.52981        0.20476       10.80568        0.02968        0.00135        0.01408        1.02708       42.34046        0.00219        0.01848       30.29051        0.08936        0.91469        1.01164        9.41700        0.02137        0.00151        0.01544      300.00000       78.96359
   22    1    1     2295.27262    24294.30124    11989.80775        7.21440      116.49361        0.01657        0.01527        1.55747       14.70000       25.81806        0.18082        1.55374        9.12312        0.02091        0.02067        0.00371       14.50750      116.12835        0.01646        0.01502       14.94199        0.07612       12.96993       14.50702        9.11555        0.02073        0.02403        0.00048      300.00000        1.13397
   23    1    1     2009.21714     1498.44573      647.64203        7.37740      132.73502        0.02152        0.01802        0.72392       10.30000        0.07322        1.01012        0.72444        2.70145        0.00181        0.00119       -0.00052        1.24805      133.19357        0.02165        0.01804       10.19436        0.01945        0.53964        1.24860        2.67430        0.00177        0.00121       -0.00055      300.00000        0.63159
   24    1    1     2996.41997     1654.19126      619.71685        0.85204       13.34345        0.00022        0.02974        1.21500       10.70000        0.07437        0.54557        1.18900       20.94617        0.11252        0.00247        0.02593        0.99053       39.87952        0.00194        0.00949       24.80943        0.08603        0.77469        0.97637       20.26053        0.10436        0.01285        0.01416      300.00000      118.20265
   25    1    1     2799.42951     1790.59262      682.30335        5.46971       94.00723        0.01079        0.02528        1.09487       18.10000        0.30988        0.66222        1.07235        6.85375        0.01202        0.00051        0.02261        1.24595       96.59723        0.01133        0.02736       17.03524        0.17178        0.63719        1.23353        6.64237        0.01066        0.01130        0.01242      300.00000       17.13138
   26    1    1     1469.60670     1755.95247      696.45679        2.65618       72.19117        0.00637        0.08385        1.29416       18.50000        0.01928        0.44694        1.28763       12.90735        0.04053        0.00154        0.00654        0.28743       72.12159        0.00627        0.11560       12.34485        0.96089        0.46055        0.28476       15.24281        0.05827        0.00364        0.00267      300.00000       66.97624
   27    1    1     1523.19307     1561.17419      654.49413        8.31053      162.70522        0.03233        0.01448        0.41952       14.80000        0.21900        1.31509        0.41947        1.48963        0.00055        0.00902        0.00006        1.01569      162.60966        0.03221        0.01441       14.97543        0.04298        0.89735        1.01351        1.47775        0.00053        0.00682        0.00219      300.00000        0.55684
   28    1    1     1767.11547    37616.97463    15769.59148        0.56818       13.64846        0.00023        0.07025        0.59420       10.70000       38.87364        1.14001        0.59455        3.03627        0.00229        0.00843       -0.00040        9.86304       22.06419        0.00059        0.03775       13.97796        0.01554       30.73999        9.85443       11.17954        0.03033        0.00181        0.00861      300.00000      159.24468
   29    1    1     2684.76501     1602.71862      674.08595        5.27949      103.82043        0.01316        0.03407        1.45929       12.40000        0.04348        0.28243        1.45213       11.75283        0.03357        0.00292        0.00717        1.39353      105.03883        0.01346        0.03137       13.83188        0.04637        0.34506        1.38832       11.85230        0.03537        0.00377        0.00521      300.00000       32.31574
   30    1    1     3234.18160     1715.93168      607.42898        7.07171       84.37203        0.00869        0.00869        1.15317       20.30000        0.31761        0.58325        1.15132        9.73605        0.02373        0.01580        0.00193        0.93096       83.90561        0.00858        0.00870       20.29448        0.13402        0.99969        0.91844        9.74710        0.02412        0.00486        0.01252      300.00000        1.14391
   31    1    1     1610.58409     1485.08972      593.51788        8.87428      136.20916        0.02266        0.00611        0.74347       11.00000        0.01668        0.99911        0.73546        9.96602        0.02412        0.00179        0.00804        1.43685      136.38665        0.02268        0.00614       10.95634        0.00956        0.30493        1.43670        9.96626        0.02447        0.00932        0.00014      300.00000        0.35397
   32    1    1     2425.57880   231474.15903    96011.58504        3.60265       58.96976        0.00425        0.02848        0.48717       22.60000      233.02591        1.26660        0.46797       17.96208        0.07752        0.00235        0.01924       28.80860       68.75482        0.00577        0.03287       16.75876        0.09893      205.85634       28.80506       18.30970        0.08192        0.00800        0.00354      300.00000       42.69353
   33    1    1     2375.06512     8781.31348     3531.79396        8.44577      102.88375        0.01293        0.00520        0.74002       43.20000        8.53171        1.03664        0.69793        1.18644        0.00033        0.01353        0.04214        2.56742      102.56536        0.01284        0.00525       43.20639        2.82787        4.90257        2.53584        1.19126        0.00037        0.02401        0.03158      300.00000        0.27565
   34    1    1     3519.27322     1572.60234      659.30390        5.65741       90.50851        0.01000        0.02125        1.56873        4.70000        0.02030        0.16680        1.56777       12.05664        0.03571        0.03897        0.00100        0.93238       68.58123        0.00574        0.01546       13.45161        0.05253        0.78059        0.92994       12.33490        0.03814        0.03692        0.00244      300.00000       42.15338
   35    1    1    10812.95139     4525.38463     1949.98163        0.52586        2.34528        0.00001        0.00242        0.63000       25.10000        3.57534        1.11698        0.61758       12.40850        0.03722        0.00025        0.01240        3.49373       10.38968        0.00013        0.00070       23.28131        0.27574        1.55328        3.48811       11.50846        0.03226        0.00639        0.00562      300.00000      112.87544
   36    1    1     2236.74034     1640.89028      718.41081        0.88984       17.72257        0.00038        0.04806        0.70147       12.00000        0.08908        1.03728        0.69729        4.58658        0.00514        0.00408        0.00416        0.74301       31.53519        0.00121        0.02519       21.59285        0.62329        0.45325        0.74060       11.63524        0.03315        0.00640        0.00241      300.00000      121.41351
   37    1    1     5461.28973     1754.64224      847.68054        2.09254       30.32337        0.00112        0.02452        1.05892       12.60000        0.01006        0.67536        1.05921       14.89276        0.05513        0.04282       -0.00027        0.63468       31.22024        0.00119        0.02942       16.16624        0.07836        1.06668        0.60338       13.59986        0.04759        0.01004        0.03130      300.00000       41.23434
   38    1    1     1495.79541     1639.86709      808.87248        8.64488      155.55807        0.02955        0.00999        1.07305        7.10000        0.07518        0.67536        1.05921        3.46093        0.00289        0.00317        0.01387        1.49701      155.73065        0.02957        0.01007        6.96287        0.06514        0.26101        1.48351        3.45996        0.00304        0.00336        0.01351      300.00000        0.56190
   39    1    1     1448.00013     1813.52995      575.51597        5.32640      172.89784        0.03651        0.09218        1.29254       12.20000        0.09828        0.47223        1.26233       15.39646        0.05652        0.01446        0.03027        1.75104      172.83594        0.03643        0.09191       11.66991        0.06650        0.05027        1.71539       15.51975        0.05724        0.00933        0.03565      300.00000        5.94399
   40    1    1     2013.53655     2844.33594     1033.45826        0.67598       12.38757        0.00019        0.04083        0.81275       10.30000        1.57241        0.93811        0.79646        7.40694        0.01321        0.01547        0.01632        0.78294       35.20134        0.00151        0.04296       18.26126        1.23939        1.25723        0.76493       14.11654        0.04793        0.02101        0.01800      300.00000      133.19513
   41    1    1     1932.24353     3833.66432     1861.67352        4.35463       95.75692        0.01120        0.04786        0.10798       29.60000        2.49218        1.62647        0.10810        6.30543        0.00981        0.00470       -0.00008        1.03221       98.76885        0.01183        0.04999       27.88912        2.67222        0.51789        1.03241        6.75876        0.01136        0.00468       -0.00019      300.00000       23.32840
   42    1    1     2920.95242     1473.77666      649.35526        1.80312       29.42256        0.00106        0.03146        1.35206        2.30000        0.03450        0.40921        1.32535        4.58209        0.00502        0.03240        0.02672        0.49595       28.21859        0.00097        0.01381        7.02859        0.03477        1.30428        0.43783        8.22408        0.01589        0.00005        0.05812      300.00000       97.93714
   43    1    1     2235.15474     1948.89840      441.80789        6.62196      120.44992        0.01772        0.02269        1.24715       27.20000        0.57254        0.48883        1.24573        5.82576        0.00849        0.03284        0.00140        1.09367      119.81293        0.01750        0.02357       26.96729        0.41900        0.82813        1.05932        5.83663        0.00810        0.00028        0.03435      300.00000        0.67406
   44    1    1     2649.61002     4133.62889     1795.45325        3.53835       53.56179        0.00350        0.02448        0.19675       15.20000        3.27747        1.54159        0.19297        7.37070        0.01327        0.00463        0.00374        2.87987       54.16742        0.00358        0.02619       13.40850        0.01285        2.11391        2.88040        8.15531        0.01648        0.00879       -0.00053      300.00000       49.86602
   45    1    1     2864.80393     1694.03520      792.03021        1.99433       40.17744        0.00197        0.04760        1.00013       19.20000        0.03505        0.74053        0.99404        8.91188        0.01933        0.01242        0.00611        1.47166       19.32378        0.00046        0.00881       21.45460        0.03380        0.27069        1.47089       14.82658        0.05404        0.01758        0.00077      300.00000      114.23438
   46    1    1     1548.27858     1694.42513      574.14471        3.60877       97.88288        0.01170        0.07815        1.18301       11.70000        0.13204        0.58803        1.14654        3.17911        0.00261        0.04685        0.03647        1.15704       99.06649        0.01193        0.07635       12.39008        0.09538        0.67188        1.09775        3.78959        0.00375        0.02606        0.05929      300.00000       46.14145
   47    1    0     1266.94722  6117675.73210  2048789.95614        7.16456      126.96937        0.01969        0.01867        0.21973       21.50000     5271.04186        1.55816        0.17641       12.68742        0.03809        0.00200        0.04336     2781.90227        0.00000        0.00000        0.00000      143.36230        0.08385     2490.91327     2781.90227        0.00000        0.00000        0.00000        0.00000      300.00000        0.00000
   48    1    1     2249.25481     1659.21938      616.09345        2.94334       85.57051        0.00894        0.09429        0.67305        8.30000        0.15902        1.06686        0.66771       12.41003        0.03879        0.00749        0.00450        1.75572       58.78155        0.00421        0.02172       27.75543        0.17440        0.02065        1.74199       17.23593        0.07172        0.00002        0.01373      300.00000       41.99686
   49    1    1     1123.50250     2676.70124      275.80697        8.83976      199.37646        0.04855        0.01358        1.33570       41.90000        1.29406        0.40866        1.32591        1.00659        0.00026        0.00419        0.00986        1.33331      199.36301        0.04835        0.01375       41.89580        1.24043        0.45499        1.33318        1.01229        0.00025        0.01392        0.00013      300.00000        0.07862
   50    1    1     4336.97144     1713.47679      773.79114        6.13169       75.36119        0.00694        0.01151        1.17755       19.40000        0.10168        0.55861        1.17595       16.84084        0.06957        0.00001        0.00160        1.32764       75.47207        0.00694        0.01208       19.35035        0.08064        0.42847        1.32710       16.78475        0.06930        0.00082        0.00054      300.00000       41.26908
   51    1    1     2389.43419     1831.55977      804.61776        4.29079       86.54466        0.00915        0.04054        1.52015       45.30000        0.12661        0.23420        1.50036        9.15958        0.02015        0.00718        0.01982        0.36558       83.07109        0.00838        0.05215       41.16087        0.25087        1.22706        0.36226       11.17401        0.03135        0.02259        0.00332      300.00000       20.85314
   52    1    1     4472.79607     1686.94683      638.71270        3.76379       53.31540        0.00347        0.02104        0.99447       21.20000        0.17915        0.78680        0.94776        9.39415        0.02289        0.01054        0.04670        1.24204       50.59322        0.00312        0.02535       19.70708        0.51456        0.16520        1.21465       12.18663        0.03812        0.02997        0.02739      300.00000       49.53929
   53    1    0     1054.22119 11629910.30163  3932981.91251        8.18243       95.15322        0.01106        0.00546        0.99566       28.60000    10003.77080        0.81187        0.92269       19.26117        0.08657        0.01276        0.07295      849.00154        0.00000        0.00000        0.00000      101.75442        0.13925     9155.76520      849.00154        0.00000        0.00000        0.00000        0.00000      300.00000        0.00000
   54    1    1     1107.77243     6643.13309     3061.32265        8.62309      213.14955        0.05549        0.01914        0.86957       46.60000        5.36934        0.86869        0.86588       17.16002        0.07194        0.00927        0.00303        0.78742      213.19997        0.05540        0.01942       46.56911        0.13846        6.17735        0.78789       17.15996        0.07284        0.01250       -0.00047      300.00000        0.00944
   55    1    1     2484.09715     1698.14499      701.22707        3.11274       76.07160        0.00707        0.06588        1.56379       16.70000        0.20412        0.17043        1.56414        9.56566        0.02260        0.01784       -0.00034        1.63978       39.86158        0.00194        0.01632       35.60047        0.09595        0.26435        1.62428       11.36705        0.03289        0.00050        0.01551      300.00000       46.99905
   56    1    1     1529.21096     2245.59707      932.89913        5.99620      176.24830        0.03794        0.06758        0.29753       18.30000        0.65751        1.43736        0.29721       14.66252        0.05293        0.00973        0.00037        0.63377      174.10608        0.03701        0.06447       20.32058        0.33294        1.43759        0.62557       14.66351        0.05220        0.00260        0.00821      300.00000        5.36668
   57    1    1     1776.05925     1759.47702      675.36343        1.85788       35.11016        0.00151        0.04211        1.06258       13.50000        0.29768        0.70417        1.03039        6.41128        0.01058        0.00001        0.03217        0.83129       16.06070        0.00031        0.05110        5.06226        0.08681        1.11576        0.82132        7.15157        0.01239        0.02098        0.00997      300.00000      138.49306
   58    1    1     1813.35044     3364.37159     1237.12518        6.79387      148.19469        0.02682        0.03129        1.02216       29.70000        2.05868        0.72432        1.01024        8.25776        0.01730        0.00063        0.01186        3.09689      149.11984        0.02714        0.03256       29.17922        0.49390        0.21339        3.08439        8.26033        0.01732        0.00001        0.01250      300.00000        0.68684
   59    1    1     1895.00644     1889.37684      706.78856        6.01959      140.80558        0.02421        0.04261        1.48241       45.10000        0.26221        0.26825        1.46631        7.40924        0.01398        0.00042        0.01603        0.70875      140.63000        0.02410        0.04270       44.87679        0.70769        0.58089        0.70714        7.71745        0.01490        0.01508        0.00160      300.00000        4.50583
   60    1    1     1447.17585     1477.53891      708.07497        1.44968       37.67915        0.00173        0.08077        0.41191        9.70000        0.02464        1.32530        0.40926        8.19236        0.01683        0.01644        0.00257        0.80250       50.52141        0.00310        0.05294       22.39928        0.03735        0.94478        0.79647        9.82416        0.02349        0.01346        0.00604      300.00000      123.97329
   61    1    1     1623.39243   246639.37069    94969.61042        2.37104       37.65451        0.00173        0.02907        0.77087       19.90000      245.69942        1.03662        0.69794       12.96444        0.03922        0.00025        0.07286      129.33878      101.35983        0.01250        0.55091       63.11918        1.01192      116.56517      129.33865       15.69291        0.06069        0.03739        0.00013      300.00000       94.54742
   62    1    1     8276.33851     1573.18972      727.70625        2.46645       26.23941        0.00084        0.01298        1.13433       11.90000        0.08160        0.59996        1.13460        1.49996        0.00056        0.01414       -0.00023        1.02979       29.47601        0.00106        0.00324        6.80725        0.05085        0.73816        1.02958        5.60048        0.00773        0.01358        0.00021      300.00000       32.87856
   63    1    1     8791.39414     7911.76945     3545.51480        0.96398        6.60816        0.00005        0.00569        0.36650       17.30000        7.65545        1.37303        0.36153        4.48454        0.00490        0.00315        0.00497        4.19291       28.37862        0.00098        0.00606       38.57520        0.89689        4.28645        4.18583        6.86584        0.01146        0.01401        0.00709      300.00000       85.85276
   64    1    1     1374.53730     1668.29526      583.00364        6.18215      194.31267        0.04611        0.07454        0.87609       10.20000        0.03355        0.85920        0.87536       14.43048        0.05198        0.00106        0.00071        0.75316      195.88154        0.04657        0.07293       11.35524        0.03523        0.98160        0.75256       14.42138        0.05190        0.00115        0.00060      300.00000        3.08001
   65    1    1     1468.57504     4194.31565     1582.97811        4.01039      116.75469        0.01665        0.08687        1.15438       24.00000        3.03713        0.60605        1.12851       17.89498        0.07657        0.05410        0.02590        3.75682      143.08238        0.02491        0.11526       22.32773        0.20213        0.86257        3.69204       15.16891        0.05388        0.01618        0.06478      300.00000       13.19137
   66    1    1     1411.60996     1461.06179      585.88267        8.73925      161.53070        0.03187        0.00986        0.55428        8.00000        0.01492        1.18575        0.54882        1.49639        0.00056        0.01422        0.00549        1.69005      161.43260        0.03174        0.01003        7.87386        0.01108        0.06688        1.67142        1.50090        0.00054        0.00114        0.01862      300.00000        0.59826
   67    1    1     1942.10457     3454.18022     1641.59740        3.44355       71.35408        0.00622        0.04622        0.38043       23.00000        1.98327        1.35441        0.38015        9.21872        0.02092        0.01026        0.00036        0.17612       57.15270        0.00398        0.05353       17.32285        3.18350        0.31143        0.17666       15.78526        0.06165        0.01153       -0.00055      300.00000       60.45222
   68    1    1     1844.84775     1856.18678      829.86994        7.65310      143.29825        0.02508        0.01774        1.21106       23.00000        0.27340        0.52299        1.21158       12.42286        0.03827        0.00853       -0.00057        0.80530      143.20230        0.02501        0.01816       22.84033        0.36416        0.84561        0.79781       12.42303        0.03750        0.00133        0.00749      300.00000        0.74235
   69    1    1     1249.71590     1779.61248      753.17509        7.93526      207.77016        0.05272        0.03101        0.98824       12.30000        0.22121        0.75077        0.98380        3.01473        0.00229        0.00067        0.00445        1.55380      207.54886        0.05260        0.03097       12.41745        0.12328        0.27836        1.55428        3.01604        0.00225        0.00564       -0.00048      300.00000        0.31486
   70    1    1     1751.46925     1854.08756      642.29428        3.61408       95.94726        0.01124        0.07484        0.83748       40.20000        0.26643        0.89657        0.83800        6.08218        0.00915        0.00001       -0.00041        0.44160      113.79047        0.01569        0.08858       31.75394        0.38799        1.11296        0.44204       14.03944        0.04872        0.00016       -0.00044      300.00000        9.44796
   71    1    1     2484.74171     1692.95499      637.81101        4.04854       54.37199        0.00361        0.01842        0.96648        8.30000        0.23941        0.80297        0.93159       10.40082        0.02572        0.00031        0.03486        0.29757       64.36713        0.00504        0.03478        4.94361        0.31923        1.35927        0.29645        5.81235        0.00844        0.03259        0.00112      300.00000       55.58570
   72    1    1     1403.85289     1791.95740      683.80434        7.29244      191.17556        0.04464        0.03930        0.34473       12.00000        0.38559        1.42781        0.30676        2.51358        0.00163        0.00182        0.03804        0.30133      191.85304        0.04480        0.03936       11.81832        0.25430        1.59152        0.27411        2.52150        0.00163        0.01256        0.02722      300.00000        0.23810
   73    1    1     2668.35247   125921.53405    50985.69036        7.28661       99.35748        0.01206        0.01065        0.41335       25.20000      128.20749        1.33617        0.39839        6.40130        0.01042        0.03693        0.01492       10.07136       99.73093        0.01213        0.01060       25.14354        0.23915      119.68274       10.02019        6.37944        0.01058        0.00057        0.05117      300.00000        1.83252
   74    1    1     3453.22800     8175.16275     3691.08760        5.43017       87.09156        0.00926        0.02215        1.53289       27.70000        7.82022        0.20779        1.52678       15.86548        0.06346        0.00536        0.00610        4.33749       91.02096        0.01009        0.02422       25.30971        0.10930        5.11461        4.32617       16.11951        0.06287        0.00257        0.01132      300.00000       65.67570
   75    1    1     2576.31069     2842.32853      684.23711        5.15137      102.11887        0.01274        0.03526        1.03102       32.30000        1.33704        0.71077        1.02379       17.58883        0.07811        0.02484        0.00731        1.15234       99.73136        0.01207        0.03830       32.55374        1.30826        0.61529        1.15029       17.14258        0.07202        0.03151        0.00205      300.00000       25.02949
   76    1    1     3197.97127     1662.01982      818.73561        7.62295       83.01335        0.00842        0.00607        1.02504       20.90000        0.03430        0.72887        1.00569        6.32324        0.00961        0.02407        0.01944        0.24532       82.89917        0.00839        0.00603       20.92565        0.08483        1.44050        0.24361        6.32382        0.01001        0.04130        0.00171      300.00000        0.56632
   77    1    1     2489.92076    89817.27688    36781.63581        5.89752      115.38899        0.01626        0.03049        0.91679        9.80000       92.27701        0.81759        0.91697        4.03138        0.00404        0.00440       -0.00016       62.69222      115.00976        0.01615        0.03834        8.07084        0.01007       31.30150       62.69271        3.75698        0.00349        0.00480       -0.00049      300.00000       28.07827
   78    1    1     3076.39369    42323.22280    18805.58905        0.75563        7.89469        0.00008        0.01326        1.23035       22.40000       43.00404        0.50429        1.23027        8.44894        0.01778        0.00495        0.00017       31.84004       31.83636        0.00124        0.01189       17.08203        0.62948       12.25841       31.83305       11.75235        0.03358        0.00011        0.00699      300.00000      126.25317
   79    1    1     1733.14841    11204.50944     4806.90787        5.47587      156.38234        0.02987        0.06974        0.12489       26.90000       11.22489        1.61349        0.12107       11.18402        0.03055        0.00449        0.00370       11.24862      154.23626        0.02899        0.06422       29.16415        0.96343        0.75409       11.24850       11.21742        0.03101        0.00757        0.00011      300.00000       15.04696
   80    1    1     1676.25542     1572.98088      600.68850        8.71380      136.11694        0.02263        0.00717        1.53221       24.80000        0.03911        0.20754        1.52702       17.42163        0.07642        0.00483        0.00523        0.15974      135.99548        0.02258        0.00696       24.92057        0.07370        1.54032        0.15996       17.42139        0.07489        0.01171       -0.00021      300.00000        0.42065
   81    1    1      837.20996     1644.89095      657.45762        8.90812      261.77840        0.08370        0.02177        1.55622       22.50000        0.05461        0.18473        1.54983        2.35144        0.00139        0.00234        0.00642        0.27462      261.86265        0.08351        0.02217       22.35805        0.77484        0.74638        0.26761        2.34985        0.00139        0.00184        0.00702      300.00000        0.04045
   82    1    1     2433.87542     1506.11912      575.55200        1.25076       15.46149        0.00029        0.01837        1.36381       17.70000        0.11171        0.37801        1.35655       10.22576        0.02640        0.00050        0.00729        0.76168       25.94702        0.00082        0.03542        7.79174        0.09447        0.98152        0.75715        9.03431        0.02053        0.00465        0.00453      300.00000      143.41527
   83    1    1     1643.16526   208462.08088    81762.69403        6.42735      165.97944        0.03365        0.04780        0.33099       16.30000      207.65670        1.46115        0.27341       14.15342        0.04706        0.00003        0.05760       71.95567      164.42125        0.03298        0.04723       17.30438        0.08920      137.34982       71.95384       14.08692        0.04968        0.05284        0.00183      300.00000        3.62287
   84    1    1     1272.72622     1659.12279      601.56196        6.23388      207.90927        0.05279        0.08306        1.12914        3.10000        0.03777        0.60545        1.12911        9.92015        0.02451        0.01881        0.00006        0.77371      207.03564        0.05195        0.08393        3.00326        0.06959        0.94644        0.75627        9.90677        0.02502        0.00091        0.01743      300.00000        0.33470
   85    1    1     1426.65330     2887.77523     1299.74469        5.24507      182.71578        0.04077        0.10744        0.54371       25.00000        1.24855        1.19073        0.54383        3.07435        0.00235        0.06048       -0.00008        2.56090      185.68988        0.04180        0.10990       23.51879        0.16813        0.27539        2.53595        3.18771        0.00243        0.03548        0.02495      300.00000       19.05739
   86    1    1     2002.19880     1782.33635      811.62731        3.95497       96.27374        0.01132        0.06105        1.05201       11.90000        0.06455        0.68197        1.05260       15.33293        0.05829        0.00735       -0.00055        1.71520       94.47660        0.01085        0.06284       11.51233        0.06009        0.02447        1.70985       15.82060        0.06304        0.00007        0.00535      300.00000        5.94189
   87    1    1     2195.67095     1741.15676      757.18335        0.06223        1.42126        0.00000        0.06370        0.23505        6.10000        0.14061        1.50764        0.22693        9.97690        0.02516        0.02637        0.00810        0.24958       38.58999        0.00182        0.02264       31.48084        0.05611        1.62087        0.24981        7.17601        0.01271        0.03480       -0.00023      300.00000      124.79886
   88    1    1     1912.28153     2401.10236      978.25588        1.50247       43.01839        0.00226        0.09786        0.61679       17.90000        0.69422        1.11970        0.61487       20.51664        0.10539        0.01239        0.00181        1.95793       36.72499        0.00164        0.02704       17.51281        0.08421        0.40858        1.95389       25.33906        0.15675        0.01243        0.00404      300.00000      108.24746
   89    1    1     4168.91929     2195.72068      934.31561        5.62707       73.13403        0.00653        0.01410        0.67122       32.80000        0.79383        1.06898        0.66558        8.95212        0.02019        0.00298        0.00561        1.62660       79.49676        0.00771        0.02241       34.72419        0.11878        0.79351        1.62310        3.78863        0.00351        0.00531        0.00349      300.00000       78.17947
   90    1    1     2425.85149     1741.18259      818.47133        3.79645       81.21608        0.00806        0.04784        1.36441       20.80000        0.03822        0.38572        1.34885       10.07973        0.02586        0.00342        0.01560        0.29853       91.93683        0.01029        0.02765       33.51730        0.18777        1.32651        0.29426        5.43864        0.00722        0.01556        0.00427      300.00000       11.32599
   91    1    1     1571.80910     2440.28650      701.37222        2.43595       65.18922        0.00519        0.08228        0.85557       37.40000        0.94583        0.88413        0.85043       15.70667        0.06212        0.00168        0.00511        0.72421       74.21169        0.00668        0.07333       28.55900        0.90525        1.05440        0.71937       16.94739        0.07229        0.00065        0.00484      300.00000       74.64525
   92    1    1     3920.85700     1440.29415      648.49566        4.92756       43.50389        0.00231        0.00721        1.30371        2.10000        0.02187        0.43038        1.30419       11.14638        0.03085        0.00368       -0.00044        0.65650       46.00772        0.00258        0.01278        1.67821        0.01729        1.08400        0.65570        9.91044        0.02414        0.00272        0.00080      300.00000       32.78427
   93    1    1     1870.44434     3040.14593     1543.60934        6.33797      145.38685        0.02582        0.03845        0.11203       14.30000        1.56260        1.62712        0.10745        3.95982        0.00382        0.00013        0.00465        0.62920      145.23776        0.02562        0.03827       14.21901        0.30715        2.36096        0.62894        4.16441        0.00427        0.00450        0.00026      300.00000        3.55287
   94    1    1     3845.96090     1660.25499      689.84894        4.70326       57.64776        0.00406        0.01429        1.65245        7.50000        0.36638        0.12304        1.61153        7.67700        0.01524        0.00461        0.04088        1.58051       63.27985        0.00489        0.01454       14.15419        0.05463        0.47735        1.57695        4.90412        0.00604        0.04210        0.00356      300.00000       15.75188
   95    1    1     3233.34408     1863.65309      752.72621        3.51120       43.82384        0.00235        0.01668        0.23260        9.70000        0.52592        1.50421        0.23036        4.86720        0.00580        0.03136        0.00222        0.72295       50.34244        0.00308        0.01460       13.79809        0.38689        1.18721        0.68992        3.86655        0.00356        0.00065        0.03303      300.00000       49.92229
   96    1    0      867.62680 12304440.97086  4215957.78031        3.60243       57.08915        0.00398        0.02669        1.57141       12.30000    10595.83330        0.16264        1.57195        6.84325        0.01162        0.00052       -0.00046      716.83793        0.00000        0.00000        0.00000       47.46864        0.00901     9881.01177      716.83793        0.00000        0.00000        0.00000        0.00000      300.00000        0.00000
   97    1    1     1937.97258     1821.93281      499.97793        6.82779      138.83975        0.02354        0.02696        1.27616       11.00000        0.42167        0.45863        1.27593       11.56409        0.03293        0.00701       -0.00390        0.74913      137.82625        0.02308        0.02729       11.05146        0.52921        0.88567        0.74141       11.56491        0.03249        0.00004        0.00772      300.00000        0.88709
   98    1    1      733.47642     3134.48107      776.50866        8.83233      304.37755        0.11315        0.03190        1.07510       30.40000        1.68317        0.67460        1.05996       10.90585        0.03026        0.00856        0.01520        1.96277      304.31381        0.11294        0.03199       30.44656        0.77346        0.68678        1.95765       10.90558        0.02995        0.01885        0.00512      300.00000        0.08895
   99    1    1     2772.91117     1662.88063      726.28566        6.11445       95.52902        0.01115        0.01867        1.37807       12.80000        0.02894        0.37146        1.36310       15.85077        0.06058        0.04022        0.01498        0.27077       96.81535        0.01139        0.02034       11.20067        1.38220        0.16529        0.21403       15.85127        0.05905        0.00004        0.05674      300.00000        4.23725
  100    1    1     2796.35907     3434.73579      438.56110        7.32943       97.14681        0.01153        0.00993        1.58221       55.20000        2.03810        0.15597        1.57860        9.53048        0.02219        0.01977        0.00367        1.60425       96.91148        0.01146        0.00999       55.19916        2.00862        0.17072        1.59334        9.53156        0.02199        0.01266        0.01092      300.00000        1.17676
