    1    1    1      928.05346  5350325.03154  1771209.98684        0.68962       17.08779        0.00036        0.07463        1.59776       14.90000     4620.00290        0.16409        1.57048       18.68184        0.08958        0.00989   -33197.35661     1082.97259       33.93536        0.00141        0.45800       21.93707        0.06321     3539.04775     1082.94067       17.14034        0.06997        0.01373        0.03192      300.00000      162.60166
    2    1    1     7033.34873     2591.94542     1260.12767        1.52426       30.59048        0.00114        0.04805        0.29693       27.90000        1.03534        1.43949        0.29507       10.21027        0.02610        0.01334        0.00183        0.69718       32.54028        0.00129        0.00158       42.97404        0.38454        1.74695        0.69775        7.39948        0.01357        0.01530       -0.00057      300.00000       19.92140
    3    1    1     2364.81625     2099.88044      939.74648        0.57607        7.60397        0.00007        0.02121        0.54094       24.00000        0.57666        1.20010        0.53447       11.39878        0.03277        0.02437        0.00646        1.79413        8.10901        0.00008        0.04683       17.41166        0.05647        0.45536        1.77627       11.14072        0.02985        0.01341        0.01787      300.00000      163.39060
    4    1    1     2477.60716     3786.46685     1639.41126        3.95576       66.82051        0.00545        0.02940        0.82408       10.00000        2.83475        0.91097        0.82360       10.54047        0.02772        0.00006        0.00052        3.74318       80.12411        0.00781        0.03976        9.80188        0.07487        0.75075        3.74304        8.01148        0.01600        0.00007        0.00014      300.00000       12.15632
    5    1    1     2015.53700     2413.95738      846.03120        3.72075       91.71886        0.01027        0.06394        1.04513       22.80000        0.92393        0.68910        1.04547        6.23128        0.00959        0.00291       -0.00039        1.73260       78.98736        0.00761        0.03379       33.08648        0.67955        0.27789        1.73148        6.93640        0.01202        0.00142        0.00112      300.00000       35.01941
    6    1    1     4395.76213     2799.41623      833.35372        3.74139       51.79505        0.00328        0.02013        1.39701       25.60000        1.48957        0.33958        1.39499        5.56852        0.00760        0.00814        0.00205        1.12107       39.23809        0.00188        0.00724       28.40599        1.17450        0.93976        1.12128        6.57330        0.01074        0.01011       -0.00021      300.00000       19.24045
    7    1    1     2114.06459     1904.66376      540.54996        3.48693       88.30585        0.00952        0.06881        1.48607       12.20000        0.47520        0.27919        1.45538        2.19921        0.00124        0.01376        0.03078        1.23902       87.90823        0.00943        0.04726       14.37623        0.68670        0.33118        1.19564        8.81168        0.02011        0.00010        0.04338      300.00000        8.29429
    8    1    1     5483.20845     1600.18575      629.35772        6.29412       51.98092        0.00330        0.00503        0.94420       10.90000        0.17670        0.79389        0.94067       12.13817        0.03600        0.00526        0.00362        0.30820       49.45117        0.00299        0.00528       10.91642        0.46509        1.14157        0.30464       12.13727        0.03600        0.00528        0.00356      300.00000        8.61613
    9    1    1     2947.56939     1476.74583      661.31727        5.92574       91.16611        0.01015        0.01876        0.68080        8.70000        0.00635        1.06354        0.67103        8.18762        0.01625        0.02648        0.00979        1.44459       91.60165        0.01022        0.01769        9.58630        0.01171        0.28499        1.44492        8.22913        0.01673        0.03638       -0.00033      300.00000        6.71259
   10    1    1     1937.56203     4204.31835     1580.91840        6.39965      139.89827        0.02390        0.03446        1.12382       43.40000        3.04742        0.62290        1.11166        3.61343        0.00316        0.02140        0.01218        1.86651      140.99513        0.02421        0.03374       43.48680        2.01304        0.92490        1.84451        3.61106        0.00334        0.01134        0.02200      300.00000        3.26683
   11    1    1     1243.35802     3842.57764     1722.87331        6.17260      215.31592        0.05662        0.09199        1.14714       10.20000        2.41102        0.59115        1.14342        9.97026        0.02498        0.00099        0.00368        2.42116      215.48765        0.05648        0.09182       10.38642        0.09996        1.62432        2.42151        9.98708        0.02464        0.00550       -0.00035      300.00000        3.13877
   12    1    1     4299.09817     9020.11534     3730.65718        4.47076       77.64990        0.00736        0.02948        1.20916       46.80000        8.66923        0.53062        1.20394        8.31838        0.01743        0.00053        0.00529        2.41064       60.54819        0.00447        0.00897       53.63917        7.68039        0.34519        2.41114        5.34684        0.00709        0.00706       -0.00049      300.00000       46.36812
   13    1    1     2078.91870     4548.34006     1978.38845        4.28541       85.82669        0.00900        0.03999        0.56221       23.40000        3.36140        1.18309        0.55148       12.81594        0.03976        0.00694        0.01076        3.26108       86.11626        0.00904        0.07397       27.09195        0.75942        1.06439        3.24926       10.99501        0.03067        0.00382        0.01182      300.00000        9.74943
   14    1    1     1340.66073     1728.51359      694.28263        6.59768      201.73604        0.04970        0.06448        0.44115        9.10000        0.13938        1.31476        0.41981        6.34596        0.00966        0.00006        0.02121        0.55740      201.78143        0.04946        0.06484        8.99865        0.07278        1.25094        0.55014        6.34492        0.01016        0.01362        0.00727      300.00000        1.18440
   15    1    1     4939.80723     2361.93087      435.03082        4.83489       67.22368        0.00552        0.01809        1.07664       28.00000        1.03398        0.65926        1.07531        1.98629        0.00097        0.01812        0.00136        1.00657       38.56171        0.00182        0.00818       27.81543        1.41469        0.36137        0.99003        8.29364        0.01752        0.00243        0.01653      300.00000       38.55422
   16    1    1     1631.51455     3268.33939     1460.54654        6.68870      165.00316        0.03325        0.04107        0.44233       24.40000        1.86308        1.32931        0.40525        9.60249        0.02380        0.04154        0.03707        0.88910      164.53763        0.03305        0.04250       23.85394        0.82254        1.88719        0.88656        9.62077        0.02266        0.07736        0.00254      300.00000        0.60359
   17    1    1     2280.74854   167185.63175    68362.42466        8.95380       94.63862        0.01094        0.00271        0.00846       21.30000      167.77511        1.72616        0.00841        4.08800        0.00416        0.00161        0.00009       67.29078       94.54621        0.01092        0.00274       21.22236       21.31117       80.90930       67.28912        4.10207        0.00421        0.00003        0.00166      300.00000        0.10553
   18    1    1     2340.50438     1579.75406      596.13292        8.94096       91.31740        0.01018        0.00256        0.83187        7.20000        0.19248        0.90245        0.83211       11.45743        0.03265        0.00108       -0.00016        1.46716       91.17604        0.01014        0.00260        7.15086        0.03962        0.42114        1.46626       11.45701        0.03226        0.00037        0.00090      300.00000        0.89966
   19    1    1     2806.89811     1776.03324      890.37883        7.26849       95.28441        0.01109        0.00990        0.61144       34.40000        0.07832        1.12743        0.60713        4.98121        0.00624        0.01555        0.00430        0.16226       95.40583        0.01111        0.00989       34.38130        0.11140        1.54759        0.15385        4.98000        0.00602        0.01171        0.00841      300.00000        0.71760
   20    1    1     1826.19991    20397.77116     8998.44925        1.21421       20.98275        0.00054        0.03594        1.30245       42.00000       21.14933        0.43169        1.30288       10.89539        0.02948        0.00058       -0.00036        7.49304       18.42076        0.00041        0.07135       45.77483        1.90130       13.42975        7.48499       14.62950        0.05408        0.00006        0.00805      300.00000      144.31969
   21    1    1     1479.97216  2727073.70772   871007.90941        4.24654      127.24638        0.01978        0.08989        1.03811       19.30000     2389.49677        0.70224        1.03232        0.92037        0.00021        0.00003        0.00576       82.88457      118.12068        0.01704        0.06763       51.57697        0.37370     2307.97118       82.88221       11.64522        0.03321        0.00049        0.00236      300.00000       40.48229
   22    1    1      986.16383     2014.23238      832.27992        8.51005      243.10035        0.07218        0.02749        0.64620        6.60000        0.57410        1.12467        0.60990        7.88887        0.01606        0.00014        0.03629        1.62210      243.12799        0.07212        0.02755        6.58941        0.03190        0.68859        1.58817        7.88989        0.01481        0.00376        0.03393      300.00000        0.43027
   23    1    1     5878.80078     1976.35567      981.60961        3.28376       37.29752        0.00170        0.01406        0.28332       16.70000        0.32357        1.46592        0.26864       13.39757        0.04329        0.05059        0.01476        1.75272       28.13322        0.00097        0.00211       34.86996        0.10860        0.23404        1.75325        8.69287        0.01872        0.06529       -0.00053      300.00000       52.82326
   24    1    1     2724.98192     4238.17648     1928.28369        6.28993      101.02221        0.01246        0.01904        0.71635       45.50000        2.79588        1.01810        0.71646       20.50515        0.10463        0.00654       -0.00011        3.20386      101.18568        0.01244        0.01909       45.53349        0.21109        1.11751        3.20202       20.48005        0.10500        0.00402        0.00183      300.00000        6.50655
   25    1    1     2069.20623     1941.81173      623.16786        4.32591       88.17893        0.00950        0.04125        1.10336       11.30000        0.45757        0.66954        1.06502        9.57150        0.02174        0.05040        0.03843        1.32143      102.50467        0.01277        0.05771       10.36708        0.46351        0.49174        1.23633        3.96790        0.00415        0.00204        0.08510      300.00000        7.13096
   26    1    1     2680.50800   797620.61001   300448.12308        5.17101      100.99487        0.01246        0.03413        1.13284       13.80000      760.07485        0.60133        1.13324        2.28803        0.00129        0.00150       -0.00040      436.70103      101.09472        0.01248        0.03117       15.73370        0.09343      325.01591      436.70108        3.59772        0.00322        0.00135       -0.00005      300.00000       28.91304
   27    1    1     3048.98085  1094958.93961   385646.61952        3.40644       25.58689        0.00080        0.00609        1.56774       29.10000     1019.67669        0.18317        1.55139        2.73413        0.00190        0.03563        0.01641      939.70281       36.51667        0.00163        0.05013       31.60102        0.06297       81.60923      939.69505        3.29680        0.00275        0.04145        0.00776      300.00000      105.53735
   28    1    1    13416.51559     6105.62167     2713.71150        3.83043       32.33114        0.00128        0.00742        0.55267       27.40000        5.53719        1.18358        0.55098        5.20673        0.00665        0.00748        0.00168        3.43777       38.24047        0.00179        0.00408       23.74860        0.49462        3.34095        3.43107        7.53782        0.01434        0.00273        0.00670      300.00000      157.12158
   29    1    1     1063.17209     1904.12623      827.22974        8.85088      208.50219        0.05310        0.01468        1.62423       35.00000        0.17220        0.12703        1.60754       14.99576        0.05414        0.00534        0.01665        0.46909      208.47702        0.05297        0.01477       35.02317        0.44654        1.01202        0.44829       14.99522        0.05396        0.00137        0.02080      300.00000        0.24072
   30    1    1     1450.29735    10118.20384     4030.49029        8.55697      166.20377        0.03374        0.01234        0.30522       12.50000       10.39720        1.42924        0.30532        5.72624        0.00816        0.01926       -0.00009        3.98483      166.28305        0.03376        0.01246       12.35718        0.25837        7.89029        3.98291        5.72544        0.00821        0.01722        0.00192      300.00000        0.67086
   31    1    1     3136.38968     2163.88923      427.36140        3.89932       84.34001        0.00869        0.04845        1.07428       26.40000        0.73045        0.66155        1.07302        0.98889        0.00024        0.05012        0.00120        1.28803       69.47359        0.00589        0.01248       37.84888        0.91868        0.34232        1.24261        1.51648        0.00054        0.00584        0.04542      300.00000        7.63959
   32    1    1     1214.93302    13415.55876     6475.49758        7.49171      219.21081        0.05869        0.04588        1.15080       34.00000       13.85171        0.59349        1.14108       10.07964        0.02572        0.00680        0.00962        9.03062      219.21860        0.05859        0.04584       34.06364        1.15503        5.40551        9.02595       10.07465        0.02554        0.01195        0.00467      300.00000        0.61622
   33    1    1     4372.97626     1764.71864      768.92347        1.04216       21.04359        0.00054        0.04926        0.65329       15.50000        0.04819        1.08636        0.64820       19.00559        0.08805        0.00331        0.00511        0.18937       19.92264        0.00048        0.00829       29.91327        0.05617        1.58376        0.18120       19.34852        0.09089        0.00001        0.00816      300.00000      104.00396
   34    1    1     1661.90524    11019.11435     4831.80297        3.56476       86.20463        0.00908        0.06235        0.06265       17.40000       11.04337        1.67192        0.06264       11.99926        0.03585        0.00631       -0.00001        9.40935       73.42624        0.00655        0.09201        4.79993        0.01249        3.33991        9.40556       10.39559        0.02716        0.00403        0.00379      300.00000       50.55317
   35    1    1     2015.08491     1982.42201      446.45558        6.08478      133.08472        0.02163        0.03679        1.09353       30.90000        0.51097        0.64407        1.09050       11.98502        0.03605        0.03619        0.00303        1.02629      132.82079        0.02154        0.03722       30.76264        0.65255        0.56581        1.02675       12.00648        0.03581        0.04003       -0.00046      300.00000        4.90845
   36    1    1     6140.64718     1837.88853      655.25577        5.20008       54.49436        0.00363        0.00979        1.43010       17.40000        0.48436        0.30389        1.43067       16.56713        0.06804        0.00004       -0.00059        0.58231       49.10965        0.00294        0.00706       36.01149        0.25155        1.43523        0.58279        9.15787        0.02075        0.00003       -0.00048      300.00000       75.16248
   37    1    1     2317.83186     2083.21133      523.18385        2.17840       42.36293        0.00219        0.04400        1.47850       31.90000        0.72629        0.25568        1.47888        5.25307        0.00686        0.00019       -0.00032        1.31047       57.15391        0.00398        0.02588       31.28149        0.59376        0.55588        1.31093        9.72415        0.02347        0.00027       -0.00046      300.00000       71.13560
   38    1    1     2781.17928     2367.04651     1105.97862        8.02126       96.55525        0.01139        0.00631        0.22752       10.70000        0.86836        1.50698        0.22759       15.13624        0.05704        0.02588       -0.00002        2.35574       96.59672        0.01137        0.00632       10.70592        0.17086        0.07577        2.35633       15.13571        0.05673        0.02669       -0.00059      300.00000        3.82452
   39    1    1     2911.64022     2184.93876      927.81287        4.75480       66.42679        0.00539        0.01845        1.65878       11.60000        0.75143        0.08403        1.65054       14.37671        0.05018        0.01154        0.00815        1.09114       78.12344        0.00744        0.05090       14.72228        0.01109        1.39217        1.09167        5.65757        0.00793        0.01912       -0.00052      300.00000       17.13784
   40    1    1     2947.71873    12312.47850     5793.66419        7.52347       94.55845        0.01092        0.00837        0.04963       12.70000       12.15297        1.70072        0.03385        5.35034        0.00729        0.00158        0.01575        3.77941       94.14048        0.01082        0.00848       12.78869        0.03621       10.08168        3.76965        5.34796        0.00724        0.00764        0.00977      300.00000        3.82160
   41    1    1     1548.98379     3153.68012      872.71787        3.73496       92.05753        0.01035        0.06385        1.43823       32.90000        1.65873        0.35910        1.37546       13.54129        0.04298        0.00101        0.06286        1.40604       72.12748        0.00635        0.08770       32.41088        1.27175        0.75703        1.36225       10.70183        0.02709        0.01829        0.04379      300.00000       64.16181
   42    1    1     3827.13414     2677.62318     1080.36796        1.22582       11.02085        0.00015        0.00972        0.30969       17.40000        1.38119        1.45359        0.28098        9.23945        0.02193        0.00663        0.02865        1.46493       11.65947        0.00017        0.00943       16.62023        0.36476        1.26514        1.46515       13.06638        0.04215        0.03634       -0.00022      300.00000      159.75231
   43    1    1     2422.21603     3221.63513     1208.02605        6.24543      110.06509        0.01480        0.02314        1.36955       22.50000        2.03174        0.38175        1.35281       14.99576        0.05414        0.00534        0.01673        2.17012      109.10225        0.01450        0.02388       22.29978        0.47019        1.13501        2.16063       15.00043        0.05455        0.01222        0.00949      300.00000        1.19466
   44    1    1     6511.16351     1448.18958      636.71177        5.36251       32.13212        0.00126        0.00312        1.23084       10.50000        0.00978        0.50325        1.23132       15.47133        0.05918        0.00787       -0.00040        1.44193       19.12673        0.00045        0.02851       23.66678        0.03952        0.28995        1.43727        7.45838        0.01357        0.00137        0.00466      300.00000      127.67685
   45    1    1     2050.46597     1543.31200      673.76725        8.02630      125.75347        0.01931        0.01067        1.25775       27.40000        0.06366        0.48383        1.25073        1.03262        0.00027        0.00165        0.00701        0.86537      125.75364        0.01928        0.01069       27.40109        0.06000        0.88049        0.85775        1.03188        0.00027        0.00105        0.00763      300.00000        0.08037
   46    1    1     2763.25150     1647.63439      545.23582        5.83311       98.22218        0.01178        0.02285        0.94416       26.00000        0.21012        0.78981        0.94475        5.53245        0.00758        0.00161       -0.00051        0.26757       96.93774        0.01147        0.02130       26.78619        0.63249        1.04775        0.26658        5.41246        0.00732        0.00001        0.00100      300.00000       10.07502
   47    1    1     1833.18255   193910.58995    78747.67813        7.01287      150.42970        0.02764        0.02856        0.31032       19.20000      194.82492        1.42803        0.30654        6.41385        0.01005        0.00018        0.00381       16.83818      150.06043        0.02750        0.02856       19.41516        0.02046      179.70427       16.83484        6.42137        0.01035        0.00037        0.00334      300.00000        2.66745
   48    1    1     1874.41754    16925.96037     8902.55423        7.16650      143.60954        0.02519        0.02386        0.70484       21.00000       15.61720        1.04496        0.68960       13.68802        0.04517        0.00773        0.01526        0.83795      143.28793        0.02495        0.02424       20.91857        1.13523       15.39722        0.81913       13.69284        0.04506        0.00429        0.01882      300.00000        0.71472
   49    1    1     1041.22483     2075.97548      551.52457        8.39742      235.93593        0.06799        0.02843        1.00328       19.40000        0.65775        0.77036        0.96421        3.86544        0.00386        0.00756        0.03914        0.63285      235.83350        0.06779        0.02860       19.40002        0.71571        1.07103        0.60557        3.86523        0.00357        0.01967        0.02728      300.00000        0.19822
   50    1    1     1385.38178    20960.33713     9254.74972        1.55754       40.89283        0.00204        0.08215        1.58464       30.30000       21.30533        0.15527        1.57929        8.97708        0.02030        0.02205        0.00536        8.66193       47.90091        0.00279        0.09472       34.44307        1.61730       12.77396        8.62190        8.21733        0.01601        0.00507        0.04004      300.00000      122.89627
   51    1    1     3167.31132     1727.27053      760.52447        5.01730       63.92854        0.00499        0.01484        0.63196        9.20000        0.25618        1.10261        0.63195        7.56964        0.01427        0.03320       -0.00003        0.70383       67.99049        0.00565        0.02274       10.70590        0.58182        0.70947        0.70215        3.68093        0.00332        0.03125        0.00168      300.00000        9.76849
   52    1    1     4833.59267     1564.61616      752.11706        5.06287       80.06857        0.00783        0.02272        1.54553       13.60000        0.01083        0.18896        1.54560        5.90451        0.00868        0.00049       -0.00004        0.45803       76.76334        0.00719        0.01681       19.77755        0.02686        1.27067        0.45852        4.28829        0.00455        0.00096       -0.00049      300.00000      128.37088
   53    1    1     4251.04493     1458.26272      546.78172        2.83144       40.94848        0.00205        0.02350        0.60923       10.60000        0.05972        1.12481        0.60976        5.71184        0.00808        0.01920       -0.00057        1.19046       22.79358        0.00063        0.00671       21.39867        0.12098        0.51269        1.17885        5.67375        0.00779        0.00733        0.01161      300.00000       46.09580
   54    1    1     1617.75634     4252.15231     1393.15112        0.30092        6.60905        0.00005        0.05886        0.60964       38.00000        3.00115        1.12481        0.60976       10.47859        0.02708        0.02034       -0.00005        2.02551       25.02899        0.00076        0.04996       40.10168        1.18359        1.54189        2.01616       10.94142        0.03030        0.00991        0.00935      300.00000      156.39682
   55    1    1     2015.56552    10441.88540     4620.86187        3.19225       72.13670        0.00636        0.05601        0.25012        9.20000       10.51025        1.48393        0.25064       12.93802        0.04155        0.00084       -0.00052        2.60459       71.72661        0.00628        0.03821       35.32716        0.28750        9.39166        2.59458        9.10173        0.02007        0.00075        0.01001      300.00000       48.80659
   56    1    1     3408.24198    53272.30649    22842.46559        4.54707       48.31341        0.00285        0.01094        1.35930       27.90000       55.09976        0.37494        1.35963        3.33304        0.00275        0.02630       -0.00041       12.11166       54.38573        0.00361        0.01935       20.56523        0.27365       44.45265       12.09984        5.81618        0.00858        0.00734        0.01182      300.00000       35.41244
   57    1    1     1836.56219     1999.43935      821.72380        0.12012        2.52930        0.00001        0.05415        1.37111       22.10000        0.20320        0.36870        1.36587       24.88527        0.15594        0.01584        0.00519        0.28872       58.03130        0.00411        0.05247       13.70906        0.60926        1.04415        0.28263       24.73240        0.14891        0.02132        0.00609      300.00000      127.25999
   58    1    1     2076.89464    11200.33243     5044.69074        2.69272       53.32360        0.00347        0.04442        1.34870       22.30000       11.09488        0.38600        1.34857        5.64381        0.00794        0.00686        0.00016        3.66431       67.12569        0.00550        0.04632       20.51690        0.36619        8.76115        3.65624       13.83572        0.04648        0.00235        0.00807      300.00000       58.44355
   59    1    1     1725.35479     2176.95612      794.31665        4.82316      133.97344        0.02192        0.07231        1.19761       21.30000        0.56144        0.53646        1.19811       12.93487        0.04153        0.00020       -0.00047        0.46276      131.96923        0.02113        0.06699       19.84499        1.62126        0.20856        0.46315       14.28802        0.05071        0.00006       -0.00040      300.00000        3.34754
   60    1    1     1144.08812     1852.82927      658.97315        7.50864      234.56228        0.06720        0.05199        1.35113       35.00000        0.08685        0.42644        1.30812       16.62480        0.07156        0.01003        0.04302        0.74549      234.67510        0.06692        0.05183       35.10870        0.10663        1.01994        0.69523       16.62413        0.06516        0.00924        0.05026      300.00000        0.14626
   61    1    1      899.73609     1768.30659      611.94301        8.52516      267.62702        0.08748        0.03288        0.39316       20.00000        0.22357        1.34162        0.39295        3.61189        0.00325        0.00060        0.00029        1.33274      267.77304        0.08732        0.03306       19.99894        0.18063        0.44434        1.33316        3.61478        0.00323        0.00124       -0.00042      300.00000        0.05346
   62    1    1     1413.68631     1589.60801      680.26615        8.54550      167.75011        0.03437        0.01270        1.53522        1.80000        0.00245        0.21276        1.52181       14.55346        0.05381        0.00037        0.01335        1.65657      167.80030        0.03436        0.01273        1.67388        0.00271        0.08150        1.65279       14.55360        0.05174        0.01208        0.00378      300.00000        0.70910
   63    1    1     2586.44730     2532.49592      893.61016        3.86274      105.46105        0.01358        0.07745        0.74101       28.20000        1.15713        0.99606        0.73851       10.29591        0.02657        0.00362        0.00249        1.75139       62.95548        0.00484        0.01687       29.29481        0.89874        0.24002        1.75190       19.74687        0.09668        0.00690       -0.00051      300.00000        9.35219
   64    1    1     1008.37614     5515.89620     2521.64447        8.64107      231.48434        0.06544        0.02220        0.29854       19.70000        4.70166        1.43648        0.29808        3.56018        0.00312        0.00381        0.00047        3.75890      231.59838        0.06546        0.02236       19.58447        0.16050        2.52008        3.75542        3.55200        0.00317        0.00081        0.00348      300.00000        0.37121
   65    1    1     3345.53361     1717.20109      717.32434        4.06705       85.86150        0.00900        0.04543        0.18536       20.50000        0.25923        1.54917        0.18539        4.67061        0.00543        0.01408        0.00008        1.30120       90.08728        0.00989        0.02688       26.73558        0.08619        0.63523        1.28816        5.36049        0.00730        0.00102        0.01304      300.00000       90.21814
   66    1    1     2138.76294     1666.78276      573.64234        3.70817       62.83717        0.00482        0.03025        1.06353        6.80000        0.08938        0.68597        1.04859       21.13619        0.11366        0.00894        0.01496        0.99034       87.04402        0.00923        0.08288       18.87459        0.16614        0.71369        0.96502       11.77956        0.03319        0.00107        0.02532      300.00000       33.78065
   67    1    1     1591.77839     1761.56096      531.05878        4.01060      114.65986        0.01606        0.08377        0.87151       17.00000        0.17323        0.86252        0.87205        7.41146        0.01363        0.00450       -0.00055        0.57617      105.13266        0.01347        0.07754       18.12200        0.39797        0.93612        0.57505        9.03654        0.02006        0.00390        0.00112      300.00000       23.79019
   68    1    1     2550.26671     1628.20014      631.42665        0.73829       10.93403        0.00015        0.02664        1.31330        4.80000        0.08534        0.45203        1.28254       20.14365        0.09671        0.00324        0.03083        0.98987       49.56992        0.00299        0.01856       44.34421        0.36121        0.56670        0.98962        5.13205        0.00649        0.03161        0.00025      300.00000      124.34757
   69    1    1     1491.80357     6004.54951     2522.45150        1.72853       43.66234        0.00233        0.07560        1.28471       17.00000        5.32945        0.45764        1.27692        7.37074        0.01320        0.00060        0.00782        3.31789       50.06505        0.00304        0.07668       13.36589        0.73136        3.01653        3.31469        5.85891        0.00862        0.00941        0.00320      300.00000      108.71835
   70    1    1     3358.26215     3782.44918     1592.61563        1.75062       33.70235        0.00139        0.04388        0.26016       13.90000        2.74453        1.47384        0.26072        6.03890        0.00904        0.00043       -0.00048        1.11266       21.95220        0.00059        0.00577       27.02243        0.63586        2.75929        1.11242        8.80335        0.01909        0.00001        0.00024      300.00000      107.00210
   71    1    1     1582.60895     2211.28668      791.46172        6.56205      173.52110        0.03677        0.04863        0.72039       23.00000        0.77667        1.02010        0.71446        2.16176        0.00118        0.05507        0.00594        1.63788      173.50465        0.03668        0.04831       23.16218        0.17705        0.69620        1.63838        2.16775        0.00116        0.06154       -0.00049      300.00000        3.95813
   72    1    1     2662.34970     1475.62127      595.49251        5.15515       99.88318        0.01218        0.03366        0.46100       15.50000        0.03330        1.27380        0.46077        5.01684        0.00620        0.00560        0.00019        0.76764       96.06750        0.01126        0.02910       19.01872        0.05430        0.95191        0.76760        4.86304        0.00589        0.00564        0.00003      300.00000       18.81143
   73    1    1     2045.58926     1551.70409      634.81109        5.75383      133.98747        0.02193        0.04430        1.55624        0.80000        0.03503        0.20536        1.52921       12.07766        0.03485        0.02771        0.02698        0.68747      134.59885        0.02203        0.04265        5.70203        0.00532        1.07912        0.68660       12.07140        0.03581        0.05300        0.00088      300.00000       13.18930
   74    1    1     5235.00633     1804.03875      832.89268        5.01346       58.47388        0.00418        0.01244        0.51857       18.80000        0.35389        1.21707        0.51749        2.92261        0.00213        0.01325        0.00107        0.66019       65.17733        0.00518        0.01058       18.37568        0.37688        1.06213        0.64632        4.86770        0.00572        0.00085        0.01387      300.00000       90.38766
   75    1    1     3736.05571    53685.33954    21955.26464        4.34068       48.29064        0.00285        0.01227        0.32782       19.50000       55.57692        1.41071        0.32386       15.80741        0.06101        0.00038        0.00401       41.37180       49.69560        0.00301        0.01020       26.16610        0.08221       15.90575       41.37126        8.36358        0.01721        0.00181        0.00054      300.00000       36.14530
   76    1    1     3282.24198     1431.05021      731.48388        4.56788       70.51852        0.00607        0.02303        0.42601        1.00000        0.00129        1.31027        0.42429        1.93303        0.00092        0.02977        0.00172        0.50732       65.42916        0.00522        0.01635        4.20412        0.00097        1.25863        0.47904        5.31533        0.00726        0.00163        0.02828      300.00000       12.78378
   77    1    1     2552.51994     1804.01319      820.63178        6.36798      104.47385        0.01333        0.01954        0.49417        6.20000        0.03790        1.25563        0.47894       20.40141        0.10033        0.00146        0.01527        0.62337      104.02407        0.01322        0.01980        5.87332        0.99836        0.15085        0.62307       20.40142        0.10376        0.01302        0.00030      300.00000        0.58857
   78    1    1     1575.05291    22782.75413    11967.59309        7.06060      173.63343        0.03682        0.03704        0.02591       22.00000       23.42847        1.70906        0.02550       21.08540        0.11089        0.02532        0.00042        1.22760      173.59835        0.03680        0.03669       22.07757        6.49908       17.45296        1.21133       21.08527        0.10708        0.01328        0.01626      300.00000        1.81725
   79    1    1     1604.31959     2714.56057     1197.41293        7.86582      162.97149        0.03244        0.01999        0.12489       13.00000        1.35125        1.60912        0.12545        8.10153        0.01626        0.04125       -0.00053        1.45211      162.57686        0.03217        0.02019       13.04678        0.02966        1.62923        1.42698        8.10116        0.01570        0.01614        0.02513      300.00000        0.50210
   80    1    1    10451.28504     2497.31738      983.17587        0.06808        0.72455        0.00000        0.01383        0.87978        9.90000        1.18994        0.89667        0.83789       15.35757        0.05585        0.05096        0.04191        1.78864       28.98812        0.00103        0.00095       27.60608        0.14531        1.11320        1.70137       12.47587        0.03611        0.00178        0.08727      300.00000       15.37314
   81    1    1     5007.78881     1583.26655      638.88206        3.96653       64.22220        0.00504        0.02698        1.32910       18.40000        0.11006        0.40672        1.32784        4.67438        0.00536        0.00347        0.00115        0.64102       60.03083        0.00440        0.01253       27.48063        0.20514        1.02152        0.63684        2.89106        0.00204        0.00010        0.00418      300.00000      120.72524
   82    1    1     2231.69948   206357.12637    78406.87709        8.57292      106.80456        0.01393        0.00502        0.57115       31.70000      205.67451        1.18459        0.54997       16.99698        0.07385        0.00088        0.02120       74.03420      106.99727        0.01397        0.00510       31.65598        0.96426      132.41086       74.03380       16.99627        0.07112        0.02449        0.00040      300.00000        0.06659
   83    1    1     4139.19176   495998.48435   189662.06906        1.33348       17.40181        0.00037        0.02043        0.50363       19.40000      483.32083        1.23920        0.49536       12.38475        0.03723        0.02674        0.00841       86.45532       43.58054        0.00232        0.01503       12.68002        0.01882      398.62253       86.44729        9.24767        0.02077        0.01353        0.00803      300.00000       65.80994
   84    1    1     1471.22346     2707.12416     1155.66418        8.40415      168.18292        0.03455        0.01437        0.30837       15.90000        1.38700        1.42865        0.30591        8.04144        0.01583        0.02011        0.00243        0.54438      168.20551        0.03448        0.01425       16.04300        0.11458        2.48429        0.52293        8.04080        0.01551        0.00139        0.02145      300.00000        0.58916
   85    1    1     1597.40426     1726.98829      814.19798        7.81966      165.78862        0.03357        0.02133        0.49201        9.80000        0.05096        1.24241        0.49215       10.93039        0.02973        0.01915       -0.00017        1.62797      165.34061        0.03331        0.02107       10.34667        0.02166        0.15124        1.61319       10.93023        0.03039        0.00352        0.01477      300.00000        0.61996
   86    1    1     2453.78465     3407.03101     1460.53897        6.03883      113.62866        0.01577        0.02747        0.18007        7.20000        2.36628        1.56726        0.16730       13.14807        0.04177        0.00496        0.01267        2.79813      114.15865        0.01587        0.02669        8.05303        0.04032        1.26634        2.79494       13.13077        0.04216        0.01407        0.00318      300.00000       11.33976
   87    1    1     4451.86394   142393.92934    57575.70879        5.26444       45.16767        0.00249        0.00650        0.84756       20.70000      144.18849        0.91471        0.81986       10.15354        0.02462        0.00874        0.02774       47.09773       33.72074        0.00139        0.02246       31.33454        2.15732       96.68748       47.07105        9.57880        0.02193        0.00471        0.02668      300.00000       44.72114
   88    1    1     1237.76416     2395.70841      934.24490        2.00272       62.69717        0.00480        0.11490        0.12736        9.20000        0.92399        1.60982        0.12474        6.68700        0.01094        0.02868        0.00274        1.59278       71.74427        0.00628        0.10085       17.26980        0.20907        0.87469        1.58138        7.47226        0.01351        0.02332        0.01140      300.00000      100.49565
   89    1    1     2166.36167     2444.37471      805.92854        6.91326      124.78215        0.01902        0.02077        0.64084       32.20000        1.10485        1.12813        0.60644        4.11305        0.00436        0.00000        0.03433        2.13383      125.57760        0.01922        0.02098       32.05911        0.49410        0.22814        2.11669        4.18345        0.00446        0.01723        0.01713      300.00000        1.00928
   90    1    1     3252.08023     2367.20070      978.23718        6.96378       84.24468        0.00867        0.00921        0.26216       29.00000        1.03009        1.47384        0.26072       12.89527        0.04080        0.00003        0.00143        1.11423       84.31447        0.00866        0.00933       28.96080        0.22886        1.42209        1.11360       12.89459        0.04150        0.00013        0.00063      300.00000        1.99217
   91    1    1     1781.42449     1550.23286      620.68702        6.31023      153.90684        0.02893        0.04372        0.97212       13.20000        0.04830        0.76276        0.97181        8.62284        0.01830        0.00197        0.00033        1.40272      153.71420        0.02877        0.04336       13.66353        0.03471        0.34834        1.40033        8.62231        0.01820        0.00000        0.00238      300.00000        6.08999
   92    1    1     1806.79420     1802.99381      413.27221        2.40388       46.53005        0.00264        0.04311        1.45268       18.20000        0.42242        0.28550        1.44907        5.36631        0.00704        0.00007        0.00356        0.93131       45.98433        0.00257        0.04946       16.60019        0.70417        0.51812        0.93127        3.96991        0.00393        0.00391        0.00004      300.00000      105.64374
   93    1    1     3846.63189     3161.81633      951.35992        1.52953       31.82190        0.00124        0.05163        0.75283       34.60000        1.92004        0.98644        0.74812        4.67437        0.00533        0.00009        0.00460        2.11836       41.39675        0.00208        0.03494       25.36786        1.17756        0.36504        2.11519        8.56592        0.01842        0.00119        0.00317      300.00000       53.85701
   94    1    1     1520.86204     7405.12705     3805.56196        8.02912      168.35567        0.03462        0.01908        0.78928       28.50000        6.97981        0.97729        0.75727        6.87612        0.01126        0.00917        0.03202        1.03872      168.30585        0.03459        0.01915       28.47723        0.89746        6.78446        1.03246        6.88162        0.01152        0.03461        0.00626      300.00000        0.67923
   95    1    1     2877.30016    10439.96693     4731.15150        6.37007       93.14296        0.01060        0.01552        0.59027        5.00000       10.18941        1.15441        0.58016       14.88724        0.05369        0.01392        0.01004        1.32958       93.03395        0.01056        0.01537        5.01632        0.06970       10.52597        1.32828       14.88863        0.05542        0.02122        0.00130      300.00000        0.59949
   96    1    1     2292.10467     1582.89546      654.14720        6.11305      116.75254        0.01665        0.02790        0.61347        3.70000        0.15064        1.14220        0.59236        3.61471        0.00313        0.01099        0.02116        0.81446      116.39556        0.01652        0.02694        3.82492        0.00613        1.08246        0.79665        4.14385        0.00413        0.01436        0.01780      300.00000        2.95252
   97    1    1     2370.12115     3008.32604     1316.56403        3.94555       69.46801        0.00589        0.03197        0.48016       23.10000        1.76256        1.25729        0.47727        8.78977        0.01938        0.00078        0.00294        0.53693       66.51879        0.00540        0.03825       20.62393        0.51399        2.43931        0.53297        9.86802        0.02378        0.00038        0.00395      300.00000       30.03283
   98    1    1     2403.92860     3413.83725     1508.86885        8.52677       99.97391        0.01221        0.00458        0.59643       20.90000        2.02770        1.15676        0.57781       13.68800        0.04781        0.00172        0.01863        1.56269      100.00441        0.01219        0.00459       20.90498        0.62409        1.59563        1.54256       13.68799        0.04499        0.00305        0.02012      300.00000        0.29608
   99    1    1     3036.59232     2689.53422      561.57665        4.24023       72.41173        0.00640        0.02921        1.47553       31.60000        1.21886        0.26240        1.47216       11.37432        0.03162        0.03588        0.00343        1.40014       48.46795        0.00286        0.01450       29.72157        1.34701        0.20149        1.39815       15.29606        0.05735        0.03657        0.00199      300.00000       23.92097
  100    1    1     3899.44342     3025.71281     1465.79298        4.79607       39.08601        0.00187        0.00625        0.26188       26.00000        1.64571        1.48383        0.25074        2.62501        0.00167        0.04567        0.01121        3.16507       51.70524        0.00326        0.01587       21.60385        0.14049        0.06629        3.16263        1.05288        0.00027        0.05563        0.00244      300.00000       66.24821
