    1    1    0      905.78720 15375865.89439  5097670.79856        4.11136       62.13914        0.00472        0.02318        1.33886       22.10000    13233.37028        0.39578        1.33878        7.28389        0.01322        0.00457   -33197.38375      833.03754        0.00000        0.00000        0.00000       48.48793        0.01821    12402.09516      833.03754        0.00000        0.00000        0.00000        0.00000      300.00000        0.00000
    2    1    1     2119.62316     3002.11259      608.28782        7.08111      128.89915        0.02029        0.02018        1.22742       41.10000        1.68088        0.51305        1.22151        6.53225        0.01039        0.04530        0.00136        2.17784      128.74756        0.02016        0.02000       41.15977        1.00017        0.23763        2.17791        6.53941        0.01055        0.05117       -0.00007      300.00000        1.68972
    3    1    1     3736.74874     1467.91939      590.38795        4.82913       43.71948        0.00233        0.00768        0.94096        0.70000        0.00025        0.79426        0.94031       11.45740        0.03228        0.00061        0.00066        0.70204       39.20666        0.00187        0.03089       15.07772        0.42712        0.60070        0.70238        7.54239        0.01405        0.00170       -0.00034      300.00000       44.42231
    4    1    0      862.60854 14705657.35146  4928422.36398        5.62237      130.33352        0.02075        0.04488        0.83322       11.90000    12703.13779        0.97028        0.76429        9.62819        0.02167        0.00132        0.06886       26.51114        0.00000        0.00000        0.00000      146.80629        0.08296    12678.43967       26.51114        0.00000        0.00000        0.00000        0.00000      300.00000        0.00000
    5    1    1     2998.08440     1693.83791      745.94979        0.27326        2.49794        0.00001        0.01020        0.25763       39.70000        0.08477        1.47867        0.25589       10.79675        0.02859        0.00001        0.00050        1.41721       34.42063        0.00145        0.02967       41.91584        0.11734        0.27986        1.41768        7.09571        0.01245        0.00190       -0.00048      300.00000      142.49013
    6    1    1     2815.06075    10859.89741     4420.99753        2.80863       30.08073        0.00111        0.01290        1.35257       54.00000       10.66195        0.39924        1.33533        4.65729        0.00553        0.00000        0.01721        9.50510       37.16114        0.00169        0.02395       49.37647        0.93109        1.90738        9.50405       10.22438        0.02568        0.03841        0.00106      300.00000       98.45958
    7    1    1     1288.62243    11851.88081     5393.31192        1.87673       45.97779        0.00258        0.07072        1.03555       56.00000       11.35910        0.71734        1.01722        8.80188        0.01976        0.00542        0.01834        5.55461        9.74746        0.00012        0.11961       58.82349        2.32657        5.18792        5.54796        5.52496        0.00770        0.01396        0.00665      300.00000      152.53752
    8    1    1     2165.25279     1993.78285      620.75531        4.59295      108.86528        0.01447        0.05414        1.45054       23.20000        0.55869        0.33798        1.39659        6.89184        0.01118        0.00141        0.05400        0.60879      111.27279        0.01508        0.07265       16.80078        0.28377        1.40129        0.59635        4.28970        0.00467        0.04218        0.01244      300.00000       34.42923
    9    1    1     2463.79935     1566.31894      500.12210        2.70358       35.93126        0.00158        0.02000        1.14508        6.40000        0.14524        0.60280        1.13177       12.82500        0.03972        0.00000        0.01328        0.35583       73.29456        0.00655        0.02634       25.60846        0.32538        1.23951        0.34470        1.64901        0.00066        0.00015        0.01113      300.00000       68.20903
   10    1    1     1084.01661     2009.47072      544.62885        8.69556      214.32791        0.05610        0.01810        1.58378       21.00000        0.47322        0.23574        1.49882       10.76835        0.03055        0.03317        0.08507        0.98346      214.24218        0.05598        0.01840       20.85864        0.55018        0.75422        0.90308       10.76797        0.03049        0.03790        0.08038      300.00000        0.05715
   11    1    1     1929.26889     2368.94510      914.40875        3.66757       81.06352        0.00803        0.05164        1.40637       10.70000        1.07279        0.35139        1.38317       12.97595        0.04034        0.00886        0.02321        0.29381       75.43007        0.00693        0.04845        7.87606        0.47322        2.06042        0.27027       14.18742        0.04820        0.00837        0.02355      300.00000       40.86320
   12    1    1     2083.55480     2116.26469      751.34186        4.68919       91.68437        0.01027        0.03642        0.48321       16.30000        0.62803        1.25483        0.47974       12.29962        0.03697        0.02946        0.00337        1.26030       74.80560        0.00682        0.06867       16.19528        0.67858        0.42302        1.26072        6.33296        0.00992        0.03188       -0.00042      300.00000       26.54026
   13    1    1     3621.99618     2114.03960      880.32813        8.95732       59.45969        0.00432        0.00106        0.45695       20.60000        0.81376        1.28758        0.44699        6.48264        0.01018        0.00004        0.00997        0.53507       59.50426        0.00432        0.00105       20.61060        0.68235        1.33244        0.53355        6.48340        0.01031        0.00835        0.00151      300.00000        0.35827
   14    1    1     1396.40152     2013.59049      668.62500        8.82616      161.95355        0.03203        0.00909        1.68024       16.50000        0.73494        0.05469        1.67987        7.58754        0.01436        0.00000        0.00040        0.95374      162.09603        0.03206        0.00919       16.40650        0.20156        1.31391        0.95388        7.58713        0.01420        0.00068       -0.00013      300.00000        0.61838
   15    1    1     4871.03669     4157.21686     1752.75887        1.12004       23.39304        0.00067        0.05261        0.75894       27.90000        3.06074        0.97506        0.75951        3.27267        0.00265        0.00394       -0.00054        2.92884       30.73351        0.00115        0.02114       32.08240        0.17340        1.68136        2.92420       14.00625        0.04785        0.00089        0.00464      300.00000       70.46785
   16    1    1     4144.36400     1686.14642      762.84424        1.31986       21.03716        0.00054        0.03049        1.36223        9.40000        0.00845        0.37248        1.36209       14.25877        0.05065        0.02353        0.00015        1.13869       44.77187        0.00244        0.06040       23.98556        0.11832        0.51648        1.11379        6.81494        0.01190        0.00014        0.02490      300.00000       94.76312
   17    1    1     2411.80480    13902.20809     6303.25124        7.07374      109.73918        0.01471        0.01469        0.37379       17.10000       14.05776        1.36028        0.37429       13.99912        0.04854        0.05501       -0.00051        2.73458      110.72034        0.01495        0.01490       16.81861        0.65047       12.44887        2.69254       13.99783        0.04639        0.01463        0.04204      300.00000        2.08158
   18    1    1     5012.41393     5137.94062     1906.48791        2.45782       62.80003        0.00482        0.07492        1.60677       15.60000        4.46208        0.12997        1.60460        4.57827        0.00525        0.01213        0.00221        2.50674       53.27137        0.00346        0.01057       34.54856        0.96296        2.79599        2.50364        4.40470        0.00487        0.01135        0.00310      300.00000       44.02038
   19    1    1     1570.77268     7885.94936     3044.05961        1.88238       40.28192        0.00198        0.05395        1.05464       36.50000        7.28091        0.68090        1.05366       13.37421        0.04469        0.00040        0.00107        6.14286       55.32217        0.00373        0.07152       36.48258        0.57465        2.28769        6.14191       12.16680        0.03699        0.00005        0.00095      300.00000      111.33109
   20    1    1     2343.46450     1748.55215      601.66405        4.15515       73.45786        0.00659        0.03158        1.26591       19.00000        0.28197        0.51170        1.22287        3.30012        0.00258        0.00037        0.04306        0.71295       73.78971        0.00662        0.03130       18.86564        0.49369        0.82190        0.70116        3.39336        0.00292        0.03132        0.01179      300.00000       33.77174
   21    1    1     1587.35395     1643.64473      718.52883        2.52193       54.36895        0.00361        0.05315        1.47491       13.20000        0.02175        0.26003        1.47454       11.17878        0.03076        0.00880        0.00034        0.44447       67.91140        0.00558        0.07870        4.86728        0.04619        1.26183        0.43995        7.22938        0.01275        0.00348        0.00452      300.00000       93.81907
   22    1    1     9707.61437    40579.37844    16790.85886        2.27266       10.02775        0.00012        0.00225        0.11576       49.30000       42.28866        1.61861        0.11596       11.01461        0.02994        0.00154       -0.00023        2.03906       15.93699        0.00031        0.00079       56.26768        1.24616       40.76724        2.03955        3.12039        0.00242        0.00087       -0.00049      300.00000      118.45631
   23    1    1     2613.45046     2137.71544     1087.85633        6.99250      104.26773        0.01328        0.01388        0.11247       25.50000        0.51195        1.62630        0.10827        3.67601        0.00340        0.00509        0.00419        1.10400      104.26938        0.01325        0.01385       25.53568        0.04276        1.10920        1.09461        3.66922        0.00326        0.00004        0.00939      300.00000        1.47177
   24    1    1     2230.84032     2616.71406     1058.83300        7.12777      119.49324        0.01744        0.01689        1.23285       17.80000        1.44755        0.51096        1.22360        9.35294        0.02121        0.00427        0.00930        2.09958      119.62572        0.01742        0.01707       17.68885        0.53950        0.55141        2.09099        9.35347        0.02212        0.00406        0.00858      300.00000        1.58275
   25    1    1     1411.96115    10175.94463     4236.08444        1.04899       36.44700        0.00162        0.14582        0.94287       16.90000        9.91100        0.79180        0.94277       12.64086        0.03982        0.00360        0.00018        0.11037       66.25321        0.00535        0.06673       43.00251        4.65850        6.92703        0.10168       16.33035        0.06471        0.00384        0.00869      300.00000      103.63475
   26    1    1     4868.78262   185294.38011    75475.23927        5.85316       71.16232        0.00618        0.01187        0.01454       16.70000      185.88285        1.72802        0.00654        9.97058        0.02414        0.01956        0.00794      133.60521       82.64762        0.00834        0.01772       13.71895        0.05311       53.95655      133.59922       12.04525        0.03657        0.00963        0.00599      300.00000       99.34811
   27    1    1     2212.45684     1547.26113      571.63256        6.38683      121.02869        0.01789        0.02597        1.09733       24.00000        0.06645        0.65143        1.08313       12.15393        0.03564        0.00234        0.01416        1.06580      121.63779        0.01803        0.02771       23.24104        0.07748        0.66009        1.06157       12.15510        0.03606        0.01187        0.00423      300.00000        2.71063
   28    1    1     2097.13763     5448.19269     2395.14435        4.51310       70.17850        0.00602        0.02352        0.19813       28.80000        4.46977        1.54659        0.18797       18.73895        0.08894        0.01031        0.01013        4.30582       55.73990        0.00379        0.08401       26.15706        0.34103        1.59505        4.28528        5.92644        0.00897        0.00460        0.02054      300.00000       67.74036
   29    1    1     2127.36419    17570.82118     7510.17742        2.47265       40.51578        0.00200        0.03079        0.46257       21.50000       18.44844        1.27245        0.46211        5.15646        0.00654        0.00128        0.00036        8.57449       33.07106        0.00134        0.03670       11.44049        0.00586       11.59670        8.57467        2.12126        0.00111        0.00787       -0.00018      300.00000      107.74967
   30    1    1     1539.33182     1650.52455      705.55088        8.06378      166.32477        0.03379        0.01817        0.95419       25.60000        0.04087        0.80683        0.92773       11.26813        0.03035        0.00001        0.02652        0.27629      166.39369        0.03380        0.01805       25.62482        0.12669        1.38953        0.25929       11.26866        0.03236        0.00749        0.01700      300.00000        0.31613
   31    1    1     2742.30274     2224.09443     1011.04824        0.73561       18.06059        0.00040        0.07322        0.39398       16.60000        0.86447        1.34132        0.39324        3.26111        0.00265        0.00018        0.00075        0.85823       43.01256        0.00226        0.01114       34.59745        0.16850        1.61788        0.85868        8.19652        0.01669        0.00154       -0.00045      300.00000       90.86971
   32    1    1     2164.18583    11759.43654     5504.72634        3.79825       66.24313        0.00536        0.03179        1.06594       26.70000       11.55941        0.69528        1.03929       15.22170        0.05537        0.00014        0.02655        2.78976       66.11631        0.00532        0.06522       17.48152        2.74006        7.75345        2.75273       15.17766        0.05946        0.00003        0.03703      300.00000       48.03952
   33    1    1     6041.63353     1449.99852      560.18934        3.45121       63.22769        0.00488        0.03611        1.21268        4.90000        0.01853        0.52514        1.20943        3.72701        0.00349        0.01047        0.00318        0.59893       41.87590        0.00214        0.00359       28.68721        0.06912        1.13140        0.58930        2.56016        0.00159        0.00455        0.00964      300.00000       60.02267
   34    1    1     3589.52959     9740.28312     4705.15038        3.67251       50.92800        0.00317        0.02032        0.05112       22.60000        9.76547        1.68360        0.05096        5.13887        0.00658        0.00337        0.00016        6.57152       71.18376        0.00618        0.01832       18.65238        0.09462        4.81793        6.57059        6.82743        0.01164        0.01340        0.00093      300.00000       22.43666
   35    1    1     2000.98044     3052.18347     1166.81803        6.72688      135.42824        0.02240        0.02710        0.65209       40.00000        1.61470        1.09232        0.64225       11.53302        0.03223        0.00675        0.00990        0.82956      135.09577        0.02214        0.02680       40.12718        1.24470        1.28844        0.81667       11.53173        0.03213        0.00384        0.01289      300.00000        1.25872
   36    1    1     1717.71017     1670.10717      658.98098        3.43968       77.11507        0.00726        0.05412        1.39212       21.00000        0.08946        0.36204        1.37252       12.78277        0.03925        0.09887        0.01961        0.91897       72.68801        0.00642        0.06122       20.40760        0.02885        0.98574        0.81455       12.21192        0.03954        0.00238        0.10443      300.00000       66.49017
   37    1    1     1488.33071     5147.18748     2433.91198        5.52109      171.04359        0.03573        0.08149        0.13130       14.10000        4.22534        1.60643        0.12814        3.93771        0.00379        0.00035        0.00315        0.62687      168.50068        0.03448        0.08347       13.49090        0.08603        5.24786        0.62524        3.95542        0.00384        0.00188        0.00163      300.00000        3.78761
   38    1    1      920.55412     2599.47563      581.62390        8.79795      246.70328        0.07433        0.02170        1.68814       39.00000        1.03872        0.06900        1.66557       11.96441        0.03431        0.00107        0.02263        0.67410      246.70151        0.07408        0.02204       38.96993        1.70845        0.40659        0.65811       11.96477        0.03449        0.00751        0.01599      300.00000        0.20445
   39    1    1     4374.66775    20956.81135     9957.78963        4.29434       32.54900        0.00129        0.00572        0.44918       19.40000       21.78858        1.38755        0.34702        9.12974        0.02208        0.01891        0.10225       20.79699       28.34682        0.00098        0.00699       22.73716        0.37727        2.43719       20.71136        7.83135        0.01424        0.03969        0.08563      300.00000       74.21760
   40    1    1     1027.53473    18127.55012     8237.58246        8.80507      219.95284        0.05909        0.01713        1.45491       35.40000       18.62160        0.28760        1.44697        8.93514        0.01939        0.00193        0.00796        6.95261      219.87214        0.05893        0.01731       35.39025        2.34244       11.06470        6.94900        8.93652        0.02006        0.00559        0.00361      300.00000        0.11824
   41    1    1     2369.03995    16448.44060     7528.98296        5.81931      113.73158        0.01580        0.03085        0.75305        5.80000       17.38207        0.98159        0.75298        6.62000        0.01092        0.04168        0.00011        5.51941      110.80025        0.01498        0.03178        6.86181        1.75388       11.86297        5.49995        6.47439        0.01070        0.02225        0.01946      300.00000        8.59497
   42    1    1     1608.35022     5062.76771     2002.63238        5.39863      163.29090        0.03257        0.07917        1.65981       19.60000        4.29247        0.07773        1.65683        2.35791        0.00139        0.00030        0.00293        3.01888      161.88387        0.03199        0.07611       20.85697        0.70355        2.30853        3.01721        3.37205        0.00279        0.00160        0.00167      300.00000       13.71627
   43    1    1     3388.32767     1673.03317      808.75489        6.04933       89.99015        0.00989        0.01714        1.03726        5.20000        0.00560        0.70033        1.03424        7.83695        0.01502        0.02181        0.00304        0.22269       93.10042        0.01058        0.01762        2.29392        0.03048        1.49102        0.21757        7.82558        0.01542        0.01927        0.00512      300.00000       35.92079
   44    1    1      864.30653     1718.08950      675.79566        8.89460      253.08104        0.07823        0.02065        1.43511       14.40000        0.08071        0.29937        1.43520        9.99564        0.02486        0.00015       -0.00015        1.15205      253.15844        0.07809        0.02088       14.31595        0.09930        0.56385        1.15200        9.99620        0.02488        0.00003        0.00005      300.00000        0.27492
   45    1    1     2736.12002     1666.95076      699.37764        4.83203       87.35110        0.00932        0.03059        1.33791       19.70000        0.12854        0.40099        1.33358        7.69526        0.01445        0.02406        0.00434        1.01051       85.35078        0.00889        0.03260       21.38111        0.13876        0.71791        1.01035        6.09462        0.00925        0.02794        0.00016      300.00000       23.58730
   46    1    1     2953.59614     2761.80785     1322.00659        8.34721       80.34514        0.00788        0.00343        1.26204        8.00000        1.39749        0.49863        1.23594       12.50078        0.04008        0.00983        0.02609        2.03035       80.59962        0.00793        0.00332        8.11715        0.06363        1.05676        2.01176       12.50040        0.03987        0.01752        0.01859      300.00000        3.04284
   47    1    1     2660.42324     1537.22966      589.24813        3.29953       32.80240        0.00131        0.01076        0.99644        9.10000        0.04645        0.74346        0.99110       15.08672        0.05733        0.00893        0.00537        0.34238       53.15093        0.00344        0.02650       27.83206        0.17735        1.30360        0.33393        3.59928        0.00314        0.00825        0.00846      300.00000       92.49837
   48    1    1     1286.71481    51069.24115    21571.99610        7.37964      210.16460        0.05395        0.04511        0.23128       35.70000       52.15914        1.50347        0.23110        4.79774        0.00567        0.00083        0.00026       15.38605      209.80624        0.05365        0.04590       35.56385        0.28059       38.22614       15.38648        4.81038        0.00572        0.00142       -0.00043      300.00000        0.62081
   49    1    1     2077.63575     2762.41351      884.81190        0.58403       11.66067        0.00017        0.04852        0.99025       19.60000        1.58865        0.74910        0.98547        2.99842        0.00226        0.03346        0.00478        1.82542       23.60361        0.00068        0.03279       17.78019        0.40697        1.12631        1.79723        5.95808        0.00847        0.01178        0.02820      300.00000      144.26481
   50    1    1     2215.94230     2261.46442      883.07013        1.85881       31.48923        0.00121        0.03384        0.75240       18.80000        0.89875        0.98187        0.75269        6.23128        0.00959        0.00291       -0.00037        1.57214       23.38628        0.00067        0.02466       19.97183        0.30011        0.76308        1.57261        8.24633        0.01682        0.00309       -0.00048      300.00000      125.71077
   51    1    1     7140.86906     1579.53918      556.40911        1.92653       37.31832        0.00170        0.04413        1.69667       26.60000        0.16485        0.03844        1.69612        1.50851        0.00056        0.01264        0.00052        0.51171       60.04791        0.00439        0.02116       35.99411        0.48413        0.91873        0.51219        4.01269        0.00399        0.01490       -0.00048      300.00000       60.33804
   52    1    1     1598.98231    11063.72633     5301.11864        1.62548       42.70176        0.00223        0.08206        1.05667       45.90000       11.31683        0.70511        1.02945        2.81938        0.00190        0.01441        0.02728        3.69338       59.98209        0.00438        0.06576       53.01554        0.18130        9.21163        3.66287        4.63908        0.00513        0.01763        0.03051      300.00000       95.15653
   53    1    1     2066.93262     2401.56673      916.29631        2.77549       65.97226        0.00532        0.06369        0.50660       10.80000        1.06145        1.23220        0.50237        6.20272        0.00939        0.02224        0.00425        1.63229       67.18007        0.00551        0.03488       12.89355        0.11831        1.06661        1.60287       13.45644        0.04320        0.00010        0.02942      300.00000       43.70012
   54    1    1     3293.73164     2416.15347     1038.44072        4.76159       54.51331        0.00363        0.01238        0.13342       14.10000        1.18961        1.60085        0.13371        5.31042        0.00701        0.00327       -0.00025        2.18511       60.29189        0.00443        0.01977       11.52671        0.12242        0.61602        2.18254        2.91336        0.00213        0.00030        0.00258      300.00000       20.43867
   55    1    1     1723.86687     2317.33628      868.16242        0.63102       11.40793        0.00016        0.03976        1.10790       49.70000        0.95745        0.63147        1.10309        6.42581        0.01039        0.00432        0.00483        0.35209       50.53270        0.00311        0.08888       32.29792        0.14049        2.11407        0.34970       12.91145        0.04178        0.01103        0.00240      300.00000      135.37847
   56    1    1     2184.86474     1966.18488      552.57885        6.75770      123.32372        0.01857        0.02210        0.86314       26.60000        0.50049        0.87271        0.86185       10.84241        0.02939        0.00735        0.00129        0.40203      124.22740        0.01883        0.02239       26.42294        0.83247        1.00665        0.39545       10.84181        0.02859        0.00282        0.00657      300.00000        0.59901
   57    1    1     2007.55891    13261.99071     5616.66112        2.89481       55.18181        0.00372        0.04066        0.89279       14.70000       13.48223        0.84503        0.88953        8.08971        0.01600        0.01179        0.00319        6.08160       65.00832        0.00514        0.04495        6.03810        0.00944        9.12104        6.06599       10.50240        0.02808        0.00200        0.01561      300.00000       74.91505
   58    1    1     1863.91313     1871.52671      898.69361        8.47739      128.43974        0.02015        0.00789        0.22753       18.80000        0.38328        1.51271        0.22186        2.11766        0.00109        0.00097        0.00568        1.93102      128.22687        0.02005        0.00774       18.94495        0.07702        0.10964        1.93148        2.12095        0.00111        0.00704       -0.00046      300.00000        0.88080
   59    1    1     1559.78194    10813.53299     5018.65440        7.73011      171.81750        0.03606        0.02428        0.89083       32.30000       10.56844        0.84499        0.88957        3.72026        0.00340        0.01181        0.00127        9.94205      171.76653        0.03598        0.02433       32.27815        0.67612        1.69779        9.92905        3.72700        0.00336        0.00016        0.01301      300.00000        1.36895
   60    1    1     3105.43518     1568.22583      758.27727        3.35605       37.78652        0.00174        0.01374        1.14196        6.50000        0.00914        0.59598        1.13858        8.10968        0.01608        0.00316        0.00333        0.43932       43.72874        0.00233        0.01383        7.73375        0.03596        1.27414        0.43385        7.92002        0.01580        0.00040        0.00547      300.00000       71.74098
   61    1    1     1588.96101     1709.56009      664.71722        1.39521       36.66305        0.00164        0.08269        0.53077       11.60000        0.18678        1.20583        0.52873        6.98081        0.01194        0.00834        0.00201        1.18398       60.49860        0.00447        0.04186       30.20138        0.16308        0.61933        1.17897        6.79612        0.01163        0.00365        0.00501      300.00000      109.31493
   62    1    0      486.38768 60106786.19036 21123946.03547        2.37738       33.47995        0.00137        0.02285        0.54158       16.10000    52803.22096        1.20481        0.52985       10.77830        0.02947        0.00028        0.01179     1568.55978        0.00000        0.00000        0.00000       21.29568        0.00094    51236.46719     1568.55978        0.00000        0.00000        0.00000        0.00000      300.00000        0.00000
   63    1    1     2509.33918     5601.57587     2084.01568        6.73016      110.23787        0.01484        0.01793        1.40326       31.50000        4.92830        0.33171        1.40285       15.47937        0.05977        0.00166        0.00045        4.38443      109.63969        0.01466        0.01662       31.90556        0.40284        1.87793        4.38349       15.47959        0.05986        0.00114        0.00094      300.00000        3.73563
   64    1    1     1274.62629    46134.11981    20489.41290        1.29545       34.66877        0.00147        0.08600        0.12476       21.40000       47.77322        1.61013        0.12444        5.96268        0.00886        0.00427        0.00029       36.05122        7.53520        0.00007        0.10894       10.98890        0.02642       13.39305       36.04959       10.07245        0.02539        0.00364        0.00163      300.00000      161.51183
   65    1    1     1960.12310     2989.56197     1347.42105        3.71541       84.68664        0.00876        0.05469        0.58037       34.30000        1.60968        1.15521        0.57936        4.31554        0.00458        0.00260        0.00100        1.16812       83.54031        0.00850        0.05442       30.49221        0.07471        2.09597        1.16698        6.67498        0.01114        0.00305        0.00114      300.00000       23.85639
   66    1    1     3967.64757     1613.39218      706.65674        5.54161       58.38543        0.00416        0.00939        1.48203        7.80000        0.05841        0.25957        1.47500       16.06442        0.06514        0.01070        0.00707        0.14300       61.95611        0.00469        0.01296       21.92910        0.22629        1.46252        0.12744       12.15417        0.03760        0.00235        0.01556      300.00000       21.00391
   67    1    1     1784.57419    14833.94077     6488.19866        1.54619       33.03568        0.00133        0.05442        0.12765       36.90000       15.51179        1.60653        0.12804        6.64469        0.01091        0.00094       -0.00038        1.76576       37.46489        0.00171        0.03080       46.01566        0.80659       14.67110        1.76628       12.05872        0.03603        0.00159       -0.00051      300.00000      125.25478
   68    1    1     1962.85039     1597.74333      612.13914        1.28726       26.27898        0.00084        0.05006        1.31762       23.60000        0.05604        0.45959        1.27497        7.09734        0.01304        0.00204        0.04270        0.46580       34.69857        0.00146        0.05239       30.84308        1.08096        0.27623        0.43719        5.55741        0.00737        0.01502        0.02861      300.00000      112.36177
   69    1    1     2104.04836     1520.32505      551.79241        7.96563      121.21159        0.01794        0.01034        1.24750       17.70000        0.08626        0.48726        1.24731       10.81019        0.02878        0.02597        0.00021        1.14586      121.04969        0.01788        0.01020       17.83050        0.21000        0.46927        1.14179       10.81076        0.02853        0.02232        0.00407      300.00000        1.57201
   70    1    1     2772.25104     1597.70422      677.38924        0.52874        8.58531        0.00009        0.03211        1.24719       22.40000        0.08524        0.48766        1.24691        7.40838        0.01351        0.00759        0.00025        1.43433       37.74003        0.00174        0.01608       21.33615        0.02628        0.37401        1.42634        9.23203        0.02070        0.00026        0.00799      300.00000      112.57483
   71    1    1     2720.18335     7457.37599     3296.23103        7.22193      100.07927        0.01223        0.01122        0.73997       31.60000        7.12777        0.99467        0.73990        4.83936        0.00583        0.00043        0.00008        5.40826       99.36333        0.01204        0.01137       31.61643        0.22325        3.23081        5.40829        4.84366        0.00584        0.00054       -0.00002      300.00000        0.49774
   72    1    1     1786.68658     1563.72537      627.02954        7.59697      148.61029        0.02697        0.01976        0.63141       15.10000        0.10402        1.10267        0.63189        5.17390        0.00662        0.00010       -0.00042        0.68603      148.40258        0.02680        0.02020       14.90115        0.06468        1.08710        0.68650        5.17650        0.00663        0.00011       -0.00047      300.00000        0.65030
   73    1    1     2230.42087     4415.24968     2044.09479        4.13519       81.92497        0.00820        0.03974        0.45586       24.90000        3.15734        1.27929        0.45528        7.40752        0.01369        0.02025        0.00061        4.37452       89.45318        0.00972        0.03594       23.01374        0.28956        0.23507        4.36522        8.49373        0.01749        0.01207        0.00930      300.00000       21.80903
   74    1    1     4046.88320     2125.56295      739.18113        6.15358       73.65775        0.00663        0.01087        1.17399       10.60000        0.87276        0.56392        1.17065        3.58990        0.00324        0.00023        0.00345        1.36154       67.62314        0.00557        0.01103       11.19492        0.23977        1.01029        1.35792        3.68855        0.00342        0.00001        0.00362      300.00000       19.75013
   75    1    1     1967.19564    20641.85313     8842.44038        2.24000       47.23371        0.00272        0.05158        1.07468       18.90000       20.84514        0.66069        1.07388       18.18474        0.08127        0.04684        0.00085       12.78128       40.42486        0.00199        0.03277       38.17731        0.09161        9.74217       12.77063       17.81847        0.07688        0.03621        0.01065      300.00000      118.69718
   76    1    1     3831.28307     1500.17148      607.84940        6.28192       71.03106        0.00616        0.00945        1.63437        6.00000        0.01277        0.12765        1.60691       11.20686        0.03224        0.00081        0.02747        1.36545       70.86465        0.00613        0.00764        8.55073        0.02075        0.36542        1.36307       11.20690        0.03148        0.02660        0.00238      300.00000        4.31648
   77    1    1     1585.98956     4458.91972     2128.57116        4.40700      150.69863        0.02774        0.11508        0.13050       10.00000        2.91491        1.66073        0.07383        5.25535        0.00649        0.02412        0.05657        3.09308      146.81223        0.02618        0.10914        7.22301        0.01038        1.54730        3.08909        8.32247        0.01691        0.07657        0.00399      300.00000       31.04002
   78    1    1     3770.85259     4301.69981     2079.10858        1.71525       14.03425        0.00024        0.00794        0.49842       19.60000        3.10106        1.23943        0.49513       12.13372        0.03696        0.04584        0.00324        2.69719       18.98241        0.00044        0.00794       24.27511        0.27013        1.92927        2.64944        9.61753        0.02184        0.00309        0.04775      300.00000      136.37199
   79    1    1     2375.61835     1704.69815      625.39940        3.59235       70.63134        0.00609        0.04112        0.80910       13.50000        0.22365        0.92583        0.80874        6.35671        0.01007        0.06095        0.00031        0.86039       75.16983        0.00686        0.03187       10.13296        0.04431        1.09170        0.83812        3.15204        0.00238        0.03929        0.02227      300.00000       19.98833
   80    1    1     1757.05402    21441.54396     9798.24481        2.81629       63.10681        0.00486        0.05646        0.76210       39.70000       21.82021        1.01290        0.72167       18.72551        0.09067        0.03082        0.04046        1.74263       37.47633        0.00171        0.04373       41.70288        4.13997       17.68920        1.71923       20.47939        0.10046        0.06035        0.02340      300.00000      102.08668
   81    1    1     3422.14366     1582.38447      597.59034        4.49719       42.28046        0.00218        0.00861        0.74134       25.00000        0.10246        1.04733        0.68723       14.68521        0.05075        0.00008        0.05417        1.57720       45.92814        0.00257        0.02040       18.83722        0.02856        0.27112        1.52443       14.72031        0.05103        0.00188        0.05277      300.00000       54.23550
   82    1    1     2612.17923     1406.74747      657.70375        0.39132        6.41797        0.00005        0.03280        0.14848        2.70000        0.01217        1.59232        0.14224        4.29818        0.00466        0.00134        0.00628        0.72436       20.97603        0.00054        0.01580       22.92893        0.04836        1.00103        0.71721        2.67315        0.00174        0.00000        0.00715      300.00000      149.07437
   83    1    1     2390.91021     6978.18409     3115.54758        0.07397        1.39986        0.00000        0.04373        0.56323       27.70000        6.32058        1.17984        0.55473        9.43656        0.02161        0.05756        0.00860        3.90002       13.43453        0.00022        0.01663       28.52106        0.09715        4.08347        3.87488       11.88890        0.03381        0.05526        0.02515      300.00000      156.91762
   84    1    1     1060.66029     1865.27387      674.82822        8.90378      205.96154        0.05181        0.01354        0.19580       16.10000        0.31413        1.54321        0.19135       16.13026        0.06348        0.00995        0.00445        1.38660      206.06211        0.05174        0.01366       16.07288        0.10707        0.56073        1.38085       16.13050        0.06557        0.00656        0.00575      300.00000        0.14325
   85    1    1     1766.68812     1626.29564      516.50684        7.71431      152.76277        0.02850        0.01939        1.30331       10.30000        0.19144        0.44118        1.29339        6.48264        0.01018        0.00004        0.00992        1.16103      152.85254        0.02840        0.01946       10.34208        0.32443        0.44041        1.16120        6.48335        0.01037        0.00995       -0.00018      300.00000        1.86350
   86    1    1     2106.54512     1672.01778      528.11608        6.72764      131.21138        0.02103        0.02543        1.16645       27.30000        0.23946        0.57533        1.15923        5.61791        0.00797        0.01483        0.00718        0.85845      131.63667        0.02111        0.02632       26.91175        0.23685        0.89544        0.84066        5.65786        0.00770        0.00464        0.01779      300.00000        3.81677
   87    1    1     2097.49838     1874.85335      887.28717        3.63690       79.23709        0.00767        0.05031        0.21262       11.10000        0.23172        1.52234        0.21222       10.16645        0.02544        0.02772        0.00037        0.08918       85.11221        0.00881        0.06622       10.65730        1.25478        0.62025        0.08773        6.82909        0.01144        0.02715        0.00144      300.00000        2.49664
   88    1    1     2053.62761     1768.22663      670.31911        5.76323      123.89140        0.01875        0.03769        1.26404       12.30000        0.25653        0.49131        1.24325       14.72876        0.05544        0.00081        0.02079        0.79864      127.85899        0.01989        0.03896       10.20576        0.11655        1.07444        0.79767       14.72915        0.05420        0.02189        0.00097      300.00000        2.22987
   89    1    1     1793.12182     1711.72342      735.25790        6.06309      147.14896        0.02645        0.04549        1.20453       12.40000        0.13595        0.57834        1.15622        5.86862        0.00894        0.00162        0.04828        1.80176      146.14148        0.02605        0.04527       12.96442        0.09999        0.01846        1.75279        5.83126        0.00802        0.00178        0.04896      300.00000        1.95506
   90    1    1     2290.60732     1683.57801      590.01894        8.45365      106.18872        0.01377        0.00550        1.38294       25.00000        0.22136        0.41887        1.31569        4.72763        0.00523        0.01704        0.06723        0.83834      106.07396        0.01374        0.00557       25.00362        0.69585        0.42606        0.83403        4.72759        0.00545        0.07970        0.00431      300.00000        0.38832
   91    1    1     2621.19410     3566.21253     1108.13037        1.43790       16.72709        0.00034        0.01619        0.68665       44.10000        2.31270        1.13954        0.59503        6.74373        0.01053        0.00678        0.09169        2.54745       45.28964        0.00250        0.03331       42.78192        0.87817        0.67942        2.47870        5.89736        0.00911        0.02278        0.06875      300.00000      125.73470
   92    1    1     1901.68559     2844.79365     1193.51664        5.43824      142.57190        0.02483        0.05912        0.89492       18.20000        1.38921        0.83916        0.89541       14.43046        0.05153        0.00271       -0.00052        1.91182      137.37530        0.02286        0.05629       20.66904        0.09887        1.12039        1.90943       14.41499        0.05088        0.00035        0.00239      300.00000       16.45139
   93    1    1     4520.13819     1463.42504      641.89106        5.71699       89.32884        0.00975        0.02007        1.48629        8.60000        0.00436        0.24843        1.48613        4.67275        0.00544        0.01354        0.00021        1.15770       78.55617        0.00751        0.02268       12.69460        0.00775        0.58833        1.14718        1.66963        0.00071        0.00322        0.01052      300.00000      127.66763
   94    1    1     2871.66252     2877.11100     1120.34865        7.32465       92.03465        0.01035        0.00894        0.72276       17.80000        1.61738        1.01451        0.72005       11.37033        0.03164        0.01487        0.00263        2.24057       93.17226        0.01057        0.00902       17.66999        0.26468        0.85030        2.23672       11.37074        0.03158        0.01373        0.00385      300.00000        1.74543
   95    1    1     3152.83069   857593.72912   318519.51056        3.32058       57.85375        0.00409        0.03299        0.15309       31.20000      815.76098        1.58141        0.15316       14.69403        0.05375        0.00308       -0.00007      153.92395       55.30511        0.00373        0.01011       37.93524        3.41002      660.19844      153.92197       12.93302        0.04100        0.00240        0.00198      300.00000       34.33440
   96    1    1     1455.74435     1835.11787      794.02518        2.77098       87.00074        0.00924        0.11115        1.39824        9.20000        0.01461        0.33828        1.39628       13.50769        0.04570        0.01625        0.00204        0.78278      107.25855        0.01389        0.09787       23.55352        0.04470        0.95890        0.77373       10.19117        0.02628        0.00906        0.00905      300.00000       35.67281
   97    1    1     2821.70767     1618.52504      792.09101        1.29948       22.36763        0.00061        0.03557        0.30074        1.00000        0.00604        1.43899        0.29558        1.03688        0.00026        0.01307        0.00515        0.20372       32.94611        0.00132        0.01115       17.81178        0.09207        1.47574        0.18693        6.05404        0.00882        0.00247        0.01678      300.00000      110.46972
   98    1    1      828.10658   121096.52541    46471.38396        8.98394      256.59765        0.08042        0.01922        0.21681       28.50000      122.02875        1.51767        0.21689        2.37959        0.00140        0.01225       -0.00021       15.23239      256.61832        0.08042        0.01914       28.53279        0.03935      108.49137       15.23273        2.37804        0.00140        0.01247       -0.00035      300.00000        0.01288
   99    1    1     2324.01184     2019.57159      774.50196        4.87823      119.28697        0.01738        0.05565        0.60395        7.10000        0.45669        1.13124        0.60332        7.34468        0.01327        0.07451        0.00068        1.25574      123.24438        0.01848        0.05281       13.88292        0.05318        0.96003        1.18851        4.33184        0.00491        0.00752        0.06723      300.00000       57.13663
  100    1    1     1751.65433     5566.11466     2706.62652        3.84763       97.83945        0.01169        0.06728        0.55719       19.10000        4.73800        1.17713        0.55744       11.71596        0.03414        0.01619       -0.00022        0.90731       92.85483        0.01051        0.07438       22.78842        0.49696        5.09196        0.89202        8.35085        0.01681        0.00365        0.01529      300.00000       20.34536
