    1    1    1     1022.32073    14086.70334     5894.62149        7.93573      254.98021        0.07940        0.04668        0.09983       31.60000       14.58493        1.64730        0.08726        1.50853        0.00055        0.00059   -33197.37129        3.70962      255.17110        0.07934        0.04642       31.70788        6.93233        5.67735        3.71016        1.50316        0.00056        0.01367       -0.00054      300.00000        0.11417
    2    1    1     2848.25518     1845.58602      560.92076        3.14817       57.23008        0.00400        0.03636        1.64812       14.80000        0.55834        0.08606        1.64851        4.28475        0.00454        0.00009       -0.00043        1.76558       56.88755        0.00395        0.01835       12.69322        0.46632        0.05668        1.76599       10.35349        0.02648        0.00015       -0.00041      300.00000       38.40812
    3    1    1     2127.44301    39190.40706    16794.22682        3.56381       63.65722        0.00495        0.03402        1.20483       18.20000       39.95942        0.53344        1.20113        4.03249        0.00409        0.01167        0.00367       20.79117       72.10995        0.00635        0.05388        7.07281        0.01266       20.87280       20.78045        5.94269        0.00855        0.00699        0.01072      300.00000       49.94642
    4    1    1     1706.81441    30784.36979    13626.13323        7.49148      156.99376        0.03010        0.02353        0.29159       33.50000       32.48158        1.44690        0.28766        4.97264        0.00622        0.02182        0.00397        8.24703      156.23123        0.02978        0.02365       33.52523        0.43898       25.53800        8.23927        4.97232        0.00601        0.01832        0.00776      300.00000        0.17600
    5    1    1     1861.89157  1969219.23693   651054.70544        3.41470       57.67511        0.00406        0.03078        0.74986       13.50000     1757.38085        0.98542        0.74914        7.59388        0.01418        0.00940        0.00085       65.42563       55.85584        0.00381        0.03831       16.38936        0.01354     1693.61923       65.42203       16.01735        0.06445        0.00334        0.00360      300.00000       92.03140
    6    1    1      893.59783     1919.30977      650.73272        8.41695      275.44192        0.09266        0.03813        0.35054       18.40000        0.40592        1.42488        0.30969        7.73127        0.01416        0.01598        0.04087        0.68239      275.59968        0.09233        0.03877       18.19352        0.30906        1.19431        0.63675        7.72933        0.01412        0.01131        0.04565      300.00000        0.06906
    7    1    1     5017.66574     4424.42625     1952.88153        3.54643       59.92363        0.00439        0.03048        1.37651       19.60000        3.50608        0.44022        1.29434        6.89203        0.01104        0.00285        0.08223        3.03701       88.90500        0.00963        0.03552       18.48793        0.06157        2.17019        3.00708        3.86992        0.00385        0.05384        0.02993      300.00000      105.98275
    8    1    1     7683.98393     1888.62938      454.54532        2.79037       39.00873        0.00186        0.02201        1.05099       19.30000        0.53122        0.69095        1.04361        3.44457        0.00288        0.00661        0.00739        0.77808       41.34169        0.00208        0.01707       15.24891        0.65584        0.83401        0.77661        5.32689        0.00710        0.01235        0.00147      300.00000       97.00710
    9    1    1     3376.36234     1408.66323      664.14720        2.73181       26.19804        0.00084        0.01039        1.38074        2.50000        0.01976        0.35372        1.38085        7.98473        0.01586        0.00031       -0.00017        0.77804       32.82783        0.00131        0.00987        9.52599        0.00512        0.97522        0.77856        6.80362        0.01145        0.00061       -0.00051      300.00000       95.94201
   10    1    1     1812.14533    12615.42673     5648.89421        6.68718      150.39008        0.02762        0.03415        0.88971       26.90000       12.54232        0.88602        0.84854       10.48527        0.02844        0.02521        0.04110        1.56302      150.01943        0.02743        0.03279       27.55253        0.27037       12.45133        1.55686       10.47841        0.02672        0.06179        0.00617      300.00000        1.81983
   11    1    1     1504.51272   143723.39570    57930.32174        1.44482       41.16121        0.00207        0.09706        0.22373       51.30000      144.21796        1.51039        0.22417        5.88924        0.00857        0.00509       -0.00037       90.43616       59.99466        0.00439        0.07204       62.21563        3.51239       52.03356       90.42031        5.00467        0.00603        0.00031        0.01585      300.00000      108.26781
   12    1    1     7089.59819     3907.90475     1951.07367        3.33760       19.21004        0.00045        0.00360        0.45672       16.60000        2.66742        1.27786        0.45671        0.57040        0.00008        0.00575        0.00002        1.90995       23.41963        0.00067        0.00677       12.77222        0.23198        2.24533        1.91048        6.44602        0.01029        0.00691       -0.00053      300.00000       67.78115
   13    1    1     4149.13038     1701.19380      660.10977        4.19808       60.76514        0.00451        0.02108        1.20108       31.80000        0.35511        0.53302        1.20154        3.09584        0.00238        0.00011       -0.00049        1.88754       71.24498        0.00619        0.03113       20.57536        0.09115        0.08497        1.88797        8.10246        0.01631        0.00000       -0.00043      300.00000       92.55508
   14    1    1     2220.53697     1682.11699      566.20432        7.80349      117.81001        0.01695        0.01089        1.44777       15.60000        0.25479        0.35956        1.37500        6.23143        0.00906        0.03960        0.07279        1.26441      118.19659        0.01706        0.01149       15.08853        0.17492        0.65101        1.16263        6.23212        0.00896        0.01078        0.10178      300.00000        0.65770
   15    1    1     2027.73360     2199.86510      883.34259        4.44605      110.63042        0.01495        0.06067        0.68326        5.50000        0.84421        1.05201        0.68255        4.52562        0.00504        0.00486        0.00074        1.19575      117.11707        0.01674        0.06022        6.91044        0.03376        1.35473        1.19204        2.84211        0.00197        0.00182        0.00371      300.00000       19.59566
   16    1    1     1586.83521     6164.66766     2756.34998        7.01564      172.32832        0.03627        0.03742        1.58577       21.20000        5.17925        0.15729        1.57727        0.68669        0.00012        0.01493        0.00849        4.98229      172.34431        0.03613        0.03892       20.42452        0.07646        1.87000        4.96594        0.64961        0.00011        0.00715        0.01635      300.00000        1.63966
   17    1    1     5127.20080     1790.68505      732.07047        3.18044       50.03054        0.00306        0.02717        1.73829       21.20000        0.22910        0.02916        1.70540        8.81973        0.01852        0.01363        0.03289        0.27916       46.97000        0.00269        0.01359       25.59169        1.50560        0.19694        0.26791       10.37740        0.02731        0.03364        0.01124      300.00000       93.42805
   18    1    1     1507.34824    11574.19573     4685.10134        0.04520        1.04408        0.00000        0.06517        0.42397       30.00000       11.82609        1.31009        0.42447       15.19969        0.05728        0.00067       -0.00059        3.40067       17.84226        0.00039        0.08393       29.46851        1.18912        8.98031        3.40110       10.75326        0.02860        0.00027       -0.00043      300.00000      168.59536
   19    1    1     2236.62159     2769.20189     1087.20118        3.66110       54.58711        0.00364        0.02351        0.81423       23.80000        1.58910        0.92199        0.81258        5.59648        0.00784        0.00959        0.00165        1.97953       53.90829        0.00355        0.03416       21.16602        0.86119        0.47911        1.97757        3.76744        0.00355        0.00880        0.00196      300.00000       74.88787
   20    1    1     2073.20730     1656.82290      698.28761        5.36797      136.73949        0.02284        0.05641        0.25704        7.50000        0.08050        1.47967        0.25489        7.89127        0.01526        0.00863        0.00205        0.95226      138.04596        0.02325        0.06004        9.62204        0.04128        0.82942        0.94591        6.30293        0.01002        0.00408        0.00635      300.00000       37.48262
   21    1    1     3531.13274     6327.86808     2816.37900        4.77291       95.49950        0.01114        0.03776        0.61113       45.80000        5.50099        1.12531        0.60925        8.17264        0.01672        0.01069        0.00191        6.48004       82.29112        0.00825        0.02149       46.71072        0.51263        0.25643        6.47279       10.98721        0.03048        0.00441        0.00725      300.00000       91.69908
   22    1    1     2191.59684     1716.76596      631.22326        3.41718       59.80556        0.00437        0.03304        1.60713       15.00000        0.01340        0.29579        1.43877       19.71262        0.10485        0.00171        0.16830        1.49986       63.63507        0.00494        0.03121       12.04144        0.01865        0.26145        1.47223       20.39674        0.09935        0.14483        0.02762      300.00000       66.77478
   23    1    1     1372.25535     1713.23679      676.03121        3.45664       88.44687        0.00955        0.07041        1.33050       23.30000        0.03449        0.40348        1.33109       16.27285        0.06563        0.03063       -0.00056        1.09294       82.64008        0.00829        0.10377       22.53159        0.03138        0.67685        1.06335       11.42700        0.03114        0.00031        0.02959      300.00000       78.02434
   24    1    1     1770.25495     5506.83427     2431.32803        0.13785        3.08710        0.00001        0.06124        0.08270       24.70000        4.48906        1.65244        0.08212        9.99997        0.02460        0.08898        0.00053        5.48695       36.75096        0.00165        0.03968       24.21532        0.12166        0.64318        5.47222       12.19922        0.03589        0.07004        0.01473      300.00000      148.60378
   25    1    1     2831.09559     1574.13031      564.73230        3.84616       47.59736        0.00277        0.01594        1.19149        8.80000        0.17969        0.56906        1.16550       12.46143        0.03983        0.00050        0.02596        0.94430       23.46574        0.00067        0.02052        5.84187        0.16764        0.80513        0.93703       12.28830        0.03670        0.02432        0.00727      300.00000       87.62509
   26    1    1     4248.80296     1477.73471      599.17722        6.97140       65.54402        0.00525        0.00555        0.67561       21.90000        0.05152        1.07754        0.65702        5.58252        0.00749        0.04024        0.01853        0.70032       65.66917        0.00526        0.00561       21.89045        0.04572        1.05343        0.68690        5.55581        0.00784        0.04501        0.01342      300.00000        5.02147
   27    1    1     9540.47024     1496.93664      595.87623        3.15704       46.65008        0.00266        0.02401        1.17443        3.40000        0.02297        0.56164        1.17293       10.87992        0.02961        0.04165        0.00152        0.31148       43.14579        0.00226        0.02756        3.65888        0.04645        1.43230        0.27876        9.96639        0.02364        0.01327        0.03272      300.00000       62.98426
   28    1    1     4032.81300     1664.99927      570.07103        3.28259       66.45281        0.00539        0.04466        0.60273       24.60000        0.18322        1.13415        0.60041       14.33103        0.05147        0.01564        0.00230        1.31161       34.34190        0.00144        0.00374       47.96187        0.38029        0.32997        1.29683        5.93859        0.00851        0.00172        0.01478      300.00000       53.55745
   29    1    1     1361.16592     3639.73965     1537.46727        3.96363      105.89918        0.01370        0.07349        0.03749       26.70000        2.23769        1.69848        0.03609       18.65922        0.08544        0.00621        0.00140        0.40927       66.35415        0.00533        0.11124        9.53309        0.22759        3.28890        0.40970       20.52961        0.10426        0.00590       -0.00043      300.00000       73.62659
   30    1    1     1307.95563     2303.40712      471.91462        1.03869       28.20826        0.00097        0.08911        1.51803       24.70000        0.69680        0.21628        1.51828       18.49722        0.08506        0.00195       -0.00024        1.63837       55.13948        0.00370        0.15172       22.83491        0.60573        0.18666        1.63803        9.44630        0.02197        0.00006        0.00033      300.00000      123.91977
   31    1    1     1742.55810     1743.03117      884.75044        1.68795       36.75354        0.00165        0.05625        0.62350       14.10000        0.08917        1.14458        0.58999        3.79378        0.00342        0.01471        0.03351        1.29600        9.12715        0.00010        0.05179       14.74406        0.04682        0.53312        1.24770        4.80064        0.00544        0.00002        0.04829      300.00000      142.52078
   32    1    1     1174.16367     2180.07984      564.41214        8.25804      214.32564        0.05610        0.02617        0.56463       38.20000        0.66074        1.16964        0.56493        3.83644        0.00366        0.00004       -0.00032        1.43965      214.43450        0.05599        0.02648       38.16813        0.50504        0.45014        1.44001        3.83666        0.00366        0.00003       -0.00036      300.00000        0.04690
   33    1    1     6634.43058     1658.71839      750.84229        0.00643        0.13730        0.00000        0.05577        0.45551       14.10000        0.06910        1.28641        0.44816        1.03695        0.00027        0.01088        0.00733        0.89978        6.61521        0.00005        0.00925       23.08521        0.04736        0.89067        0.88256       10.95117        0.03057        0.00026        0.01723      300.00000      110.15721
   34    1    1     2001.30074     8253.76723     4135.25204        7.04844      134.91820        0.02223        0.02252        0.08738       17.20000        7.79520        1.64730        0.08727        5.56831        0.00772        0.00015        0.00018        2.50279      135.01016        0.02221        0.02232       17.41396        0.84322        6.18449        2.50253        5.51418        0.00749        0.00000        0.00026      300.00000        0.10794
   35    1    1     2440.54798   115305.85629    47626.92556        6.09527      110.81288        0.01500        0.02537        0.19592       22.70000      116.90970        1.54151        0.19305        2.47943        0.00150        0.02647        0.00285       99.74994      112.79156        0.01553        0.02757       22.45225        3.71223       15.20935       99.72055        1.72079        0.00076        0.00024        0.02939      300.00000        9.17636
   36    1    1     2163.67153     3383.03452     1464.25749        1.16227       20.22418        0.00050        0.03648        1.31664       18.40000        2.08252        0.44792        1.28664       16.97066        0.06868        0.00399        0.03004        1.14777       27.11843        0.00090        0.03552       10.69674        0.05136        2.65145        1.13500       14.33115        0.05215        0.01758        0.01278      300.00000      132.69953
   37    1    1     2425.04115     1622.98013      750.83829        2.66841       47.77309        0.00279        0.03636        1.29261       13.30000        0.01565        0.44147        1.29310       12.09243        0.03629        0.00000       -0.00046        1.00238       33.90402        0.00140        0.02528       14.87870        0.01915        0.73078        1.00288       13.64354        0.04612        0.00007       -0.00050      300.00000       82.68699
   38    1    1     1547.73784     2134.67020      751.47294        1.39428       29.76539        0.00108        0.05458        0.69439       14.90000        0.60960        1.04054        0.69402       13.75175        0.04654        0.00029        0.00047        1.52849       56.61650        0.00389        0.06805       17.25570        0.32735        0.49127        1.52858       10.42493        0.02680        0.00116       -0.00009      300.00000      120.95975
   39    1    1     2707.20428    50998.45837    19707.53555        1.23498       17.94750        0.00039        0.02540        0.78529       25.00000       53.95060        0.95038        0.78419        3.61365        0.00321        0.01796        0.00104       37.36407       36.65445        0.00164        0.01975        9.89909        0.01687       18.30881       37.34568        8.43429        0.01710        0.00500        0.01839      300.00000      106.21694
   40    1    1     1877.98528     6210.24730     2262.93963        1.10999       16.48192        0.00033        0.02660        0.86219       60.10000        5.29526        0.87419        0.86038        8.82175        0.01948        0.01117        0.00181        5.04802       67.97422        0.00563        0.06550       41.08594        1.24202        0.66956        5.03948       14.60736        0.05178        0.00670        0.00854      300.00000      120.37018
   41    1    1     2050.30947     1459.99995      659.13684        8.19596      121.00368        0.01788        0.00874        0.79863        2.20000        0.00059        0.93928        0.79528        6.84902        0.01178        0.01897        0.00332        1.50822      121.34062        0.01795        0.00866        2.51027        0.00094        0.24089        1.49339        6.84905        0.01193        0.00727        0.01483      300.00000        1.61830
   42    1    1     1362.04353     3263.42108     1232.17904        3.71360      120.95969        0.01787        0.11171        0.83002       25.80000        1.75949        0.90428        0.83029       13.69727        0.04630        0.00286       -0.00021        1.20284      132.71115        0.02147        0.15923       29.90617        1.34980        0.93013        1.20179        5.57344        0.00776        0.00130        0.00105      300.00000        7.08505
   43    1    1     3453.22371     2760.08731      553.43407        7.25487       76.41097        0.00713        0.00642        1.19498       52.30000        1.20463        0.58076        1.15380       21.34648        0.10795        0.00096        0.04112        0.71537       77.00947        0.00724        0.00632       52.30693        1.94795        0.30166        0.68963       21.34560        0.10895        0.01535        0.02574      300.00000        2.13402
   44    1    1     4497.39331     2294.42587      696.81656        1.84235       42.47424        0.00220        0.06271        1.16376       16.80000        0.80431        0.62187        1.11270       13.16034        0.04502        0.01588        0.05112        1.11580       45.92012        0.00257        0.06074       26.19603        0.51722        0.99001        1.07104        5.86443        0.00813        0.02127        0.04476      300.00000       20.87547
   45    1    1     2207.77105    50549.85499    20124.16307        5.71546      122.77737        0.01841        0.03795        1.65525       41.40000       52.23510        0.09621        1.63835       14.47942        0.05047        0.02054        0.01701        4.32595      122.63706        0.01834        0.03983       41.00930        3.62783       46.01549        4.32537       14.27990        0.05088        0.03567        0.00057      300.00000       13.17369
   46    1    1     3167.16769     1445.34952      663.22953        6.25697       96.13910        0.01129        0.01755        0.07189        1.20000        0.00629        1.69928        0.03528        4.88940        0.00617        0.00918        0.03670        1.30427       90.54147        0.01000        0.01591        7.68213        0.05901        0.39101        1.29374        4.89541        0.00580        0.03564        0.01053      300.00000       22.47520
   47    1    1     8163.14896     1535.71046      726.62660        2.98323       21.89894        0.00059        0.00600        1.69428        1.80000        0.00106        0.05589        1.67867        1.40903        0.00048        0.00109        0.01555        0.51693        7.29336        0.00006        0.00075       20.56264        1.07003        0.15256        0.50862        6.63012        0.01111        0.00794        0.00831      300.00000       86.81490
   48    1    1     5603.53475   246756.19042    98341.70713        0.44102        6.30767        0.00005        0.02493        1.04749       42.00000      246.40825        0.68824        1.04633        6.59402        0.01068        0.00251        0.00119      116.58559       13.79128        0.00023        0.00102       42.64617        0.28738      131.23155      116.57174       17.80305        0.07649        0.00010        0.01385      300.00000      124.96585
   49    1    1     2015.78976     1704.13935      827.62298        6.34794      131.99640        0.02128        0.03153        0.47266       17.50000        0.02142        1.26825        0.46631        2.63822        0.00169        0.00193        0.00625        1.19050      132.08024        0.02126        0.03151       17.49364        0.01719        0.55025        1.18853        2.73267        0.00187        0.00621        0.00197      300.00000        0.96829
   50    1    1     1575.31527     6658.07995     3085.46401        3.14061       76.40466        0.00713        0.06515        0.25839        8.30000        5.64450        1.47623        0.25833       19.73347        0.09596        0.00039        0.00003        0.23123       88.33535        0.00952        0.06682       21.25834        0.04403        7.13475        0.23045       15.80200        0.06139        0.00000        0.00078      300.00000       71.14957
   51    1    1     2480.46087     1841.44423      607.44176        4.01041       71.25083        0.00620        0.03235        1.47003       15.80000        0.38989        0.26535        1.46922        8.61047        0.01822        0.00012        0.00085        1.29428       56.60031        0.00391        0.02293       14.65530        0.43966        0.38854        1.29474       11.28374        0.03149        0.00134       -0.00045      300.00000       46.52863
   52    1    1     2972.04887     1969.83471      601.45519        3.84735       71.61880        0.00626        0.03606        1.20037       19.70000        0.55838        0.53548        1.19908        5.30909        0.00705        0.00002        0.00129        1.42239       63.86440        0.00497        0.01806       25.23909        0.48214        0.40608        1.42125        6.32249        0.00999        0.00000        0.00114      300.00000       18.39506
   53    1    1     3953.97082     5170.64223     2372.31639        4.97812       56.17581        0.00385        0.01170        0.56082       17.30000        4.48997        1.17861        0.55596        8.07052        0.01639        0.01078        0.00487        2.79676       42.33078        0.00219        0.01408       10.34459        0.05624        3.37813        2.79483        6.87618        0.01159        0.01314        0.00194      300.00000       11.84586
   54    1    1     1261.61189    68960.90932    29240.53208        7.53026      212.45005        0.05512        0.04209        0.99989       26.40000       70.59500        0.73652        0.99804       13.59822        0.04533        0.00659        0.00187        0.51175      212.20747        0.05491        0.04178       26.51189       17.69269       54.12854        0.50890       13.59875        0.04524        0.00565        0.00284      300.00000        0.32221
   55    1    1     2031.77952     1710.97201      767.52026        4.98886      125.63273        0.01928        0.05818        0.34403        7.80000        0.03965        1.39006        0.34451       11.14676        0.03082        0.00355       -0.00052        1.24224      122.88408        0.01831        0.05779        9.83149        0.01321        0.51991        1.24274       11.09865        0.03054        0.00358       -0.00051      300.00000       19.27633
   56    1    1     3392.85737     1854.52058      683.37523        6.65952       79.14692        0.00765        0.00960        0.28863        6.00000        0.49848        1.44761        0.28696       13.20134        0.04274        0.00190        0.00169        1.60306       78.40807        0.00749        0.00953        6.34415        0.19830        0.43337        1.60159       13.20219        0.04360        0.00127        0.00147      300.00000        1.78311
   57    1    1     1815.36834     1754.30801      819.75343        7.38543      149.39738        0.02726        0.02272        0.63026       23.70000        0.15768        1.17310        0.56147        1.97959        0.00103        0.04647        0.06882        0.54427      149.30008        0.02720        0.02240       23.84202        0.24321        1.19403        0.45535        1.95231        0.00088        0.02653        0.08891      300.00000        0.96573
   58    1    1     2131.94218   320031.95330   127964.79569        5.64589      128.36385        0.02012        0.04301        1.04060       31.10000      315.91038        0.70625        1.02831       15.35740        0.05701        0.07935        0.01238      164.21263      129.19544        0.02037        0.04210       32.27484        0.32204      153.19288      164.12979       15.77909        0.05786        0.00895        0.08284      300.00000       17.00625
   59    1    1     4542.44623     1894.85126      728.13859        6.72520       57.89708        0.00409        0.00496        1.56864       18.40000        0.36387        0.16953        1.56504        3.67190        0.00339        0.16845        0.00359        1.44515       59.40137        0.00431        0.00455       18.51956        0.37397        0.39024        1.33446        3.66495        0.00357        0.06115        0.11069      300.00000        1.80421
   60    1    1     2009.79395     1937.71994      575.53907        4.30524      102.37424        0.01280        0.05626        1.61793       13.70000        0.39973        0.12031        1.61425        8.32249        0.01740        0.00950        0.00373        1.04118       94.94557        0.01100        0.04499       14.68849        0.50184        0.60501        1.02935       10.69949        0.02904        0.00087        0.01183      300.00000       11.32679
   61    1    1     2592.22443    11290.06205     5294.78505        0.12770        1.66035        0.00000        0.02064        1.63138       26.50000       10.98195        0.10327        1.63130       14.49034        0.05173        0.00694        0.00012        6.68426       28.59422        0.00100        0.01849       23.80149        4.70450        1.32754        6.68101       14.71034        0.05433        0.00578        0.00324      300.00000      145.27783
   62    1    1     1524.86231     1880.45496      771.59473        3.75836      130.45339        0.02078        0.12636        1.44405       25.20000        0.03751        0.29605        1.43851        9.76069        0.02321        0.02470        0.00552        1.05041      131.25402        0.02102        0.10783       34.00542        0.06025        0.70479        1.03336        7.96067        0.01615        0.01223        0.01705      300.00000       15.10768
   63    1    1     4540.60703     2140.33889      732.43751        2.63737       27.43304        0.00092        0.01230        0.55092       39.00000        0.87391        1.18399        0.55058        5.26273        0.00682        0.00697        0.00037        1.26987       44.97306        0.00247        0.03063       31.39801        0.26246        1.04823        1.26586        9.14653        0.02103        0.00113        0.00401      300.00000      121.87127
   64    1    1     2172.90305     1458.75711      615.84094        6.42835      126.39974        0.01951        0.02771        0.74446       11.80000        0.01419        0.99025        0.74432        5.63038        0.00781        0.01877        0.00011        1.11546      126.81473        0.01962        0.02752       12.08183        0.01735        0.61815        1.11362        5.53442        0.00751        0.01710        0.00184      300.00000        5.00472
   65    1    1     4656.61233     8591.53351     3601.65771        6.16672       63.71362        0.00496        0.00808        0.42423       30.80000        8.56958        1.31085        0.42371       17.80900        0.07913        0.00999        0.00058        7.85459       65.36039        0.00521        0.00776       30.68212        0.58639        1.87059        7.84717       17.82783        0.07723        0.00504        0.00742      300.00000       20.18651
   66    1    1     1702.68347     1698.01494      646.93136        4.93962      144.61929        0.02554        0.07914        1.25068       13.70000        0.02402        0.51806        1.21650       12.74331        0.03862        0.00000        0.03418        1.27727      144.67627        0.02545        0.08109       11.18491        0.02170        0.48823        1.24517       12.99323        0.04020        0.00214        0.03210      300.00000       17.64547
   67    1    1     5480.32546     1812.73164      650.24933        4.51538       48.01101        0.00282        0.01099        0.83764        9.90000        0.52708        0.89644        0.83812        4.90888        0.00598        0.00052       -0.00054        1.49826       46.69813        0.00266        0.00462        9.28812        0.15449        0.61145        1.49831        6.31952        0.00994        0.00004       -0.00005      300.00000       43.13737
   68    1    1     1661.04607     1681.62176      793.66725        0.87460       19.88458        0.00048        0.06265        0.45039       15.70000        0.01405        1.28759        0.44698        7.07864        0.01225        0.00622        0.00335        1.03856       27.68904        0.00093        0.06293       18.72720        0.05965        0.64878        1.03468        8.15433        0.01624        0.00652        0.00389      300.00000      143.15950
   69    1    1     3921.31478     1716.13949      842.25792        6.10645       76.66446        0.00718        0.01207        1.68274        6.00000        0.01072        0.05980        1.67476       15.66734        0.05961        0.01521        0.00806        0.64574       76.65327        0.00716        0.01189        6.23979        0.02600        1.09126        0.62818       15.66697        0.06258        0.00269        0.01756      300.00000       23.47984
   70    1    1     1554.83195     3035.95486     1226.17957        2.85183       63.31289        0.00490        0.05530        0.86862       31.90000        1.58113        0.89814        0.83643        8.04139        0.01540        0.01400        0.03214        2.47815       73.83460        0.00661        0.07214       21.44081        0.47469        0.34122        2.47833        8.89889        0.01970        0.04498       -0.00019      300.00000       87.44983
   71    1    1     1896.92307     1640.10251      605.15664        6.27724      139.33008        0.02371        0.03646        1.00047        8.90000        0.04823        0.73796        0.99660       18.44747        0.08552        0.00128        0.00389        1.17674      139.32631        0.02366        0.03696        8.34016        0.01347        0.59619        1.17265       18.44770        0.08309        0.00353        0.00409      300.00000        0.60126
   72    1    1     1314.25020     2897.02457      560.68120        7.99916      197.18480        0.04749        0.02673        1.59158       29.00000        1.47725        0.14304        1.59152       11.82540        0.03447        0.00137        0.00009        1.22821      197.31621        0.04740        0.02682       29.00530        1.47310        0.51070        1.22803       11.82575        0.03485        0.00084        0.00018      300.00000        0.11269
   73    1    1     1719.01550  1608516.01295   527011.35179        6.68012      158.51091        0.03069        0.03808        1.62050       15.10000     1450.16429        0.11466        1.61990        6.64364        0.01101        0.00000        0.00053      152.50039      158.38687        0.03063        0.03791       15.60368        0.08588     1299.31385      152.49970        6.63045        0.01081        0.00010        0.00069      300.00000        2.18730
   74    1    1     1092.99348     2172.98928      914.37152        8.81448      205.37899        0.05152        0.01479        0.43716       35.80000        0.58377        1.31216        0.42240       14.34682        0.04964        0.00232        0.01481        1.34024      205.39112        0.05140        0.01483       35.81098        0.15847        0.83663        1.32326       14.34534        0.04953        0.00025        0.01698      300.00000        0.07289
   75    1    1     1419.96093     1601.80529      619.69038        7.90630      184.87828        0.04175        0.02504        0.75609       29.40000        0.08545        0.99911        0.73546        5.87381        0.00882        0.00000        0.02062        1.19916      185.10286        0.04161        0.02569       29.20413        0.05256        0.56731        1.19957        5.87761        0.00854        0.02138       -0.00041      300.00000        0.17120
   76    1    1     2438.88696     1629.11233      718.34182        2.54419       43.03169        0.00226        0.03268        1.26279        3.70000        0.00203        0.47833        1.25624       14.64166        0.05215        0.04044        0.00656        0.61546       28.08973        0.00096        0.02327       20.39875        0.07570        1.10857        0.56771       14.06654        0.04671        0.00000        0.04776      300.00000       95.40803
   77    1    1     2310.88887     1835.89851      751.45136        7.46804      113.66308        0.01578        0.01251        0.98008       12.90000        0.42638        0.75897        0.97559        9.06758        0.02006        0.01199        0.00452        0.73823      113.76544        0.01575        0.01250       12.94171        0.03265        1.39037        0.73799        9.06730        0.02049        0.01579        0.00025      300.00000        2.20429
   78    1    1     1498.48983     1845.15271      822.24868        1.08738       30.01735        0.00110        0.09197        1.64963       12.10000        0.04673        0.09648        1.63808       16.55739        0.06631        0.05132        0.01157        0.49308       26.99314        0.00089        0.07366       20.28541        0.22872        1.08098        0.49266       16.35282        0.06581        0.06040        0.00042      300.00000      144.25826
   79    1    1     3221.20945     2655.25812     1125.82983        2.93149       34.17781        0.00143        0.01517        0.67268       16.10000        1.29389        1.08189        0.65268       15.66743        0.06270        0.00013        0.01997        1.10008       60.15507        0.00441        0.02136       18.30991        0.41800        1.51797        1.08521       15.51889        0.06127        0.00481        0.01487      300.00000       39.88322
   80    1    1     5073.69662     1919.71792      880.01224        2.38423       31.97390        0.00125        0.02072        0.74546       23.10000        0.39139        0.99935        0.73521        9.24621        0.02071        0.00387        0.01027        0.49161       48.25675        0.00284        0.01381       10.79576        1.39519        0.20967        0.48931       15.31226        0.05742        0.01221        0.00230      300.00000       35.99354
   81    1    1     2273.57362     2390.44607      707.36484        1.33253       23.11090        0.00065        0.03609        1.48586       37.40000        0.85757        0.27300        1.46157       11.74179        0.03300        0.01084        0.02429        0.94367       18.10557        0.00040        0.02126       43.09320        1.11274        0.57409        0.94062        7.56656        0.01437        0.03048        0.00305      300.00000      175.69179
   82    1    1     2822.04916     3082.44687     1324.33845        7.32366       99.63521        0.01212        0.01048        0.15866       16.10000        1.87649        1.57579        0.15877        6.85108        0.01168        0.00258       -0.00011        3.20805       98.53009        0.01182        0.01003       16.52535        0.12445        0.27905        3.20829        6.84942        0.01166        0.00273       -0.00023      300.00000        4.20467
   83    1    1     1708.47422     4605.37050     1956.16837        0.56356       12.50752        0.00019        0.05997        0.62086        6.20000        3.80754        1.11338        0.62118        9.16708        0.02076        0.01292       -0.00031        2.66141       12.33338        0.00019        0.06215       12.63172        0.01358        2.88935        2.65235        4.49417        0.00490        0.00404        0.00906      300.00000      165.45533
   84    1    1     1179.12279     6047.58551     2757.04259        7.24895      228.36001        0.06369        0.05752        1.17914       25.50000        5.13656        0.58821        1.14635        8.86376        0.02023        0.04330        0.03275        0.80057      228.33279        0.06337        0.05781       25.48347        0.47732        5.63806        0.75568        8.87507        0.02041        0.03110        0.04489      300.00000        0.27441
   85    1    1     1275.27294    22901.98484    10943.48944        5.87400      206.89641        0.05228        0.09924        1.22158       16.10000       22.33018        0.57781        1.15676        8.90174        0.02072        0.00000        0.06485       12.06858      203.62108        0.05050        0.09929       17.16279        0.58593       11.42382       12.05653        8.94053        0.02028        0.05339        0.01205      300.00000        4.25331
   86    1    1     5826.93893    10781.52786     4909.89934        6.72626       54.76088        0.00366        0.00443        1.00812       45.50000       10.75472        0.72599        1.00857       10.12763        0.02548        0.00237       -0.00040        8.92459       52.41017        0.00335        0.00455       45.50503        0.29021        3.27442        8.92488       10.11293        0.02525        0.00241       -0.00030      300.00000       24.12755
   87    1    1     2045.57970     1681.99516      763.65948        8.10574      123.73415        0.01870        0.00976        0.70531       15.00000        0.05898        1.03180        0.70276       14.63393        0.05243        0.00943        0.00251        0.27905      123.45179        0.01861        0.00936       15.36912        1.21697        0.30759        0.26958       14.63324        0.05420        0.00064        0.00947      300.00000        0.76593
   88    1    1     4476.92999     3630.08767     1769.44273        8.55719       52.44438        0.00336        0.00123        0.35609       35.80000        2.28781        1.37929        0.35527       13.01989        0.04233        0.01485        0.00072        2.12814       52.13324        0.00332        0.00124       35.80357        0.20193        1.70079        2.11967       13.01978        0.04114        0.00839        0.00847      300.00000        1.69438
   89    1    1     1559.05586     1725.71559      622.12974        6.17144      172.24715        0.03624        0.05890        0.21900        2.30000        0.08066        1.51780        0.21677       10.76581        0.02839        0.09545        0.00233        1.43280      170.12996        0.03513        0.05994        3.24243        0.01817        0.42810        1.36923       10.71782        0.02691        0.03539        0.06356      300.00000        3.44362
   90    1    1     2068.26069     2182.79272     1052.67194        5.42121      124.92332        0.01906        0.04579        0.28821       14.60000        0.59788        1.49574        0.23882        7.03149        0.01166        0.02425        0.04945        1.73409      130.29701        0.02061        0.04724       13.92133        0.13734        0.51029        1.68383        6.41926        0.01071        0.02234        0.05026      300.00000       15.13214
   91    1    1     1451.23865     3404.26895     1188.39285        2.57047       51.54409        0.00324        0.04586        0.33067       49.50000        2.18975        1.40519        0.32937       14.32247        0.05035        0.00002        0.00129        2.15477       25.16720        0.00077        0.14017       30.12886        0.41798        1.29306        2.15364        8.46652        0.01792        0.00042        0.00113      300.00000      140.47834
   92    1    1     5044.28446    89996.40309    37842.76833        8.50953       44.93619        0.00247        0.00094        0.03522       16.60000       91.30498        1.70224        0.03233       12.80311        0.04112        0.00763        0.00286       39.52757       44.60433        0.00243        0.00088       16.71521        0.02311       53.48885       39.52776       12.80528        0.04079        0.01102       -0.00019      300.00000        4.28185
   93    1    1     3964.63720     1392.83644      604.66198        6.59997       72.78877        0.00647        0.00838        0.57350        2.80000        0.02397        1.20440        0.53017        3.44491        0.00281        0.00340        0.04335        0.67445       69.37762        0.00587        0.00806        4.75164        0.03590        1.07468        0.64869        3.53793        0.00321        0.02074        0.02576      300.00000        9.51811
   94    1    1     2262.43480     4168.40631     1864.44510        2.21677       47.55668        0.00276        0.05345        0.30628        8.60000        3.19001        1.42789        0.30668        8.83994        0.01941        0.00106       -0.00046        1.46980       69.21057        0.00585        0.03115       19.71207        0.26604        3.20537        1.46952        9.53178        0.02264        0.00000        0.00027      300.00000       47.94766
   95    1    1     1440.79215    10266.85960     5024.92168        7.77796      184.02537        0.04136        0.02701        0.14911       12.10000       10.43594        1.59444        0.14012       10.40943        0.02628        0.01632        0.00904        0.78265      184.28843        0.04146        0.02717       11.89765        0.25984       11.13110        0.77927       10.40971        0.02649        0.02175        0.00338      300.00000        0.70055
   96    1    1     1327.43244     2411.18173      989.34932        6.36964      202.02855        0.04985        0.07302        0.31133        4.00000        0.82258        1.46835        0.26622        8.81750        0.02015        0.01038        0.04514        0.62181      203.55211        0.05044        0.07304        2.46417        0.04553        1.92432        0.58678        8.80367        0.01842        0.02209        0.03503      300.00000        2.48338
   97    1    1     1522.16430   762569.46432   278836.67458        2.08330       38.12376        0.00178        0.03912        1.71105       24.60000      728.35823        0.02397        1.71059        6.06733        0.00906        0.02947        0.00045      218.73482       72.66144        0.00644        0.11848       98.17109        6.39001      504.85259      218.72562        7.43622        0.01341        0.05693        0.00921      300.00000      137.21272
   98    1    1     1772.49644     1767.48830      746.58985        7.39170      153.61872        0.02882        0.02393        1.19187       14.70000        0.19463        0.59988        1.13469        9.12623        0.02171        0.01143        0.05717        1.55769      152.87466        0.02840        0.02370       15.10921        0.15953        0.21255        1.55777        9.12669        0.02073        0.06967       -0.00007      300.00000        1.07005
   99    1    1     1724.95559     2114.80182      786.88454        6.21493      153.80013        0.02889        0.04591        0.42162       31.80000        0.71090        1.32378        0.41079        5.33627        0.00722        0.01220        0.01091        1.53374      154.07505        0.02890        0.04534       31.91510        0.09812        0.82166        1.52606        5.37840        0.00703        0.01573        0.00769      300.00000        1.43527
  100    1    1     1320.08388     1610.99394      572.48339        7.93319      198.44102        0.04809        0.02832        1.30406        8.70000        0.04310        0.43228        1.30229       13.05725        0.04180        0.00563        0.00185        0.18782      198.12183        0.04772        0.02878        8.52506        0.14517        1.44519        0.18715       13.05733        0.04256        0.00604        0.00067      300.00000        0.20244
