    1    1    1     4156.87065     1560.80948      529.39717        3.19927       44.02568        0.00237        0.02076        1.38917       17.80000        0.16923        0.34647        1.38809        6.55764        0.01075        0.00089   -33197.38279        0.65226       34.34461        0.00144        0.00531       21.41053        0.61933        0.64002        0.65279        8.79589        0.01915        0.00213       -0.00053      300.00000       44.69688
    2    1    1     4103.58629     5227.72379     2537.11951        5.75668       81.25548        0.00806        0.01627        0.16140       16.50000        4.16930        1.57807        0.15650       12.06856        0.03666        0.00089        0.00487        3.67918       79.31168        0.00767        0.01654       16.73798        0.12327        2.10188        3.67899       12.03698        0.03570        0.00643        0.00019      300.00000       64.13977
    3    1    1     1533.67163     3255.96016      973.57587        6.29010      177.26109        0.03838        0.05862        0.93592       23.00000        2.00835        0.82277        0.91180        6.96398        0.01161        0.02132        0.02414        1.05891      178.03883        0.03863        0.05679       23.60449        1.12717        1.60222        1.01502        7.01701        0.01165        0.00160        0.04389      300.00000        4.86819
    4    1    1     2197.98407     2464.90209      678.01482        0.96652       23.51731        0.00068        0.07163        1.37887       19.40000        1.17780        0.36595        1.36861        6.87346        0.01197        0.01143        0.01027        1.55279       32.93967        0.00132        0.01984       33.40014        0.53273        0.88455        1.53202       10.07204        0.02593        0.00117        0.02077      300.00000      111.62933
    5    1    1     4876.26963     1807.69278      763.31336        3.74324       52.26489        0.00334        0.02047        0.32499       16.50000        0.37018        1.42788        0.30669        6.46022        0.01065        0.00150        0.01835        1.07383       20.98353        0.00054        0.00246       29.87514        0.22071        0.83233        1.07435        6.03179        0.00900        0.02012       -0.00052      300.00000       55.07505
    6    1    1     1432.38746     1673.13829      606.69340        4.71687      163.49463        0.03265        0.11409        0.92537        8.80000        0.07095        0.80869        0.92588        7.62733        0.01443        0.00006       -0.00054        1.09475      173.69209        0.03656        0.11641        6.89671        0.26616        0.44313        1.09520        6.07673        0.00914        0.00008       -0.00046      300.00000       14.50633
    7    1    1     1764.35708     4010.04503     1827.50713        6.55855      152.10885        0.02826        0.03744        0.17604        8.70000        2.69918        1.57460        0.15997       14.83629        0.05302        0.00340        0.01611        0.49805      150.62748        0.02762        0.03737        9.46078        0.28022        3.67231        0.48190       14.83608        0.05605        0.00030        0.01616      300.00000        0.17257
    8    1    1     1973.10865     3815.83039     1673.13888        8.55643      121.13081        0.01792        0.00656        0.45165       23.60000        2.62102        1.28648        0.44809       12.18830        0.03731        0.00010        0.00355        1.22240      120.89974        0.01782        0.00670       23.59297        0.87096        2.26176        1.22283       12.18870        0.03673        0.00467       -0.00044      300.00000        0.33100
    9    1    1     1420.07914     2196.96906      755.36948        8.28165      175.78552        0.03774        0.01729        0.98008       46.60000        0.65105        0.77234        0.96222        4.71252        0.00534        0.00093        0.01784        1.12121      175.85864        0.03766        0.01744       46.59627        0.60645        0.65996        1.11918        4.70949        0.00556        0.01649        0.00203      300.00000        0.40477
   10    1    1     1546.57259     1842.39469      852.48380        7.74080      170.29127        0.03542        0.02369        0.75481       10.10000        0.29348        0.99284        0.74172        8.09405        0.01664        0.00197        0.01305        0.09573      169.89347        0.03503        0.02405       10.08284        1.58950        0.34233        0.09620        8.09364        0.01622        0.01599       -0.00047      300.00000        0.91992
   11    1    1     1993.47258     3577.24006     1588.83986        1.35917       16.18482        0.00032        0.01700        1.64965       49.10000        2.55398        0.12515        1.60941        8.81343        0.02008        0.00174        0.04035        3.85686       45.19605        0.00249        0.06230       22.04518        0.18052        0.19712        3.81286       16.29331        0.06279        0.00584        0.04399      300.00000      133.56168
   12    1    1     1930.35910     1418.70755      586.87021        8.17579      133.61512        0.02180        0.01082        1.34107       12.80000        0.02585        0.39788        1.33668        6.08462        0.00931        0.00536        0.00446        1.23825      133.83515        0.02186        0.01099       12.59821        0.06161        0.45989        1.23864        6.08435        0.00920        0.01030       -0.00039      300.00000        1.35245
   13    1    1     2309.05618     1545.68303      566.53540        6.01931      118.92099        0.01727        0.03040        1.13029        9.00000        0.11695        0.61510        1.11946       10.39605        0.02739        0.00412        0.01082        0.99148      115.40429        0.01625        0.02748       12.65479        0.09914        0.77286        0.98353       10.39438        0.02730        0.00703        0.00795      300.00000        7.43225
   14    1    1     1752.56053     1646.85850      628.19710        4.29926      124.82650        0.01903        0.08393        1.05377       20.10000        0.05404        0.68053        1.05403        8.86352        0.01953        0.07716       -0.00037        0.26174      128.12954        0.01994        0.08341       22.78876        0.09983        1.46891        0.22472        7.58492        0.01366        0.04048        0.03702      300.00000       17.86722
   15    1    1     1729.83562     1653.90310      576.42912        2.10382       53.83292        0.00354        0.07643        1.31992        6.40000        0.09533        0.43667        1.29790        9.68615        0.02249        0.04176        0.02200        1.05837       32.00945        0.00125        0.05311       30.42372        0.26529        0.54623        1.05883        5.89854        0.00861        0.06328       -0.00046      300.00000       97.65227
   16    1    1     1328.72231     6193.31764     2585.99994        2.01973       57.02479        0.00397        0.09339        1.30680       38.90000        5.28157        0.45394        1.28062        5.88950        0.00829        0.00236        0.02624        2.55664       46.44920        0.00263        0.08578       38.95695        0.91335        3.56709        2.54943        4.52842        0.00498        0.01986        0.00721      300.00000      117.08381
   17    1    1     1880.65664     2263.80254      943.09333        7.88986      139.02731        0.02361        0.01432        0.70552        8.80000        0.89765        1.02850        0.70606       12.10133        0.03628        0.00440       -0.00056        0.84050      139.56530        0.02371        0.01418        8.90516        0.12177        1.67334        0.83719       12.10177        0.03677        0.00000        0.00330      300.00000        0.26095
   18    1    1     2406.07842     2343.38426      953.61968        4.97938       85.96881        0.00903        0.02738        0.50368       40.50000        0.88439        1.23052        0.50404       12.36214        0.03776        0.00014       -0.00043        0.29879       84.62708        0.00869        0.04171       38.66114        1.50003        0.81643        0.29930       10.45392        0.02706        0.00020       -0.00051      300.00000       13.53037
   19    1    1     2284.95505     2427.20403      519.13706        7.81242      118.66568        0.01720        0.01098        1.12796       23.00000        1.10969        0.60670        1.12786       12.25396        0.03700        0.00062        0.00012        1.60451      119.07618        0.01728        0.01098       22.97865        0.79190        0.44799        1.60432       12.25403        0.03742        0.00007        0.00019      300.00000        3.21671
   20    1    1      903.95917   279882.60871   108646.90052        3.50912      105.41787        0.01357        0.09665        0.25799       28.40000      279.26792        1.49727        0.23730        4.34118        0.00482        0.01457        0.02063       53.35493      117.75712        0.01691        0.54662       48.55227        0.40497      226.80163       53.29879        6.04552        0.00859        0.01917        0.05614      300.00000       94.31422
   21    1    1     1483.23606     1709.78347      761.65523        3.13879       87.89567        0.00944        0.08634        1.62701        7.00000        0.06984        0.17890        1.55566        4.75760        0.00529        0.00014        0.07132        1.56803       92.96826        0.01052        0.06678       11.16589        0.06666        0.24480        1.49747        8.65162        0.01961        0.00057        0.07056      300.00000       62.49695
   22    1    1     1759.76035     4167.86563     1745.26775        8.32293      142.08816        0.02466        0.01094        1.13274       33.50000        2.97309        0.60326        1.13131        4.33435        0.00470        0.00432        0.00140        3.70694      141.75280        0.02447        0.01113       33.49174        0.53813        0.46287        3.70662        4.33974        0.00470        0.00546        0.00032      300.00000        0.10378
   23    1    1     1925.47163     2157.22780      900.25359        1.96550       45.15910        0.00249        0.06198        1.16203       24.20000        0.72606        0.57265        1.16191        7.24719        0.01308        0.00003        0.00009        0.91684       52.35751        0.00334        0.04288       13.16207        0.01135        1.53597        0.91699       10.59226        0.02792        0.00004       -0.00014      300.00000       81.14597
   24    1    1     2060.13447     3940.88111     1701.00363        0.16737        2.46462        0.00001        0.02648        0.26358       18.00000        2.77151        1.47041        0.26415        7.09209        0.01245        0.00208       -0.00055        1.52790       28.64364        0.00100        0.05493       32.04435        1.08911        1.84579        1.52821       10.29451        0.02616        0.00163       -0.00031      300.00000      155.85774
   25    1    1     2103.03693     1703.17152      493.50892        4.21674       74.67118        0.00681        0.03149        0.91140       24.10000        0.34034        0.83023        0.90433        4.42601        0.00494        0.00001        0.00699        0.94160       92.11688        0.01035        0.04998       13.37124        0.49748        0.61987        0.93743        3.77927        0.00349        0.00246        0.00418      300.00000       40.16581
   26    1    1     4602.86173     1504.11423      573.17161        6.37583       72.90937        0.00649        0.00948        0.94116       12.60000        0.11069        0.79376        0.94081        8.35909        0.01742        0.00614        0.00030        1.05604       69.43419        0.00587        0.01048       12.48782        0.04127        0.74738        1.05639        8.31661        0.01709        0.00703       -0.00035      300.00000       40.50348
   27    1    1     4737.23717     1470.70563      683.30741        4.07826       65.18224        0.00519        0.02601        0.70433        7.90000        0.04382        1.05082        0.68375        7.47583        0.01341        0.00143        0.02057        1.51837       60.05024        0.00440        0.01884       17.33172        0.06551        0.21168        1.51509        5.27877        0.00700        0.01922        0.00328      300.00000      109.43106
   28    1    1     1384.11756     7832.53676     3318.77420        8.00319      185.96156        0.04224        0.02371        0.65678       24.60000        7.43627        1.07746        0.65710       12.62097        0.03934        0.02218       -0.00030        3.18197      186.25199        0.04235        0.02340       24.70141        0.60944        5.38935        3.17228       12.62266        0.04034        0.01114        0.00969      300.00000        0.27207
   29    1    1     1581.09826     2161.12676      720.80870        3.96227      135.92871        0.02257        0.12117        0.59518       16.30000        0.56179        1.14085        0.59372        5.26027        0.00692        0.00460        0.00142        1.09050      112.43749        0.01542        0.06508       38.15297        0.64614        0.61750        1.08927        7.37262        0.01359        0.00484        0.00123      300.00000       15.09816
   30    1    1     1957.26698     1702.90173      643.99762        2.43092       61.21885        0.00458        0.07288        0.97006        7.60000        0.13123        0.78685        0.94771       14.18148        0.04821        0.00000        0.02232        0.95326       14.22034        0.00025        0.02735       41.26780        0.13732        0.87067        0.94454        7.22048        0.01265        0.01232        0.00872      300.00000      124.23421
   31    1    1     2797.33402     9347.84936     4120.60108        4.73109       75.86684        0.00703        0.02438        0.12405       23.60000        9.11829        1.60996        0.12460        2.68423        0.00178        0.00831       -0.00054        5.34804       59.79820        0.00435        0.04486       23.11918        1.53250        3.95140        5.34543        5.99337        0.00901        0.00364        0.00262      300.00000       11.30729
   32    1    1     1666.59502     1671.78542      582.49270        4.75822      137.07296        0.02295        0.07841        1.00422       24.80000        0.06168        0.73059        1.00397        6.73478        0.01131        0.02854        0.00030        0.06631      126.85955        0.01951        0.08620       23.16297        0.58894        1.15947        0.04458        6.59917        0.01044        0.00682        0.02173      300.00000        5.92221
   33    1    1    11530.09379     1720.96083      799.89661        4.95762       71.63577        0.00627        0.01923        0.19100       10.10000        0.08765        1.54537        0.18919        2.66593        0.00174        0.13708        0.00186        0.36926       55.00861        0.00368        0.02080       20.93527        0.73923        0.83536        0.23746        6.88751        0.01268        0.00734        0.13180      300.00000      140.62176
   34    1    1     3006.43664     2719.14519     1176.89219        5.93146       94.46971        0.01090        0.02008        0.37328       43.10000        1.22951        1.36623        0.36834        5.20594        0.00682        0.01358        0.00492        0.72252       95.28626        0.01106        0.02006       43.04987        1.24703        1.00100        0.71576        5.22036        0.00688        0.01185        0.00675      300.00000       17.80737
   35    1    1     2018.66350     2420.34049      595.64032        5.85983      133.01573        0.02161        0.04132        1.71238       26.80000        0.91619        0.02347        1.71110       13.72287        0.04623        0.00532        0.00132        1.46915      132.79855        0.02149        0.04004       27.18952        0.79592        0.38619        1.46971       13.77735        0.04703        0.00669       -0.00056      300.00000        7.95261
   36    1    1     3378.10631    31169.73818    12445.04995        0.03720        0.45238        0.00000        0.01806        0.73649       16.90000       32.48870        1.00365        0.73092        5.47527        0.00730        0.03863        0.00550       22.49759       29.29597        0.00105        0.02476       17.39657        0.05474       11.70446       22.45066        5.87199        0.00894        0.00128        0.04693      300.00000      152.19183
   37    1    1     1304.46752     2189.85760      849.52077        3.97719      122.09030        0.01821        0.09689        0.42876        6.80000        0.62826        1.30822        0.42634       15.45513        0.05848        0.00056        0.00248        1.41949      149.20647        0.02699        0.12807       11.01299        0.06874        0.87879        1.41961        7.61708        0.01431        0.00299       -0.00012      300.00000       28.32979
   38    1    1     1641.65515     3079.29880     1360.54382        1.17041       27.07133        0.00090        0.06444        0.08424       13.50000        1.74092        1.68846        0.04611        5.05049        0.00659        0.00395        0.03810        0.82142       24.42256        0.00073        0.06643       15.34367        0.59632        2.06971        0.80907        3.09491        0.00243        0.03246        0.01235      300.00000      135.06562
   39    1    1     2392.95791     3696.25178     1866.82663        4.44943       71.98430        0.00633        0.02564        0.63102        7.80000        2.28142        1.10369        0.63088       10.33590        0.02662        0.00628        0.00012        2.05921       74.40064        0.00674        0.03172        9.95034        0.13753        1.82045        2.05935        8.64018        0.01857        0.00680       -0.00014      300.00000       38.73801
   40    1    1     2811.57452     5036.79643     2329.27018        4.90635      100.82758        0.01242        0.03916        0.57882        6.10000        4.05226        1.15521        0.57936        4.63554        0.00532        0.00000       -0.00045        1.19490       88.28004        0.00949        0.02564       20.28992        0.11076        4.49826        1.19542        4.06884        0.00410        0.00002       -0.00053      300.00000       51.48228
   41    1    1     1990.18828     7915.35773     3776.25718        3.66276       81.92764        0.00820        0.05291        1.06275       22.70000        7.45512        0.67342        1.06114        3.91717        0.00384        0.00495        0.00165        2.49208       72.15731        0.00633        0.05254       36.29133        0.95160        5.74924        2.49264        3.28718        0.00268        0.00673       -0.00056      300.00000       23.75221
   42    1    1     2552.50429     2086.84055      633.62441        1.67766       27.95848        0.00095        0.03297        1.65433        9.70000        0.78338        0.08486        1.64971       15.40923        0.05792        0.00505        0.00459        1.02524       18.10468        0.00040        0.01863       33.45056        0.29978        1.25441        1.01630        9.30259        0.02099        0.00001        0.00894      300.00000      144.28985
   43    1    1     2349.48507     1630.35191      763.58837        4.70741       67.02411        0.00549        0.01927        1.50777        2.50000        0.00088        0.22983        1.50473       13.99981        0.04919        0.00029        0.00299        0.56592       75.87338        0.00697        0.04819        6.95750        0.00340        1.17172        0.56292        7.98682        0.01601        0.00052        0.00301      300.00000       45.41106
   44    1    1     2556.71518    15614.50222     6975.82272        6.33595      110.03097        0.01479        0.02205        0.26736       15.30000       16.55591        1.46817        0.26640        3.01228        0.00223        0.00188        0.00096       10.61449      108.54657        0.01439        0.02232       15.40132        0.18680        7.48975       10.61428        2.89450        0.00206        0.00256        0.00021      300.00000        8.08214
   45    1    1     3277.28208     2328.04778      727.68393        1.17499       21.67316        0.00057        0.04098        1.17721       23.30000        0.87932        0.55685        1.17772       10.75230        0.02863        0.00002       -0.00045        1.67595       16.56980        0.00033        0.03633       26.02485        0.58500        0.36144        1.67646        9.95579        0.02453        0.00002       -0.00051      300.00000      134.44239
   46    1    1     2323.23909     2670.40031     1105.64860        6.73458      114.09532        0.01590        0.01916        0.41165       13.60000        1.26798        1.33583        0.39874       13.37408        0.04321        0.00000        0.01287        1.15468      114.50071        0.01599        0.01900       13.67869        0.26420        1.59300        1.14544       13.37468        0.04338        0.00347        0.00923      300.00000        1.77418
   47    1    1     1583.45748     1620.91945      612.97270        3.84098       81.56331        0.00812        0.04695        0.73748        4.00000        0.01639        1.00812        0.72645       21.36092        0.11044        0.01067        0.01099        1.46330       75.68557        0.00697        0.13217       22.07403        0.10130        0.21112        1.46374        5.15901        0.00658        0.01674       -0.00044      300.00000       66.13893
   48    1    1     2303.32724     1592.78740      701.49493        3.02358       52.29015        0.00334        0.03319        1.67527       10.00000        0.26179        0.07201        1.66256        6.10445        0.00946        0.00681        0.01269        1.77470       64.07541        0.00500        0.04505        4.64490        0.04309        0.18947        1.75929        2.68384        0.00174        0.00283        0.01542      300.00000       49.03324
   49    1    1     5258.31501     2586.16319      974.02588        2.94145       46.54812        0.00265        0.02794        1.61224       19.60000        1.43312        0.12268        1.61188        4.23126        0.00441        0.00003        0.00039        1.22035       40.20519        0.00197        0.02702       17.39591        1.46393        0.48601        1.22010        3.87309        0.00374        0.00007        0.00025      300.00000       73.14827
   50    1    1     1205.33910     1572.80815      572.34530        8.30272      206.86081        0.05226        0.02355        0.78023        5.20000        0.05949        0.97985        0.75471        9.43986        0.02131        0.00006        0.02549        0.74596      206.91220        0.05218        0.02356        5.41987        0.24892        0.82179        0.72346        9.44024        0.02136        0.00299        0.02250      300.00000        0.14218
   51    1    1     1850.55895     1542.16849      629.00128        5.18702      138.63619        0.02347        0.06377        1.17812        2.10000        0.00494        0.56639        1.16817        5.26835        0.00672        0.00865        0.00997        0.73971      136.41595        0.02270        0.05648        1.81312        0.00375        1.01305        0.72256        7.78093        0.01543        0.00096        0.01715      300.00000       11.32804
   52    1    1     4858.07127     2663.91533     1293.63783        2.03852       26.30094        0.00084        0.01949        0.20894       17.00000        1.21220        1.53716        0.19740        9.00145        0.01960        0.05571        0.01155        2.01531       17.31756        0.00037        0.00261       26.92534        0.18836        0.75345        2.01088       11.44317        0.03293        0.06094        0.00443      300.00000       97.97998
   53    1    1     4131.57469     1439.15386      578.31549        4.75059       52.09323        0.00331        0.01137        1.17832        6.10000        0.00893        0.55612        1.17845       11.59729        0.03346        0.00196       -0.00013        0.37844       54.61848        0.00364        0.01501        5.12622        0.09752        1.27008        0.37690       10.73562        0.02828        0.00051        0.00154      300.00000       21.36684
   54    1    1     1308.84612     1836.17293      723.43979        7.48966      206.14904        0.05190        0.04062        1.13178       17.70000        0.14749        0.61258        1.12198       16.04643        0.06519        0.00334        0.00981        1.52140      206.61170        0.05182        0.04071       17.71940        0.09604        0.26479        1.52125       16.04668        0.06416        0.01398        0.00015      300.00000        0.71077
   55    1    1     4353.39409    19186.19018     8147.12871        8.19871       53.74042        0.00353        0.00172        1.46576       31.30000       19.89716        0.28655        1.44802       12.28985        0.03851        0.00000        0.01767        7.75343       54.14067        0.00358        0.00169       31.30205        1.81621       12.07098        7.74461       12.28901        0.03820        0.00918        0.00881      300.00000        6.08255
   56    1    1     1743.43003     1713.65057      453.76760        5.63503      151.51357        0.02804        0.06026        0.88162       10.80000        0.21585        0.86248        0.87209        8.90771        0.02009        0.00081        0.00959        1.04118      147.28815        0.02643        0.06095       10.30940        0.37612        0.53625        1.03750        9.21904        0.02135        0.00687        0.00368      300.00000        8.44332
   57    1    1     2545.54227     1495.65004      588.99742        0.17597        3.62861        0.00002        0.05191        0.78883        8.00000        0.01207        0.94608        0.78848        7.32437        0.01321        0.00087        0.00031        0.48285       13.46856        0.00022        0.04524       10.76514        0.00658        1.26459        0.48084        7.40055        0.01342        0.00009        0.00202      300.00000      153.45429
   58    1    1     2052.85616     7026.44637     3447.65199        5.26010      127.66455        0.01991        0.05204        0.38361       13.30000        6.71342        1.36260        0.37196       11.54926        0.03383        0.02564        0.01164        0.67464      124.45361        0.01886        0.04663       13.06218        0.15347        7.64806        0.65385       13.28894        0.04238        0.00701        0.02078      300.00000       14.77537
   59    1    1     3939.15898     2054.91901      688.27855        0.59216        6.94704        0.00006        0.01675        1.31588       12.00000        0.74081        0.43916        1.29541        3.79368        0.00368        0.02740        0.02044        1.48083       17.92900        0.00039        0.00650       13.52161        0.24089        0.79647        1.44030        6.79692        0.01195        0.00670        0.04053      300.00000      127.41592
   60    1    1     2281.97441     1825.67218      908.35917        3.12828       68.53331        0.00574        0.05288        0.29962        8.40000        0.08023        1.45040        0.28416        9.10645        0.02111        0.00004        0.01551        0.51882       74.67895        0.00680        0.02120        7.86826        0.00582        1.30275        0.50549       14.46448        0.05315        0.00147        0.01334      300.00000       45.15924
   61    1    1     1478.78834     3644.95504     1318.32318        2.42334       67.93901        0.00564        0.09036        0.97802       21.80000        2.48465        0.75666        0.97790       10.64729        0.02794        0.02546        0.00006        2.17405       74.64695        0.00679        0.10216       25.04917        0.82990        1.22781        2.16043        8.59843        0.01785        0.01015        0.01363      300.00000       71.19612
   62    1    1     1830.37672     1849.52945      649.13346        0.84954       18.56888        0.00042        0.05793        0.30296       16.60000        0.30352        1.44014        0.29443       15.30595        0.05924        0.06112        0.00850        1.74147       39.18066        0.00187        0.04709       24.54121        0.11273        0.23441        1.69176       16.16621        0.06789        0.01988        0.04971      300.00000      130.52667
   63    1    1     1226.30100     3554.30130     1499.44861        0.07032        2.11286        0.00001        0.11025        0.83933       13.00000        2.15835        0.89780        0.83676       11.72966        0.03368        0.00689        0.00265        0.57545       56.25811        0.00384        0.13750       29.54978        0.95666        2.33285        0.57564       11.47278        0.03248        0.00752       -0.00020      300.00000      142.59641
   64    1    1     3954.60374     9920.38153     4642.91310        7.09751       69.53064        0.00590        0.00582        1.64581       10.70000        9.80909        0.10835        1.62621       12.52422        0.04005        0.02076        0.01961        6.52875       68.73147        0.00577        0.00646       10.29505        0.01649        5.03145        6.49530       12.52479        0.03733        0.00953        0.03345      300.00000        2.70964
   65    1    1     4822.41373     1471.76535      598.20376        3.45857       40.30818        0.00198        0.01460        0.58056        6.70000        0.02695        1.16721        0.56735        6.24812        0.00992        0.00935        0.01314        1.01040       48.36906        0.00285        0.01883       17.47407        0.12145        0.65164        0.99331        2.11274        0.00107        0.00433        0.01709      300.00000       20.20103
   66    1    1     1680.28103     4036.68763     1510.12295        8.27393      149.96807        0.02747        0.01266        0.66644       28.20000        2.85791        1.09618        0.63839       11.30882        0.03053        0.01444        0.02811        2.64683      149.84965        0.02737        0.01282       28.19159        0.55940        1.39490        2.63814       11.30891        0.03234        0.03197        0.00868      300.00000        0.34322
   67    1    1     1256.63601     1787.74187      874.63063        8.43701      193.90743        0.04592        0.01859        1.52634       17.20000        0.03129        0.20769        1.52688       12.88609        0.04112        0.00834       -0.00058        0.31324      193.79127        0.04581        0.01868       17.20646        0.07317        1.38696        0.30575       12.88616        0.04035        0.00109        0.00748      300.00000        0.26953
   68    1    1     1315.54317     1694.36011      619.40652        6.89425      205.84856        0.05175        0.05713        0.76901       25.30000        0.06984        1.03042        0.70415        0.61886        0.00010        0.00531        0.06483        1.03175      205.77722        0.05151        0.05630       25.70510        0.05822        0.71531        1.03194        0.62060        0.00010        0.07037       -0.00018      300.00000        0.48383
   69    1    1     2639.13333     1436.17359      629.34687        6.62879      102.60287        0.01286        0.01640        1.18161       16.90000        0.02593        0.55733        1.17724        6.28413        0.00964        0.00015        0.00437        0.35001      101.92212        0.01265        0.01770       16.29242        0.12023        1.29335        0.34589        6.27561        0.00990        0.00008        0.00412      300.00000        1.53557
   70    1    1     1839.29534    20280.79172     8979.64050        1.47587       20.33530        0.00051        0.02268        0.14171       22.60000       20.55352        1.59444        0.14012        9.39541        0.02208        0.00277        0.00152        4.95966       45.49415        0.00252        0.11688       39.58207        0.29309       16.88214        4.95618       18.17047        0.08292        0.00052        0.00348      300.00000      132.15694
   71    1    1     3224.42299     2006.17408      784.41713        1.74156       29.61309        0.00107        0.03424        0.75207        4.90000        0.63103        0.98335        0.75121       14.58976        0.05231        0.00001        0.00092        1.15575       44.27515        0.00239        0.00892       36.51900        0.12003        1.15499        1.15597        6.50128        0.01043        0.00155       -0.00022      300.00000       88.25840
   72    1    1     2126.19846   116594.82937    47183.68317        8.83824      104.91066        0.01344        0.00377        1.16714       37.90000      118.94646        0.57279        1.16177       10.23429        0.02552        0.00094        0.00538       67.59851      104.96878        0.01345        0.00379       37.91586        0.43354       52.64953       67.59803       10.23070        0.02575        0.00558        0.00047      300.00000        0.01968
   73    1    1     3212.15688     1457.54690      613.89980        5.22562       71.52212        0.00625        0.01663        0.34994       22.40000        0.02429        1.38824        0.34633        8.09194        0.01645        0.01474        0.00351        0.77487       90.38359        0.00997        0.03554       19.14808        0.02210        0.97232        0.75721        1.89659        0.00092        0.00083        0.01766      300.00000       40.31409
   74    1    1     1806.71399    38561.69164    16791.88907        6.96237      149.68719        0.02737        0.02909        0.34331        9.10000       40.27925        1.40590        0.32866       14.05485        0.04764        0.05359        0.01471       14.84688      150.80527        0.02775        0.02939        8.58823        0.23457       26.94450       14.83415       14.05362        0.05015        0.05294        0.01273      300.00000        1.03862
   75    1    1     1089.54199     2062.82106      750.58279        8.98715      195.66650        0.04676        0.01113        0.32810       14.90000        0.65171        1.40588        0.32869       14.69206        0.05351        0.00043       -0.00059        1.38796      195.70747        0.04674        0.01129       14.74577        0.07890        0.91889        1.38825       14.69189        0.05365        0.00010       -0.00029      300.00000        0.08373
   76    1    1     1930.27712     2738.86769     1073.50717        3.15839       97.30234        0.01156        0.10435        0.25933       17.80000        1.15985        1.47782        0.25674       20.68367        0.10473        0.00030        0.00257        1.84590       80.05804        0.00780        0.03376       37.92870        0.13847        0.97491        1.84280       21.87920        0.11707        0.00004        0.00310      300.00000       30.98750
   77    1    1     7606.52986     1696.89695      756.33637        5.49385       50.01382        0.00306        0.00707        1.62926       16.10000        0.19804        0.11370        1.62087        5.50229        0.00765        0.00245        0.00844        1.39154       56.62592        0.00391        0.00934       20.65063        0.24950        0.30013        1.38426        3.56425        0.00309        0.00372        0.00728      300.00000      144.31524
   78    1    1     3149.09387     3364.64114     1516.32664        5.42510       80.83676        0.00798        0.01914        1.69193       23.50000        2.26945        0.08852        1.64604       17.14857        0.06949        0.00120        0.04587        2.64564      114.81787        0.01605        0.03920        4.44163        0.01858        1.31289        2.64558       17.01267        0.07206        0.04327        0.00006      300.00000       56.93869
   79    1    1     3789.52420    15889.89193     7718.41214        7.96099       69.22267        0.00585        0.00338        1.09469       12.70000       16.26933        0.66069        1.07388       11.41447        0.03330        0.00034        0.02090        0.53257       68.72315        0.00577        0.00317       12.91343        5.34533       12.13127        0.52761       11.41411        0.03176        0.01772        0.00496      300.00000        1.33204
   80    1    1     2782.77731     1647.70890      640.43110        2.91262       46.64250        0.00266        0.02866        1.55444       25.80000        0.16813        0.18467        1.54990        3.83245        0.00369        0.00620        0.00454        1.46821       64.92177        0.00514        0.02218       25.50466        0.17838        0.26037        1.45883        7.11006        0.01226        0.00192        0.00937      300.00000       52.35119
   81    1    1     1317.82145    23063.35704     9440.57965        2.59214       70.07353        0.00600        0.08326        0.25927       33.00000       24.03700        1.47983        0.25473        2.71018        0.00185        0.00142        0.00458        4.76990       85.22107        0.00883        0.15178       22.88688        0.13026       20.73335        4.76345       17.13698        0.07408        0.00042        0.00645      300.00000       79.79790
   82    1    1     2407.80959     2005.25964      835.04903        3.09993       53.12951        0.00345        0.03243        0.71481       15.80000        0.43152        1.03767        0.69690       14.38658        0.04978        0.01930        0.01785        0.86424       63.51021        0.00492        0.02501       17.88721        0.20509        1.12984        0.83045       15.21003        0.05961        0.00024        0.03379      300.00000       56.71791
   83    1    1     1520.19473     9031.33204     4105.37804        6.08566      175.01075        0.03741        0.06360        1.05006       23.10000        8.37312        0.68504        1.04952        2.59488        0.00168        0.09248        0.00052        3.13174      174.38864        0.03710        0.06244       23.77680        0.33676        6.64019        3.13196        2.67673        0.00177        0.09337       -0.00021      300.00000        2.93049
   84    1    1     4688.47472   466026.64217   179578.23065        7.42069       57.53729        0.00404        0.00330        0.36527       20.20000      453.32095        1.38738        0.34718        6.19178        0.00978        0.02306        0.01819      116.85096       57.67741        0.00406        0.00345       20.22888        0.07834      338.15626      116.82077        6.18477        0.00912        0.01173        0.03019      300.00000        0.33102
   85    1    1     1256.53471     1737.02170      646.94970        6.91836      214.57366        0.05623        0.06125        1.16467        8.60000        0.10455        0.57213        1.16243       16.82813        0.06936        0.04639        0.00229        1.50183      214.32886        0.05579        0.06183        8.37300        0.01083        0.32996        1.49810       16.82889        0.06918        0.04516        0.00372      300.00000        0.31027
   86    1    1     2351.54413     1493.97168      612.55654        6.15690      115.49172        0.01629        0.02668        1.42236       13.70000        0.06857        0.38916        1.34540        2.85103        0.00189        0.00031        0.07699        0.82937      114.56175        0.01602        0.02763       13.23050        0.07789        0.91558        0.80903        2.82373        0.00204        0.05674        0.02034      300.00000        6.52705
   87    1    1     1624.62153     2118.27240      780.93996        5.98822      165.00493        0.03325        0.05948        0.43312       10.70000        0.55211        1.31476        0.41981       16.05598        0.06549        0.00492        0.01333        0.50080      161.61018        0.03172        0.05829       12.91924        0.39418        1.41316        0.48207       16.05127        0.06193        0.00305        0.01873      300.00000        4.55281
   88    1    1     2242.92414     2448.21436      951.81718        7.40779      119.61330        0.01747        0.01437        1.36373       31.80000        1.23710        0.43746        1.29711        1.09860        0.00028        0.00633        0.06662        0.56848      119.57948        0.01746        0.01436       31.81128        0.49206        1.98408        0.49556        1.06302        0.00026        0.00004        0.07292      300.00000        0.12763
   89    1    1     4750.46019     2167.98769      924.10424        5.15329       54.07633        0.00357        0.00988        0.54272       17.80000        0.74328        1.19458        0.53999        5.72908        0.00803        0.01006        0.00277        0.89503       51.70907        0.00326        0.00860       14.42545        0.63642        0.94392        0.89215        7.76516        0.01513        0.00978        0.00288      300.00000       27.68541
   90    1    1     7612.33108     2812.01027      951.17097        2.15176       30.89378        0.00117        0.02401        0.65781       23.10000        1.68807        1.07976        0.65480        8.04255        0.01623        0.00004        0.00297        1.98103       17.11216        0.00036        0.02403       19.21855        0.73462        0.71127        1.97843        8.00714        0.01569        0.00011        0.00260      300.00000       74.02819
   91    1    1     7675.10209     1723.74904      594.85659        5.72239       83.18245        0.00845        0.01736        1.24432       14.00000        0.29019        0.49187        1.24270        6.19883        0.00962        0.00252        0.00167        1.55322       74.15130        0.00670        0.01711        8.40992        0.20100        0.25946        1.55369        9.47907        0.02222        0.00461       -0.00047      300.00000       23.74550
   92    1    1     1839.24864     4945.66494     2063.54223        7.75365      141.94336        0.02461        0.01632        1.21810       14.00000        4.30687        0.51652        1.21805        5.76152        0.00827        0.00052        0.00000        3.30097      141.60836        0.02447        0.01613       14.21151        0.14780        2.59282        3.30115        5.76520        0.00827        0.00074       -0.00018      300.00000        1.28939
   93    1    1     2150.25597     1744.34025      668.72549        5.23621      121.19609        0.01794        0.04749        1.68279       11.00000        0.12435        0.06137        1.67319       15.69715        0.05972        0.00082        0.00965        0.62516      130.72615        0.02073        0.04787        8.00449        0.19975        1.03109        0.62525       15.65725        0.06103        0.00886       -0.00009      300.00000       24.60723
   94    1    1     1708.65500     1574.09703      586.13749        0.28362        5.77103        0.00004        0.05053        0.97659       12.70000        0.07574        0.76248        0.97208        5.75339        0.00833        0.00160        0.00446        0.85109       11.00463        0.00015        0.04861       13.73773        0.23322        0.72569        0.85148        6.39150        0.01015        0.00641       -0.00039      300.00000      173.24590
   95    1    1     2105.29008     2335.31320     1176.55550        1.73443       22.58238        0.00062        0.02008        0.11943       35.60000        0.77269        1.63243        0.10213        5.05044        0.00650        0.02473        0.01737        0.61895       20.01107        0.00049        0.08486       12.62085        0.24267        1.60962        0.59055        4.52575        0.00489        0.01501        0.02840      300.00000      140.14332
   96    1    1     2622.77424     1729.61181      889.16506        5.26648      103.97894        0.01320        0.03440        1.61447       19.00000        0.01918        0.13378        1.60078        4.43085        0.00499        0.00256        0.01369        1.53419      113.92050        0.01577        0.04411       10.59782        0.00624        0.20216        1.53207        4.88169        0.00597        0.01416        0.00211      300.00000       44.89835
   97    1    1     1946.30812     1753.71218      524.13107        1.82305       66.13808        0.00534        0.15540        1.43871       28.90000        0.08364        0.29558        1.43898        6.58656        0.01078        0.01054       -0.00030        1.22736       70.84023        0.00612        0.03105       50.67161        0.32486        0.34878        1.22323       15.02365        0.05675        0.00509        0.00413      300.00000       49.18726
   98    1    1     2457.61556     1522.77011      596.53970        6.35647      111.49997        0.01518        0.02240        0.75996       17.00000        0.06324        0.98575        0.74881        3.64603        0.00322        0.00609        0.01110        1.28987      110.06343        0.01474        0.02009       18.50396        0.07259        0.44097        1.28698        3.68562        0.00341        0.01417        0.00289      300.00000        3.74851
   99    1    1    10011.34152    17204.30197     7460.27809        2.09949       13.22401        0.00021        0.00463        0.17092       21.20000       17.89041        1.56334        0.17123        4.50613        0.00504        0.00635       -0.00039        0.98911       23.29074        0.00066        0.00112       23.96354        1.63358       16.98446        0.98645       10.46548        0.02747        0.00453        0.00266      300.00000       19.47863
  100    1    1     1304.47005     3020.82460     1279.95673        3.58194      128.83840        0.02027        0.13774        0.69607       26.00000        1.39565        1.03797        0.69659       10.32841        0.02644        0.00638       -0.00056        0.72117      131.95772        0.02122        0.15590       26.85779        1.00293        1.41169        0.71779        4.57984        0.00527        0.00233        0.00339      300.00000       10.07817
