    1    1    1     1620.14861    22988.14811     9837.12648        6.58281      167.48846        0.03426        0.04480        0.00690       20.70000       23.30531        1.72714        0.00742        7.60639        0.01432        0.02288   -33197.38435        2.46527      167.71073        0.03430        0.04717       19.55654        1.61808       20.96885        2.45063        7.55961        0.01378        0.00817        0.01464      300.00000        2.62703
    2    1    1     2213.60426     3772.38773     1533.61032        0.79496       17.15677        0.00036        0.05653        1.54555       13.70000        2.77329        0.18876        1.54580        4.12840        0.00424        0.00152       -0.00025        1.51984       30.23941        0.00111        0.02260       26.58070        0.32270        2.69427        1.51908        6.00000        0.00885        0.00088        0.00076      300.00000      136.21197
    3    1    1     4739.07914     1780.74256      815.12495        0.45251       12.14648        0.00018        0.08782        0.34868        9.10000        0.09525        1.38546        0.34910       12.22616        0.03713        0.00618       -0.00035        0.58240       34.33527        0.00144        0.00238       39.34662        0.18125        1.14394        0.57923       13.67796        0.04575        0.00355        0.00317      300.00000       68.57250
    4    1    1     2447.65927     1546.52682      560.74413        8.44229       97.97258        0.01172        0.00473        1.19624        8.90000        0.17067        0.53815        1.19641        6.44224        0.01033        0.00123       -0.00012        1.01264       98.06889        0.01173        0.00491        8.58624        0.40809        0.48468        1.01219        6.44182        0.01035        0.00067        0.00045      300.00000        1.67830
    5    1    1     3555.81396     2812.18209      936.15816        4.45792       92.05461        0.01035        0.04173        0.31242       20.40000        1.50778        1.43160        0.30297        3.29060        0.00263        0.05224        0.00952        0.41054       75.04855        0.00688        0.01442       27.63183        1.63509        1.26436        0.36162        7.77355        0.01569        0.01178        0.04892      300.00000       63.46234
    6    1    1     2176.44711   275176.27793   106446.69461        3.74892       52.99139        0.00343        0.02097        1.08882       23.70000      271.94602        0.64532        1.08925        8.95452        0.01991        0.00157       -0.00040       11.04181       45.51834        0.00253        0.10654       18.27588        0.04072      262.50335       11.03756       10.73604        0.02813        0.00312        0.00425      300.00000       75.78867
    7    1    1      969.56651     2040.62516      830.82446        8.96051      221.11919        0.05972        0.01466        1.26185        9.70000        0.44200        0.47243        1.26213       18.88679        0.08811        0.00492       -0.00036        0.84257      221.20535        0.05947        0.01491        9.74469        0.00756        1.32868        0.84036       18.88719        0.08938        0.00111        0.00221      300.00000        0.33016
    8    1    1     2108.06980     1493.57672      579.46424        3.11614       53.21656        0.00346        0.03216        0.83341        6.70000        0.00245        0.93369        0.80088       11.39891        0.03094        0.00023        0.03247        0.72918       52.89056        0.00340        0.06741        7.22735        0.02335        0.97913        0.72742        4.05377        0.00411        0.02974        0.00176      300.00000       65.35113
    9    1    1     1954.32176     4533.93649     1872.13716        4.18608       99.04876        0.01198        0.05640        0.82226       16.30000        3.64876        0.91336        0.82120        5.73359        0.00821        0.03213        0.00102        2.92242       96.06861        0.01127        0.05427       18.08375        0.21395        2.25409        2.92083        4.90388        0.00590        0.03122        0.00159      300.00000       12.77695
   10    1    1     1712.50875     2681.13397     1075.55380        0.51686        9.13400        0.00010        0.03804        0.28219       11.30000        1.30284        1.45390        0.28066        5.61847        0.00790        0.05621        0.00161        1.15530       16.41616        0.00033        0.10482       17.35964        1.37717        0.48819        1.10857        4.19422        0.00456        0.01084        0.04673      300.00000      161.57571
   11    1    1     2302.57129     1665.90999      846.58222        0.63138        9.91052        0.00012        0.02997        1.61034       11.80000        0.00759        0.12489        1.60968        4.07548        0.00408        0.01255        0.00063        0.85117       19.07526        0.00044        0.02212       18.71246        0.01906        0.88835        0.84553        1.73176        0.00073        0.00766        0.00564      300.00000      144.81491
   12    1    1     1593.20366     1859.90539      865.61654        1.38553       39.26310        0.00188        0.09619        0.19108        2.00000        0.04058        1.54421        0.19036       14.87162        0.05438        0.04150        0.00072        0.89603       30.32516        0.00112        0.05306       23.76428        0.11461        0.80674        0.86789       18.52479        0.08813        0.01014        0.02814      300.00000      128.13005
   13    1    1     4690.92600     3010.47942     1102.44079        6.26461       67.34683        0.00554        0.00858        1.04004       24.70000        1.91897        0.69544        1.03912        6.84363        0.01151        0.08000        0.00099        2.19668       67.21439        0.00551        0.00905       24.41299        0.26054        1.26273        2.12962        6.87595        0.01106        0.01451        0.06706      300.00000       33.20188
   14    1    1     1915.43506    10343.69400     4536.51715        1.64838       25.35589        0.00079        0.02811        0.83561       39.00000       10.13420        0.92475        0.80982        6.34089        0.01031        0.01599        0.02584        2.80174       47.21804        0.00272        0.07100       22.86232        0.13880        8.93150        2.76322        2.07242        0.00111        0.00286        0.03852      300.00000      124.65099
   15    1    1     2078.64866     1588.86270      590.94113        1.98255       44.14820        0.00238        0.05818        1.60708       13.10000        0.00841        0.15226        1.58231        6.73475        0.01085        0.00453        0.02475        1.22322       52.24719        0.00333        0.03453       20.47545        0.21035        0.31803        1.20382       13.96675        0.04980        0.00442        0.01940      300.00000       78.05978
   16    1    1     1344.58467     1562.13361      574.66433        7.63120      196.42577        0.04712        0.03380        1.60855       23.40000        0.04619        0.12727        1.60730        3.91720        0.00377        0.00539        0.00131        1.23615      196.52701        0.04712        0.03408       23.27080        0.03790        0.50776        1.23479        3.91301        0.00376        0.00532        0.00136      300.00000        0.72718
   17    1    1     2060.73366     1840.08990      740.79622        0.25966        3.22453        0.00001        0.01882        1.52756       31.70000        0.32471        0.20885        1.52572       14.37737        0.05175        0.00010        0.00185        0.38321       41.95374        0.00215        0.08836       15.24363        0.06232        1.59115        0.38170        4.22922        0.00439        0.00022        0.00151      300.00000      149.38326
   18    1    1     2324.01370   302752.37225   121554.62469        1.47018       16.19528        0.00032        0.01450        0.56987       26.50000      300.79879        1.16555        0.56902        7.75270        0.01501        0.01171        0.00084      119.14788       25.81184        0.00081        0.03530       31.03958        0.07996      183.28503      119.14671        8.27117        0.01679        0.00993        0.00117      300.00000      141.46671
   19    1    1     3886.46622     1929.66616      508.61908        2.33325       66.17817        0.00535        0.09290        1.58358       16.00000        0.36473        0.15934        1.57523        7.59748        0.01459        0.01613        0.00820        1.31439       63.84297        0.00496        0.09189       16.89496        0.47950        0.30904        1.31445        7.13997        0.01258        0.02426       -0.00006      300.00000       20.58706
   20    1    1     1379.99943     1687.26320      609.27989        5.90511      186.55049        0.04250        0.07939        1.18691       16.00000        0.06732        0.64075        1.09381       10.19419        0.02406        0.00297        0.09322        1.14975      189.15426        0.04363        0.08216       13.29491        0.11443        0.59748        1.08599       10.19913        0.02437        0.03207        0.06376      300.00000        1.75281
   21    1    1     1257.38292     4325.49964     1737.49288        8.88829      174.27781        0.03710        0.00986        1.05563       21.50000        3.24671        0.68196        1.05261       15.12908        0.05744        0.00511        0.00302        3.89170      174.43962        0.03706        0.00990       21.52948        0.50795        0.59046        3.88294       15.12908        0.05553        0.00121        0.00876      300.00000        0.21055
   22    1    1     1626.84203     1915.93679      702.27873        0.35549        7.61390        0.00007        0.05595        0.81493       17.60000        0.27940        0.97728        0.75728       14.15342        0.04706        0.00003        0.05752        0.99240       37.85665        0.00174        0.08766       27.81039        0.58148        0.47057        0.94616       11.01259        0.03145        0.00943        0.04624      300.00000      150.34833
   23    1    1     1555.26762    28686.43726    12129.47857        7.47948      173.83611        0.03691        0.02907        0.41237       21.70000       29.64957        1.32473        0.40983       14.09547        0.04864        0.00596        0.00253       16.27891      173.16334        0.03659        0.02873       22.06654        0.73476       14.37658       16.27353       14.09478        0.04840        0.00325        0.00538      300.00000        0.93909
   24    1    1     2391.72480     1729.29468      758.85060        4.27708       86.17880        0.00907        0.04051        0.89310        9.90000        0.06969        0.85604        0.87853       15.69532        0.05942        0.00990        0.01445        1.47768       95.68469        0.01116        0.04363        5.84309        0.04867        0.29241        1.45806       15.77314        0.06353        0.00067        0.01962      300.00000       15.22859
   25    1    1     3622.61259     1740.83334      494.30135        4.84248       55.90264        0.00382        0.01246        0.80562       33.70000        0.39691        0.92917        0.80540        2.81010        0.00197        0.01158        0.00026        0.61962       43.79745        0.00234        0.02152       29.30660        0.44577        1.05415        0.61830        5.42785        0.00723        0.01090        0.00131      300.00000       20.29850
   26    1    1     2589.25109     1735.73998      645.76823        6.47155      101.61962        0.01261        0.01750        1.62468       12.80000        0.19615        0.13085        1.60371       11.48955        0.03168        0.01933        0.02095        0.80879      102.07195        0.01271        0.01808       12.31194        0.90292        0.22692        0.80024       11.48864        0.03337        0.03000        0.00856      300.00000        1.77341
   27    1    1     1843.91072     4488.93889     1845.61037        5.95141      147.47034        0.02656        0.04843        1.26347       35.70000        3.28447        0.47700        1.25756        9.49510        0.02195        0.00406        0.00593        0.63861      145.11179        0.02560        0.04482       36.89537        3.87739        0.50781        0.63832        9.50059        0.02250        0.00922        0.00029      300.00000        7.15415
   28    1    1     1965.64086     2387.13964     1106.67057        8.50318      120.82799        0.01783        0.00683        0.61314       21.40000        0.84721        1.12701        0.60755       12.01378        0.03516        0.00192        0.00561        1.73877      121.03773        0.01785        0.00672       21.45994        0.33168        0.51320        1.73703       12.01358        0.03539        0.00549        0.00174      300.00000        0.99745
   29    1    1     2738.22182    42654.21861    17450.35564        5.57784      104.49109        0.01333        0.02953        1.04427       29.20000       43.52543        0.69936        1.03520       10.69827        0.02895        0.02913        0.00897       12.74457      102.16763        0.01273        0.02392       31.49657        0.62855       31.89344       12.74466       10.64106        0.02818        0.03865       -0.00010      300.00000       21.16398
   30    1    1     2165.68310     1578.75504      589.93670        4.66879      115.93122        0.01641        0.05889        0.79153       16.80000        0.05281        0.94298        0.79158        4.38258        0.00474        0.02696       -0.00013        0.72746      123.93302        0.01870        0.06466       11.43842        0.08491        0.98526        0.71033        3.83755        0.00354        0.00979        0.01713      300.00000       42.66287
   31    1    1     2040.68290     3100.59364     1324.08006        1.50243       31.26472        0.00119        0.05169        0.26418       22.00000        1.61679        1.47024        0.26432        8.32369        0.01724        0.00161       -0.00009        0.44972        8.93999        0.00010        0.02853       28.39589        2.34798        0.51324        0.45011       18.16643        0.08197        0.00142       -0.00039      300.00000      143.36004
   32    1    1     3234.79985    58502.45845    23876.06616        6.27283       83.44838        0.00850        0.01311        0.33529       17.30000       60.99642        1.40071        0.33385        7.88214        0.01554        0.00730        0.00148       49.24035       80.71107        0.00795        0.01265       17.65405        0.04307       13.45357       49.23531        7.87789        0.01513        0.00413        0.00504      300.00000        0.50987
   33    1    1     8123.61817     1577.59433      580.86572        0.94721        6.33304        0.00005        0.00541        0.66149       17.60000        0.22856        1.08523        0.64933        2.60670        0.00172        0.00006        0.01223        0.25780        9.42518        0.00011        0.00205       16.64709        0.59037        1.11518        0.25796        4.26456        0.00452        0.01252       -0.00016      300.00000      132.41714
   34    1    1     4824.29189     6558.72131     2927.79922        2.73108       30.53543        0.00114        0.01413        0.18578       15.10000        6.27459        1.55167        0.18289        7.46410        0.01398        0.00422        0.00295        6.40683       42.86295        0.00224        0.00941       13.36743        0.17867        1.44392        6.40065        4.03311        0.00410        0.00038        0.00618      300.00000       14.99259
   35    1    1     1241.26068     1551.90478      599.24970        2.22717       62.25879        0.00473        0.09071        1.23123        2.80000        0.01906        0.50296        1.23161       12.97657        0.04181        0.00003       -0.00039        1.24140       74.01092        0.00667        0.09526       19.11721        0.04365        0.49755        1.24190        4.91272        0.00597        0.00004       -0.00050      300.00000      107.50071
   36    1    1     2421.69741     1486.51773      608.01848        6.93326      114.64664        0.01605        0.01734        1.64229        7.10000        0.15538        0.10561        1.62895        2.83466        0.00194        0.00014        0.01333        0.62944      112.62036        0.01548        0.01696        8.32756        0.18886        1.08490        0.61715        2.83763        0.00195        0.00118        0.01229      300.00000        2.89785
   37    1    1     1619.76333     2037.33610      666.42076        7.56371      166.08977        0.03369        0.02520        0.94918       17.90000        0.57399        0.79397        0.94059        7.88207        0.01571        0.00004        0.00855        0.55329      165.63458        0.03334        0.02511       18.13913        0.94416        0.81665        0.54821        7.88172        0.01514        0.00408        0.00508      300.00000        0.54732
   38    1    1     1983.36353     2353.48540      690.24194        4.67222      117.34585        0.01682        0.06022        1.08319       23.80000        0.80215        0.65274        1.08182       12.14014        0.03686        0.02166        0.00140        0.70547      109.86704        0.01468        0.05951       23.27347        1.57203        0.25968        0.70324       12.90612        0.04080        0.02148        0.00223      300.00000       14.32284
   39    1    1     1261.90133    12590.83306     5774.83610        0.68596       14.73203        0.00027        0.05607        0.24163       16.30000       12.26169        1.51397        0.22059       12.52838        0.03766        0.00007        0.02097        4.37602       35.37046        0.00153        0.26556       44.40508        1.49277        7.92492        4.36387        7.88894        0.01505        0.03549        0.01215      300.00000      168.56864
   40    1    1     1895.31246     1594.29548      647.23116        8.68655      123.35307        0.01858        0.00604        0.86195       10.50000        0.00816        0.87452        0.86005       15.78340        0.06107        0.00827        0.00190        0.86457      123.55029        0.01863        0.00599       10.52867        0.00592        0.88026        0.85657       15.78339        0.06295        0.00026        0.00800      300.00000        0.66799
   41    1    1     3746.21453     2280.69524     1020.46583        6.55667       69.59809        0.00592        0.00785        0.67818       17.10000        0.84253        1.07140        0.66316        9.57264        0.02331        0.02344        0.01498        2.25566       69.15907        0.00583        0.00782       17.15248        0.29695        0.05986        2.22037        9.57199        0.02363        0.00288        0.03529      300.00000        5.50340
   42    1    1     2249.62342     1663.28368      571.85578        7.84918      117.37957        0.01683        0.01049        0.99298        8.20000        0.10526        0.78934        0.94522       19.21231        0.08714        0.00645        0.04779        0.70041      117.17662        0.01674        0.01022        8.64900        0.42849        0.71195        0.69976       19.21226        0.09213        0.04854        0.00065      300.00000        0.75715
   43    1    1     4334.79169    47532.47509    19780.54041        1.62693       15.01115        0.00028        0.01012        0.66518       11.80000       49.91919        1.11050        0.62406        4.79405        0.00544        0.08228        0.04110       26.81285       19.65376        0.00047        0.00348        7.49585        0.00173       24.92699       26.73297        3.85171        0.00390        0.04355        0.07988      300.00000      116.07427
   44    1    1     1634.51879     6652.31632     3149.40608        1.94083       54.74952        0.00366        0.09353        0.94826       23.90000        5.93001        0.78587        0.94870        2.21418        0.00122        0.00989       -0.00045        0.27780       33.56844        0.00137        0.03181       36.09527        2.19571        5.24587        0.27671        7.12626        0.01247        0.00740        0.00108      300.00000      120.39355
   45    1    1     3392.06089     2234.23631      923.36546        6.57795       82.82976        0.00838        0.01099        0.48250       36.00000        0.73853        1.27426        0.46030       14.25866        0.04874        0.00337        0.02225        1.71790       82.75457        0.00836        0.01088       36.03277        0.17642        0.59838        1.69848       14.24585        0.04876        0.00609        0.01942      300.00000        7.15294
   46    1    1     2237.03523     2649.17673      652.73306        0.95890       18.95474        0.00044        0.04728        1.14147       21.30000        1.42060        0.59357        1.14099       11.50202        0.03300        0.00189        0.00049        1.41286       18.02969        0.00040        0.01427       30.93804        0.61047        1.15823        1.41085       12.85456        0.04138        0.00064        0.00200      300.00000      166.24432
   47    1    1     2733.26719    16392.28770     6956.33950        5.33976       99.45519        0.01208        0.03029        0.90162       23.00000       16.94592        0.83319        0.90138       13.06489        0.04255        0.00412        0.00028        8.78932      100.35473        0.01229        0.03223       22.05933        0.41395        9.47456        8.78982       13.09325        0.04239        0.00499       -0.00050      300.00000       26.61817
   48    1    1     1344.51768     1908.15568      677.65159        3.19951      123.63395        0.01867        0.16370        1.60703       13.00000        0.12475        0.12826        1.60630       10.76073        0.02890        0.01099        0.00062        1.46503      117.91206        0.01686        0.11016       33.19946        0.24554        0.19242        1.45612       14.13961        0.05057        0.00173        0.00891      300.00000       21.61057
   49    1    1     1517.11352     3142.02044     1463.82586        1.23904       30.02120        0.00110        0.07060        0.72725       37.80000        1.68281        1.01050        0.72406        4.51208        0.00498        0.00509        0.00319        1.56509       19.65081        0.00047        0.09189       36.77167        0.24880        1.58812        1.56370        1.46151        0.00053        0.00743        0.00138      300.00000      145.60201
   50    1    1     2559.91620     1599.61441      535.41187        5.30183      109.79291        0.01472        0.03765        1.46153       11.80000        0.18898        0.27472        1.45984        7.84090        0.01538        0.00633        0.00159        1.47992      109.59835        0.01461        0.03340       13.34931        0.20857        0.24098        1.47608        8.42072        0.01732        0.00454        0.00384      300.00000       28.36516
   51    1    1     6215.65440     1980.70119      773.23905        4.30994       39.97094        0.00195        0.00855        0.23363       16.50000        0.59701        1.50342        0.23114        6.59968        0.01092        0.02756        0.00247        1.59175       63.01607        0.00484        0.01312        8.86584        0.07779        0.66349        1.58758        4.83465        0.00588        0.02618        0.00417      300.00000       93.80365
   52    1    1     2070.98929     4474.60631     1905.65951        1.35249       21.16661        0.00055        0.02937        1.42457       10.00000        3.44867        0.35154        1.38303       16.85274        0.07349        0.00830        0.04155        2.90011       19.93615        0.00048        0.05054       29.79488        0.16495        2.14907        2.89943        9.49531        0.02250        0.04881        0.00068      300.00000      153.66933
   53    1    1     2651.34129     2905.10529     1024.11933        4.98348      110.91573        0.01503        0.04547        1.70125       14.80000        1.75815        0.05476        1.67980        3.12076        0.00234        0.00654        0.02152        1.20818      105.97430        0.01368        0.03312       18.35075        1.23752        1.05297        1.20828        6.42563        0.01018        0.02789       -0.00009      300.00000       56.36186
   54    1    1     2876.11320     1462.30475      591.99596        4.56246       65.33417        0.00521        0.01983        1.14452        7.00000        0.07927        0.59850        1.13606        5.50229        0.00765        0.00245        0.00839        0.97814       67.52801        0.00554        0.04118        3.82789        0.35886        0.46050        0.97814        2.79171        0.00194        0.01127        0.00000      300.00000        4.24505
   55    1    1     1681.15867    33084.15777    14294.30935        4.61957      142.52676        0.02481        0.09145        0.00952       17.00000       34.59884        1.72912        0.00544        4.92951        0.00593        0.00293        0.00405       33.40524      139.02062        0.02354        0.09156       18.93794        0.04581        2.88664       33.40401        4.18105        0.00437        0.00542        0.00123      300.00000       19.98591
   56    1    1     4503.89236     1695.41098      733.58282        5.60074       83.71627        0.00856        0.01873        0.37920       21.30000        0.11409        1.35489        0.37968        9.12633        0.02063        0.07023       -0.00054        1.44047       85.76641        0.00895        0.02059       23.27566        0.05050        0.43036        1.37158        7.50793        0.01476        0.00070        0.06889      300.00000      124.11806
   57    1    1     1868.98899     1490.76973      626.53237        6.76704      144.10177        0.02536        0.03002        1.56033        5.30000        0.01714        0.18640        1.54816       13.49411        0.04402        0.00258        0.01214        0.81937      143.97808        0.02518        0.03015        5.38885        0.01622        0.92782        0.80770       13.49495        0.04405        0.00307        0.01167      300.00000        0.37475
   58    1    1     2058.97600     3538.42036     1576.38569        2.74573       59.34638        0.00430        0.05275        0.95516        5.30000        2.15252        0.78799        0.94658       17.37945        0.07638        0.00218        0.00866        1.03641       66.00849        0.00531        0.04017       12.03183        0.02096        2.83552        1.02605       19.13594        0.09276        0.00014        0.01036      300.00000       54.74793
   59    1    0      566.10618 49051804.48553 16451172.09707        6.53768       78.92697        0.00761        0.01019        0.63389       25.50000    42911.72150        1.14226        0.59221        7.74432        0.01552        0.00754        0.04168     2378.64126        0.00000        0.00000        0.00000       89.06195        0.02413    40534.88065     2378.64126        0.00000        0.00000        0.00000        0.00000      300.00000        0.00000
   60    1    1     2675.20622     3292.51059     1507.38447        4.59996       71.05620        0.00617        0.02298        1.57935       19.50000        2.02976        0.16150        1.57306        9.15337        0.02039        0.01771        0.00625        0.51822       51.99193        0.00329        0.03305       26.72515        1.53970        1.72794        0.49414        8.00644        0.01535        0.00030        0.02408      300.00000       26.40722
   61    1    1     1564.72093     1670.30822      811.09438        6.60618      172.81761        0.03648        0.04710        0.10322        1.50000        0.00591        1.63550        0.09907        1.71603        0.00072        0.01034        0.00412        0.65600      174.40511        0.03690        0.04650        2.57537        0.00241        1.08817        0.65014        1.75693        0.00078        0.00851        0.00586      300.00000        1.81466
   62    1    1     4047.18140    11508.72821     5476.56737        2.66092       55.13455        0.00371        0.04872        0.93325        7.90000       11.28408        0.80199        0.93258        5.15647        0.00664        0.00092        0.00062        0.57415       67.98069        0.00562        0.06069       22.86242        5.98362        6.42716        0.57475       10.47079        0.02718        0.00089       -0.00060      300.00000       48.84277
   63    1    1     2756.67137     1444.64738      660.61316        4.94161       90.02316        0.00990        0.03063        0.43250       15.80000        0.03431        1.30155        0.43301        9.44565        0.02206        0.00008       -0.00052        1.70486       85.57986        0.00892        0.04876       13.63650        0.02521        0.03534        1.70527        5.62868        0.00786        0.00008       -0.00041      300.00000       47.79316
   64    1    1     2422.76448     1681.37168      799.69313        4.93044      103.74406        0.01314        0.04093        0.95033       25.50000        0.06929        0.78542        0.94915        2.08912        0.00107        0.00575        0.00127        1.38747       99.82679        0.01217        0.03772       26.46071        0.05846        0.36364        1.38464        3.07802        0.00238        0.00408        0.00284      300.00000       18.70813
   65    1    1     1827.38998    80313.34232    31941.01310        5.86956      144.41897        0.02547        0.04847        1.22620       28.50000       82.23287        0.50793        1.22664       15.38257        0.05876        0.08474       -0.00042        6.59061      143.37602        0.02505        0.04657       28.92433        2.86205       74.53067        6.57675       15.39917        0.05724        0.07223        0.01386      300.00000        4.10651
   66    1    1     1622.43493     1591.64026      640.29989        6.97834      167.76413        0.03437        0.03621        1.24189       20.00000        0.09469        0.49237        1.24219        1.36230        0.00046        0.00760       -0.00030        0.30198      168.45652        0.03450        0.03570       20.18706        0.22509        1.30823        0.29631        1.36030        0.00045        0.00165        0.00566      300.00000        1.15098
   67    1    1     4471.86982    11025.14435     4896.68034        5.10244       72.80092        0.00647        0.01839        0.15032        9.40000       11.07088        1.60166        0.13290       11.68080        0.03283        0.00316        0.01741        3.24459       77.48703        0.00733        0.01323       13.29745        0.30460        9.27071        3.23491       11.59497        0.03403        0.00918        0.00968      300.00000       93.26464
   68    1    1     2460.18915    15449.24152     6690.42199        5.60375      110.95374        0.01504        0.03285        0.61984       19.40000       15.88714        1.13908        0.59548       11.89971        0.03389        0.00103        0.02444        7.53743      107.87511        0.01420        0.03605       17.70109        0.77964        9.32539        7.51432       11.88036        0.03613        0.00004        0.02310      300.00000       20.01099
   69    1    1     1779.61495     6931.67179     3047.14351        2.23125       39.92588        0.00195        0.03716        1.05514       25.80000        6.08917        0.68938        1.04518       10.28139        0.02561        0.00047        0.00995        3.14341       43.73323        0.00232        0.08154       25.43275        3.74425        0.88122        3.14164       12.41453        0.03858        0.00756        0.00177      300.00000      106.76451
   70    1    1     2484.95230     1688.14128      814.68378        4.15000       57.20907        0.00400        0.01921        1.44643       27.50000        0.09267        0.29132        1.44325        5.35806        0.00721        0.04479        0.00313        0.41706       33.37782        0.00136        0.05400        8.05203        0.55932        0.84671        0.37339       10.03836        0.02610        0.00108        0.04366      300.00000       67.85646
   71    1    1     4463.83374     4112.36668     1490.98341        4.19539       27.26017        0.00091        0.00425        1.16505       29.40000        3.13622        0.58537        1.14920       10.63372        0.02879        0.00021        0.01574        3.84714       28.22483        0.00097        0.02701       25.15737        0.48359        0.53585        3.83723        8.69822        0.01916        0.00708        0.00992      300.00000       68.52184
   72    1    1     2954.47418     1446.56717      633.58024        6.86757       90.80726        0.01007        0.01128        1.09358       17.50000        0.05165        0.65954        1.07502        7.61143        0.01478        0.00536        0.01863        1.26695       90.82175        0.01007        0.01122       17.52874        0.03416        0.50232        1.24978        7.59134        0.01387        0.00769        0.01717      300.00000        0.42811
   73    1    1     3142.20510     4027.79824     1853.53586        4.15950       42.70279        0.00223        0.01065        0.17862       19.70000        2.90347        1.55548        0.17908       12.60808        0.03942        0.01452       -0.00049        1.83421       62.66786        0.00479        0.03566       15.08382        0.53395        2.28555        1.82117        6.16245        0.00917        0.00105        0.01303      300.00000       38.47880
   74    1    1     1909.08866     1622.16635      613.75008        2.06847       44.49783        0.00242        0.05410        0.77653       30.40000        0.09043        0.95868        0.77589       11.65301        0.03390        0.00023        0.00068        0.92512       48.24834        0.00284        0.05434       20.74127        0.03021        0.84759        0.92562       14.83837        0.05462        0.00157       -0.00050      300.00000      102.55077
   75    1    1     2879.03219   385801.71328   153717.36846        6.02031       99.20328        0.01202        0.02114        0.27838       27.80000      380.65239        1.47115        0.26342        7.08702        0.01211        0.02605        0.01502      251.21621       98.52213        0.01185        0.02039       28.36909        0.02961      131.14342      251.21437        7.14839        0.01253        0.03948        0.00184      300.00000       15.96738
   76    1    1     1309.76710     1788.51734      676.08509        3.94967      149.99436        0.02748        0.14866        1.40658       15.60000        0.04359        0.33366        1.40090       17.80894        0.07724        0.00668        0.00579        1.07829      131.74135        0.02111        0.13130       21.67127        0.03363        0.68908        1.07365       18.37303        0.08234        0.00815        0.00464      300.00000        8.14205
   77    1    1      965.69384     1863.83495      606.00298        6.74244      279.01795        0.09508        0.11407        0.53980        7.40000        0.08347        1.20300        0.53156       12.46157        0.03770        0.02035        0.00821        0.52320      278.65762        0.09396        0.11485        7.44270        0.07846        1.21591        0.52369       12.50372        0.03876        0.02833       -0.00050      300.00000        0.17873
   78    1    1     2217.48008    10063.62002     4581.90287        4.38377       68.83252        0.00579        0.02432        0.34640       12.70000        9.74318        1.38954        0.34503        7.02371        0.01211        0.01114        0.00144        4.98152       67.20434        0.00551        0.10132       25.39110        0.60898        5.79839        4.98117       10.39149        0.02659        0.01017        0.00035      300.00000       42.14335
   79    1    1     2175.64268     9134.79853     3818.02691        0.65176       16.66562        0.00034        0.07952        0.32797       45.30000        8.79541        1.40777        0.32680        5.27944        0.00684        0.00292        0.00122        1.15753       20.90130        0.00053        0.01648       60.38441        4.61260        4.82482        1.15552        5.32616        0.00695        0.00186        0.00202      300.00000      147.82776
   80    1    1     2228.97287     1661.97605      782.91677        3.88731       86.49983        0.00914        0.05134        0.60719       11.70000        0.01085        1.13270        0.60186        4.57216        0.00509        0.00209        0.00533        1.58519       80.39211        0.00784        0.04375        9.57800        0.04234        0.11576        1.57817        9.63153        0.02342        0.00009        0.00703      300.00000       10.03260
   81    1    1     1576.08271     2023.00722      509.18569        5.21727      159.57462        0.03110        0.08315        1.10401       44.00000        0.42096        0.63780        1.09677        8.56708        0.01784        0.06617        0.00725        1.18627      160.89183        0.03155        0.08055       44.24152        0.30988        0.66955        1.17715        8.80141        0.01879        0.06444        0.00912      300.00000        9.95203
   82    1    1     5107.93817     1483.59365      613.34787        5.03098       74.62930        0.00680        0.02007        0.93658       14.80000        0.01992        0.80160        0.93297       11.46731        0.03303        0.00075        0.00354        0.77203       41.91360        0.00214        0.00417       18.63363        0.01715        0.97838        0.76662       13.50829        0.04446        0.00042        0.00541      300.00000       40.16310
   83    1    1     4711.10037     1862.81877      696.84571        5.49504       78.38256        0.00750        0.01735        0.64659       36.90000        0.32925        1.08947        0.64510        7.32107        0.01315        0.02185        0.00143        1.09809       71.11613        0.00617        0.01394       39.85687        0.36254        0.60563        1.09665        8.28693        0.01718        0.02160        0.00144      300.00000      121.92042
   84    1    1     2279.39937     1642.12680      795.95647        4.14453       74.53478        0.00679        0.03272        0.81437       16.70000        0.01930        0.92024        0.81433        5.07886        0.00642        0.00047        0.00005        1.63136       82.16110        0.00819        0.04216        4.79611        0.00623        0.10217        1.63169        6.11561        0.00929        0.00091       -0.00034      300.00000       26.14721
   85    1    1     2251.01741     1586.60746      630.37657        6.64571      124.99857        0.01908        0.02412        0.50894       15.30000        0.01318        1.24163        0.49293       14.68534        0.05491        0.03405        0.01602        0.08095      124.29640        0.01887        0.02407       15.47427        0.06631        1.62627        0.05546       14.68495        0.05158        0.02789        0.02549      300.00000        6.69051
   86    1    1     1732.86640     2832.55279     1282.42256        2.29519       52.65925        0.00339        0.06090        0.78366       27.90000        1.30884        0.95040        0.78417        9.39413        0.02184        0.05881       -0.00050        0.40209       14.38444        0.00025        0.05307       30.13060        0.13501        2.52770        0.38576       10.68697        0.02751        0.04220        0.01633      300.00000      122.67199
   87    1    1     1766.33020     1494.03909      573.68269        0.00950        0.19860        0.00000        0.05338        0.71436        9.40000        0.00522        1.03633        0.69823        4.73805        0.00572        0.00918        0.01615        0.65004       19.21535        0.00045        0.06567       16.03138        0.20107        0.87211        0.65037        6.67002        0.01106        0.02378       -0.00032      300.00000      165.39825
   88    1    1     4069.87386     1817.25902      680.88916        5.57232       56.37410        0.00388        0.00862        0.56986       23.00000        0.41284        1.17197        0.56259        8.78690        0.01877        0.02100        0.00721        1.18252       50.56736        0.00312        0.02456       14.28833        0.11599        0.84324        1.17028        9.38982        0.02238        0.01513        0.01224      300.00000        6.84746
   89    1    1      893.66942     1616.83552      598.76986        8.57923      265.93932        0.08638        0.03098        0.92803       12.60000        0.00796        0.82817        0.90639        6.98270        0.01247        0.00011        0.02167        0.68332      265.94484        0.08636        0.03101       12.58340        0.00894        1.06428        0.66929        6.98230        0.01239        0.00780        0.01403      300.00000        0.03956
   90    1    1     1655.43080     1735.15486      708.96467        3.16474       87.66492        0.00939        0.08433        1.28433       14.20000        0.16585        0.47833        1.25624        6.24111        0.00930        0.01314        0.02809        0.78536       85.77938        0.00898        0.07883       12.64364        0.03802        1.09441        0.77830        4.73795        0.00567        0.03340        0.00706      300.00000       31.03693
   91    1    1     2353.29114    10538.82029     4405.62370        6.63454      115.16506        0.01620        0.02060        0.66795       25.30000       10.86044        1.09024        0.64433        4.56713        0.00534        0.00183        0.02362        7.29112      115.89544        0.01639        0.02045       25.24564        1.45455        3.85366        7.28706        4.61056        0.00534        0.02108        0.00406      300.00000        1.84426
   92    1    1     3031.88039     1496.76657      593.51856        2.06106       24.54616        0.00074        0.01659        1.24338        4.70000        0.01282        0.49680        1.23777       13.31162        0.04316        0.00872        0.00567        1.17844       44.73025        0.00244        0.01869       22.14233        0.46975        0.12551        1.17408        8.35860        0.01705        0.01034        0.00435      300.00000       86.21565
   93    1    1     1332.89278    57819.39513    26679.69721        1.21375       35.15336        0.00151        0.10094        0.42003       20.00000       59.97456        1.35986        0.37471       16.82154        0.07335        0.00336        0.04526       34.93024       22.87479        0.00064        0.08255       10.16027        0.00889       26.77915       34.93065       18.61315        0.08561        0.04651       -0.00041      300.00000      143.10052
   94    1    1     3633.50006     1428.49088      633.53707        5.63503       63.21620        0.00488        0.01049        1.23876        0.90000        0.00034        0.49680        1.23777        5.17972        0.00659        0.00002        0.00094        0.92131       61.72354        0.00465        0.01649        1.98721        0.00039        0.81281        0.92158        2.03002        0.00102        0.00122       -0.00027      300.00000        4.94820
   95    1    1     2232.29713     1509.34409      602.76161        6.90868      120.63757        0.01777        0.01947        1.33611        6.70000        0.00581        0.39839        1.33617       15.15093        0.05661        0.00076       -0.00007        0.56044      119.47894        0.01738        0.01915        7.70987        0.01323        1.16695        0.56094       15.15096        0.05697        0.00081       -0.00050      300.00000        0.90601
   96    1    1     1506.03763    12625.22977     5748.94822        3.79000      118.74094        0.01722        0.10266        0.80035       13.10000       12.55052        0.95375        0.78081        5.70446        0.00782        0.00042        0.01957        6.59895      118.51204        0.01711        0.09644       10.21328        0.01663        7.67468        6.59178        8.42246        0.01791        0.01101        0.00717      300.00000       14.97529
   97    1    1      914.15358  1690186.03220   547978.78842        2.50216       85.58575        0.00895        0.13395        1.03782       25.70000     1521.74226        0.70600        1.02857       18.76850        0.08914        0.01801        0.00928      851.75601       84.03393        0.00861        0.26747       29.43833        0.39617      671.19668      851.70388       21.47971        0.10868        0.00336        0.05212      300.00000      110.03145
   98    1    1     1702.25436   227214.18617    94002.96263        7.32149      159.18277        0.03095        0.02679        0.95162       18.30000      226.04737        0.85003        0.88453        8.82137        0.01820        0.01197        0.06717      172.29614      159.16583        0.03092        0.02749       18.29168        0.06358       55.42790      172.28970        8.82767        0.01896        0.07188        0.00644      300.00000        0.76766
   99    1    1     2953.29242     1634.45687      603.02443        3.65708       73.48314        0.00659        0.04272        0.57629       31.80000        0.05725        1.17089        0.56368       12.48303        0.03765        0.00035        0.01266        1.42689       68.40716        0.00570        0.02253       27.67317        0.04469        0.30759        1.42665       17.13967        0.07322        0.01112        0.00024      300.00000       24.56968
  100    1    1     2512.85296     1553.17919      722.90287        7.43812      111.48364        0.01518        0.01226        0.34135        1.50000        0.00020        1.39282        0.34175        7.89680        0.01541        0.00019       -0.00037        1.32321      111.25965        0.01512        0.01229        1.62120        0.00016        0.41090        1.32373        7.89735        0.01547        0.00026       -0.00052      300.00000        5.19609
