    1    1    1     2788.63839     1639.30028      708.62640        3.75690       46.24973        0.00261        0.01590        0.41669       11.60000        0.26651        1.32353        0.41103        7.37375        0.01370        0.00181   -33197.37825        0.69567       55.27631        0.00373        0.02503        9.97585        0.07545        1.23326        0.69136        4.32231        0.00470        0.00293        0.00431      300.00000       60.32645
    2    1    1     1266.13094     2067.89775      926.70580        6.41907      209.89964        0.05381        0.07678        0.49717        7.90000        0.36866        1.23929        0.49528        8.17264        0.01672        0.01069        0.00185        0.48220      209.88459        0.05380        0.07672        8.37454        0.12029        1.50067        0.48266        8.09912        0.01629        0.01316       -0.00046      300.00000        0.23965
    3    1    1     2101.69472     1981.36801      470.19087        3.95553       96.66937        0.01141        0.06153        0.97656       17.10000        0.58933        0.76801        0.96656        1.25052        0.00040        0.00353        0.01001        0.93822       78.27139        0.00748        0.04487       13.10393        0.71822        0.66192        0.93662       10.56588        0.02739        0.01267        0.00160      300.00000        8.84345
    4    1    1     1399.42258    18009.44616     8286.08407        2.43888       56.38204        0.00388        0.06139        1.03280       38.10000       19.02852        0.71379        1.02078       16.82694        0.07184        0.00716        0.01201        5.22353       89.89215        0.00982        0.18936       46.79508        4.95997       10.49553        5.20175       12.79005        0.03923        0.00196        0.02178      300.00000       85.30036
    5    1    1     1695.09264     8165.73065     3864.80835        6.73249      162.37542        0.03220        0.03884        0.25690       36.70000        7.35364        1.48909        0.24548       16.89125        0.06903        0.00023        0.01140        6.75539      162.00782        0.03197        0.03873       36.75950        0.33432        2.00703        6.74715       16.89242        0.07212        0.00036        0.00824      300.00000        2.98713
    6    1    1     2457.64066     2266.01664      773.95548        3.89801       70.43926        0.00606        0.03382        0.27239       25.60000        0.90826        1.46163        0.27294        5.15644        0.00659        0.00219       -0.00050        1.50287       70.09463        0.00600        0.04529       13.19487        0.25489        0.85932        1.50248        9.28226        0.02149        0.00108        0.00039      300.00000       25.28456
    7    1    1     1661.25820     2668.27382     1161.00413        2.66751       69.56822        0.00591        0.07716        0.45838       13.00000        1.23780        1.28546        0.44911       14.99585        0.05691        0.00999        0.00922        0.94327       48.01940        0.00282        0.04725       34.01370        0.16479        1.91730        0.94270       12.09889        0.03601        0.02018        0.00058      300.00000       91.04629
    8    1    1     2045.61469     2774.76321      970.36037        2.93331       50.80065        0.00315        0.03348        0.89213       30.30000        1.59573        0.85526        0.87930        9.34903        0.02219        0.00150        0.01280        2.59322       37.87611        0.00175        0.03897       29.82952        0.37674        0.36769        2.58647        8.41527        0.01722        0.00786        0.00675      300.00000       98.49772
    9    1    1      793.13200     6295.89711     2985.93047        8.56530      301.12760        0.11075        0.04021        1.30886       24.40000        5.36754        0.42881        1.30576        9.71571        0.02308        0.01333        0.00317        2.86950      301.13804        0.11036        0.04081       24.26793        0.29036        3.94374        2.86767        9.71518        0.02314        0.01465        0.00183      300.00000        0.10901
   10    1    1     2040.98968     1674.29231      757.07771        8.80075      109.52442        0.01465        0.00426        1.55656       17.60000        0.17266        0.18024        1.55432        6.84525        0.01148        0.00002        0.00230        0.51283      109.54713        0.01463        0.00437       17.57053        1.23729        0.15668        0.51321        6.84459        0.01157        0.00251       -0.00038      300.00000        0.74094
   11    1    1     1873.81290     6187.98758     2761.81728        6.70756      142.00317        0.02463        0.03011        0.81690        9.80000        5.57187        0.93048        0.80409        1.42028        0.00049        0.00003        0.01274        2.12667      142.05232        0.02464        0.02993       10.03919        0.14089        5.04540        2.12031        1.45959        0.00054        0.00645        0.00636      300.00000        1.34702
   12    1    1     1791.70772     1612.06795      719.20226        8.94048      121.73627        0.01810        0.00454        0.34617        8.10000        0.30996        1.38808        0.34648       11.00880        0.03013        0.00880       -0.00027        0.38602      121.50752        0.01803        0.00449        8.30027        0.13834        1.51998        0.38636       11.00819        0.02992        0.00899       -0.00033      300.00000        0.66292
   13    1    1     1805.07921     8102.06322     3831.69654        8.49388      132.91629        0.02158        0.00833        0.41918       14.60000        7.30554        1.38738        0.34718       18.78306        0.08236        0.00160        0.07198        2.27901      133.12301        0.02160        0.00842       14.49032        0.03409        6.75791        2.24796       18.78293        0.08407        0.04086        0.03105      300.00000        0.60607
   14    1    1     4881.79947     4911.08767     2439.98628        1.98753       27.90798        0.00095        0.02313        0.83435       11.60000        3.83732        0.94193        0.79263        1.74049        0.00078        0.00110        0.04168        1.66818       23.36737        0.00067        0.00640        8.93800        0.00707        3.92810        1.64419        6.87924        0.01133        0.01781        0.02398      300.00000       86.31733
   15    1    1     2109.54479     1860.16527      740.26884        2.18754       38.76310        0.00184        0.03651        0.53507        9.60000        0.26401        1.20661        0.52795       13.83230        0.04651        0.03168        0.00712        1.42649       20.57601        0.00051        0.03714       26.61526        0.37258        0.18430        1.41657       16.53037        0.06621        0.03500        0.00992      300.00000      118.34386
   16    1    1     2122.72712     4165.33885     1968.32031        7.31921      129.53045        0.02049        0.01776        0.51983       15.50000        2.92466        1.23208        0.50248       15.25056        0.05597        0.00155        0.01732        0.90377      128.98504        0.02030        0.01829       15.25924        1.22739        2.53527        0.89621       15.25068        0.05874        0.00857        0.00757      300.00000        2.24682
   17    1    1     1433.49998     1884.65620      601.14993        6.64019      186.84850        0.04264        0.05407        1.00116        9.90000        0.50436        0.73368        1.00088        3.37172        0.00283        0.00610        0.00029        0.82579      187.04729        0.04273        0.05398        9.88134        0.22951        1.18759        0.82181        3.38665        0.00288        0.00236        0.00398      300.00000        0.16385
   18    1    1    10404.39682     2399.13623     1044.79577        1.79288       13.51988        0.00022        0.00672        0.47111        6.50000        1.26179        1.27574        0.45883        2.81726        0.00201        0.01074        0.01225        2.73866       13.69340        0.00023        0.00078       11.11977        0.03654        0.24927        2.71417        3.15384        0.00238        0.00049        0.02449      300.00000       55.30238
   19    1    1     3314.72627     5068.75172     2363.32522        5.12485       62.91893        0.00483        0.01357        0.75966       12.80000        4.03009        0.97648        0.75809       13.96160        0.04877        0.03848        0.00151        4.00827       51.35659        0.00322        0.02276       22.09380        1.27663        0.52634        3.97520       10.70988        0.02730        0.00735        0.03307      300.00000       13.51603
   20    1    1     1663.08311     1689.05637      675.12902        2.70842       86.90640        0.00922        0.11652        1.55721       15.30000        0.02716        0.17783        1.55674       16.82689        0.06966        0.02080        0.00057        1.55175       73.86074        0.00664        0.05160       32.25760        0.06245        0.22299        1.53836       17.43753        0.07725        0.00573        0.01339      300.00000       57.11099
   21    1    1     2777.83805    59345.61332    23038.89895        6.15795      100.94964        0.01245        0.02038        1.68868       33.50000       61.18841        0.06818        1.66638        8.22631        0.01622        0.00231        0.02233       26.62192       99.83761        0.01217        0.02114       33.64800        1.01539       35.30976       26.59721        8.24405        0.01626        0.00006        0.02471      300.00000       11.34277
   22    1    1     9100.25828     1419.47397      654.57324        0.81358        9.05553        0.00010        0.01503        1.50801        1.40000        0.00438        0.24108        1.49348        7.84587        0.01566        0.00066        0.01458        0.84382       17.70307        0.00038        0.01023        9.10277        0.00401        0.90884        0.83361        8.43022        0.01721        0.00043        0.01021      300.00000       58.64247
   23    1    1     2572.93439     3065.20242     1448.39969        3.70278       45.77830        0.00256        0.01611        0.72480       31.20000        1.69271        1.00938        0.72518        8.35236        0.01733        0.01122       -0.00044        2.34027       63.87927        0.00498        0.04350       21.17804        0.05534        1.02225        2.33205        5.63757        0.00772        0.00002        0.00822      300.00000       60.55142
   24    1    1     1390.95924     1801.63218      797.19176        8.07644      183.57759        0.04116        0.02194        0.43756       11.10000        0.06286        1.36286        0.37171       14.80374        0.05129        0.01079        0.06584        1.19770      183.76280        0.04111        0.02203       11.07542        0.01159        0.59375        1.19206       14.80391        0.05338        0.06890        0.00564      300.00000        0.61155
   25    1    1     1190.89783     1729.76854      657.67502        7.41855      225.52090        0.06212        0.05075        0.64141        6.80000        0.12861        1.10061        0.63395       16.51650        0.06629        0.00392        0.00742        1.22388      225.84466        0.06211        0.05087        6.67545        0.01236        0.63191        1.21883       16.51649        0.06650        0.00610        0.00505      300.00000        0.16021
   26    1    1     1768.04707     1716.19577      820.14078        1.53864       35.56132        0.00154        0.06370        1.62090        3.50000        0.00152        0.11651        1.61805       10.01274        0.02453        0.01221        0.00285        0.14988       26.45401        0.00085        0.05045       22.76709        0.07370        1.55009        0.13360        8.05748        0.01564        0.00031        0.01627      300.00000      124.64053
   27    1    1     1868.87511     1664.88194      650.31677        6.72648      143.49901        0.02515        0.03044        1.12069       15.40000        0.01119        0.62709        1.10747       16.48542        0.06904        0.00201        0.01323        0.42020      143.59277        0.02509        0.03053       15.36157        0.01254        1.31723        0.41594       16.48544        0.06633        0.01370        0.00426      300.00000        0.45299
   28    1    1     1605.26554     1535.50221      632.91080        6.90316      167.76696        0.03438        0.03776        1.34169       21.40000        0.03763        0.39495        1.33961       11.23334        0.03161        0.00283        0.00216        1.06417      167.96445        0.03440        0.03760       21.46366        0.05460        0.65318        1.06457       11.22825        0.03133        0.00558       -0.00040      300.00000        0.13547
   29    1    1      835.48213  3471241.73018  1084386.99195        1.79559       42.82834        0.00224        0.06724        0.09094       56.70000     3005.32015        1.71042        0.02414        3.17916        0.00236        0.01672        0.06678      268.51472       87.24002        0.00928        2.27547      139.72486        1.15751     2735.10504      268.31149       19.45737        0.08473        0.06293        0.20322      300.00000      150.34564
   30    1    0      821.72044 20866599.58835  7072274.04120        2.77048       71.54473        0.00625        0.07520        0.19738       23.00000    18009.72425        1.53687        0.19770        7.30883        0.01327        0.06705       -0.00027     8230.21098        0.00000        0.00000        0.00000       77.98671        0.02003     9780.98300     8230.21098        0.00000        0.00000        0.00000        0.00000      300.00000        0.00000
   31    1    1     2712.28791    35246.61504    15731.36676        1.86163       25.65009        0.00080        0.02238        0.59312       17.40000       36.48101        1.14417        0.59040       12.40630        0.03767        0.00016        0.00027       23.33758        8.10055        0.00008        0.01443       13.42213        0.03492       14.85083       23.33639       12.75451        0.04066        0.00080        0.00119      300.00000      140.84307
   32    1    1     2670.51183    13068.69391     5790.76424        2.20554       57.22821        0.00400        0.07823        0.24531       26.50000       13.00021        1.53381        0.20075        2.68917        0.00171        0.00932        0.04461        9.11612       44.78447        0.00245        0.01051       30.99163        0.65526        5.00526        9.11348       11.78664        0.03483        0.04815        0.00264      300.00000       60.37456
   33    1    1      990.53652     1886.27932      794.76704        8.64492      236.57801        0.06836        0.02311        1.57720       24.30000        0.03176        0.17777        1.55680       16.41819        0.06471        0.02468        0.02045        0.09854      236.66107        0.06836        0.02302       24.35329        0.09539        1.60114        0.06994       16.41806        0.06433        0.01681        0.02860      300.00000        0.06728
   34    1    1     7340.27427     5195.70029     2469.40174        6.08209       27.02687        0.00089        0.00152        1.15228       34.30000        4.02634        0.58414        1.15042       20.25639        0.10273        0.01409        0.00182        0.24108       23.99654        0.00070        0.01531       30.23229        2.05892        3.46501        0.22776       19.85224        0.10013        0.00083        0.01332      300.00000       37.73308
   35    1    1    14748.35140     2549.76524     1002.34387        5.06517       46.64711        0.00266        0.00770        0.34128       11.70000        1.31342        1.43318        0.30138        5.39591        0.00753        0.00041        0.03982        1.94980       44.93312        0.00247        0.00379       22.82144        0.43256        0.67658        1.94667        3.36675        0.00277        0.03821        0.00313      300.00000      117.78855
   36    1    1     3016.92433     1546.29562      513.14813        6.27980       93.27461        0.01063        0.01632        0.76674       16.40000        0.15296        0.98804        0.74652        2.52779        0.00163        0.00029        0.02018        0.79494       92.24508        0.01036        0.01552       16.62625        0.35281        0.75986        0.77524        3.06539        0.00240        0.00072        0.01969      300.00000        8.50172
   37    1    1     1523.17141     1621.23452      536.44451        7.78997      175.39830        0.03757        0.02434        1.54015        8.20000        0.09684        0.22450        1.51006       10.48824        0.02828        0.00110        0.03013        1.54916      174.78682        0.03724        0.02438        8.53881        0.10662        0.20675        1.51832       10.48775        0.02621        0.00242        0.03084      300.00000        1.19919
   38    1    1     1289.78669     1765.65489      666.72900        8.22990      195.12864        0.04650        0.02215        0.65013       25.80000        0.25460        1.08463        0.64994        9.74518        0.02366        0.02174        0.00012        0.27082      195.00752        0.04624        0.02234       25.84410        0.14020        1.57785        0.27123        9.74572        0.02359        0.02238       -0.00041      300.00000        0.41181
   39    1    1     1400.03669   481510.37109   184498.57928        4.53519      133.56886        0.02179        0.08415        0.63317       30.00000      465.66742        1.10680        0.62776        7.99855        0.01612        0.00472        0.00545       16.83668      126.46023        0.01951        0.08806       28.64325        0.04614      450.54197       16.81113        2.67347        0.00183        0.00008        0.02555      300.00000       32.59699
   40    1    0      646.24232 31894584.41664 10732992.05375        6.26546      149.69313        0.02737        0.04235        0.20732       14.00000    27672.99779        1.53622        0.19835       14.24401        0.04921        0.02142        0.00900     5857.83342        0.00000        0.00000        0.00000      162.58945        0.07019    21816.97998     5857.83342        0.00000        0.00000        0.00000        0.00000      300.00000        0.00000
   41    1    1     1898.50403     5474.98742     2587.40237        4.53934       83.81570        0.00858        0.03306        0.51647       15.40000        4.07730        1.22121        0.51336       23.75161        0.14159        0.00580        0.00444        5.26046       72.26546        0.00637        0.10800       14.67254        0.03923        0.51442        5.24700       17.50644        0.07400        0.00152        0.01346      300.00000       46.82625
   42    1    1     2582.35509    40249.53248    16514.25290        5.81566      113.09177        0.01562        0.03056        0.30719       12.10000       41.82973        1.52840        0.20616        9.99631        0.02647        0.00013        0.10109       18.24722      113.04903        0.01560        0.03307        9.48504        0.03186       25.35375       18.17509       10.14282        0.02401        0.03258        0.07213      300.00000       30.93882
   43    1    1     1740.04201    11898.36073     5215.26731        5.57006      146.43131        0.02619        0.05822        0.62647       19.30000       11.97266        1.11269        0.62187        7.52393        0.01424        0.00171        0.00457        5.48453      144.97191        0.02559        0.05877       19.93113        0.23228        7.99246        5.48382        7.15493        0.01278        0.00576        0.00071      300.00000        3.55310
   44    1    1     2144.19138     1490.60076      569.89578        2.38287       45.45080        0.00252        0.04191        0.87175        5.40000        0.03732        0.86239        0.87217        4.92553        0.00602        0.00905       -0.00045        1.06763       49.59066        0.00299        0.04024        6.76313        0.12175        0.58375        1.06822        4.99658        0.00619        0.00841       -0.00059      300.00000       75.28464
   45    1    1     2879.69400     2388.03330      623.88680        5.01198      104.75905        0.01340        0.03995        0.99305       19.40000        0.94943        0.74780        0.98677        4.41453        0.00491        0.03424        0.00625        0.84591       89.46195        0.00976        0.03170       23.76933        0.90093        0.95933        0.83344        5.28537        0.00675        0.02840        0.01248      300.00000       59.85609
   46    1    1     1742.73383     1905.81636      620.61922        8.76044      130.18012        0.02070        0.00627        1.54416       11.00000        0.64208        0.19275        1.54182        2.47751        0.00150        0.00555        0.00242        1.18428      129.88734        0.02059        0.00639       10.91508        0.61752        0.57468        1.18436        2.47329        0.00152        0.00803       -0.00008      300.00000        0.56389
   47    1    1     2056.17103     2870.12653      672.67183        2.76278       52.48767        0.00336        0.04072        0.79675       29.60000        1.51042        0.94243        0.79213       10.01280        0.02522        0.00975        0.00469        1.99906       28.85002        0.00101        0.04212       25.92120        0.85102        0.41395        1.98447        9.19379        0.02150        0.00000        0.01459      300.00000       97.54257
   48    1    1     2828.25067     4787.11275     1525.31669        5.23377       86.66391        0.00917        0.02431        0.95705       42.70000        3.70993        0.77811        0.95645        7.94173        0.01551        0.06890        0.00059        3.59945       84.24557        0.00866        0.03790       39.56030        0.89305        1.01102        3.52980        7.26035        0.01232        0.00059        0.06964      300.00000       22.74538
   49    1    1     3788.61156     1867.24860      542.54460        5.55315       88.55559        0.00958        0.02148        1.09810       24.50000        0.50010        0.64015        1.09442        7.87754        0.01516        0.00111        0.00375        0.71783       79.65732        0.00772        0.01614       27.08998        0.70830        0.81949        0.71370        7.96293        0.01594        0.00025        0.00413      300.00000       53.90715
   50    1    1     3784.60544     2670.60834     1217.50582        5.43841       78.96078        0.00761        0.01813        1.24594        9.10000        1.56915        0.48808        1.24648        3.79306        0.00357        0.00396       -0.00054        2.12074       64.14889        0.00501        0.01283       16.06114        0.05253        1.13898        2.12050        3.56051        0.00312        0.00324        0.00023      300.00000       43.74353
   51    1    1     2523.54963     5872.97351     2755.70053        6.07064      105.67556        0.01364        0.02337        0.44578       22.70000        5.15914        1.31808        0.41649        1.69264        0.00074        0.00097        0.02934        1.84807      106.38003        0.01378        0.02356       22.42157        0.17771        4.88347        1.83179        2.05206        0.00107        0.01405        0.01628      300.00000        3.93394
   52    1    1     1126.95176     1973.39742      699.15474        8.75617      203.73869        0.05070        0.01543        1.54549       18.90000        0.40561        0.23935        1.49522        8.58208        0.01736        0.00975        0.05032        0.77291      203.88999        0.05051        0.01568       18.87476        0.85156        0.52918        0.75939        8.58226        0.01872        0.04512        0.01353      300.00000        0.16809
   53    1    1     7916.65636     1456.00439      683.99674        6.46262       30.49076        0.00114        0.00158        0.70705        6.80000        0.18039        1.02718        0.70739        6.21414        0.00959        0.01796       -0.00037        1.21555       36.41917        0.00162        0.00257        4.28204        0.12326        0.57426        1.21607        6.21462        0.00958        0.01808       -0.00052      300.00000        9.94030
   54    1    1     1366.32896     1661.38327      596.48024        0.93546       24.99186        0.00076        0.08641        0.71908        3.90000        0.09460        1.03169        0.70288       13.76051        0.04561        0.00154        0.01614        1.32283       11.98299        0.00017        0.12074       21.06944        0.10918        0.40625        1.31646        6.88636        0.01196        0.00855        0.00636      300.00000      158.03505
   55    1    1     3239.50192     1486.70704      607.01986        1.49217       15.72346        0.00030        0.01326        1.29676       16.10000        0.02018        0.43732        1.29724        2.19364        0.00119        0.09655       -0.00055        1.74091       21.71466        0.00057        0.01414       17.37119        0.04326        0.02035        1.70700        1.49764        0.00053        0.04579        0.03391      300.00000      111.88904
   56    1    1     1841.95445     2006.32410      633.42567        3.24989       66.07642        0.00533        0.04516        1.41315       39.90000        0.38873        0.39374        1.34083       15.30602        0.05468        0.00189        0.07232        1.04627       48.81030        0.00291        0.06403       30.30590        0.78481        0.30584        1.01237       15.60259        0.06273        0.03608        0.03390      300.00000       78.29740
   57    1    1     3343.16194     4557.32000     2147.81931        2.02811       20.63043        0.00052        0.01212        0.08875       26.80000        3.48330        1.66275        0.07181        4.92850        0.00619        0.00009        0.01689        2.17829       34.50825        0.00145        0.01445       22.39530        0.18815        2.83379        2.16202       12.07241        0.03712        0.00045        0.01627      300.00000      128.13460
   58    1    1     3259.31405     4791.41090     1937.39047        1.43936       23.97855        0.00070        0.03319        0.58731       14.70000        4.23243        1.14706        0.58751        5.96092        0.00877        0.00099       -0.00018        1.10823       12.62219        0.00019        0.00443       11.96654        0.16171        4.69466        1.10811       12.76125        0.04057        0.00065        0.00012      300.00000      136.59072
   59    1    1     3859.64133    26423.77284    11101.58704        5.51417       68.11012        0.00567        0.01297        0.07847       38.30000       27.18938        1.65621        0.07835        1.35105        0.00045        0.00064        0.00007       11.22966       74.87881        0.00684        0.02841       39.04702        2.45717       15.22082       11.23001        1.49866        0.00056        0.00027       -0.00035      300.00000       56.13676
   60    1    1     1536.65361     2571.26778      635.41830        8.15733      165.33453        0.03339        0.01679        1.57955       34.70000        1.17249        0.16995        1.56462       12.05592        0.03505        0.01373        0.01492        1.24076      165.61376        0.03342        0.01703       34.64761        0.97882        0.68719        1.24085       12.05567        0.03584        0.02789       -0.00010      300.00000        0.16924
   61    1    1     1854.01245     1989.17103      592.22149        5.52707      139.15804        0.02365        0.05377        1.36900       23.90000        0.42001        0.36525        1.36931        9.62721        0.02290        0.00291       -0.00043        0.40811      143.29896        0.02497        0.05743       22.19697        0.76389        0.97893        0.40772        9.44394        0.02195        0.00222        0.00039      300.00000        9.82884
   62    1    1     3460.13042     1662.10540      799.81416        4.80793       83.08087        0.00843        0.02804        0.84517        9.50000        0.11365        0.90222        0.83235        4.32445        0.00452        0.00912        0.01280        1.60251       81.02354        0.00800        0.02195       11.64505        0.05843        0.20084        1.59040        6.27783        0.01000        0.00942        0.01210      300.00000       65.43241
   63    1    1     1633.60990     8698.45680     3881.23454        7.58975      161.78332        0.03197        0.02353        1.16061       24.90000        8.57279        0.59314        1.14142       12.24607        0.03828        0.01057        0.01917        6.02577      161.70260        0.03193        0.02384       24.75442        1.09573        3.20488        6.00636       12.24601        0.03829        0.01045        0.01941      300.00000        0.97246
   64    1    1     1352.14746     2771.90346      844.76236        7.28321      197.83324        0.04780        0.04231        1.41303       34.40000        1.32021        0.33276        1.40180        4.31216        0.00450        0.01264        0.01127        1.69167      198.05573        0.04780        0.04268       34.30853        0.54605        0.82108        1.68731        4.29678        0.00464        0.01933        0.00435      300.00000        0.75530
   65    1    1     2311.31207     1493.25502      609.62158        2.20761       28.81301        0.00101        0.01979        0.83715       16.30000        0.02008        0.89966        0.83491        8.03751        0.01582        0.00164        0.00229        0.48084       19.43983        0.00046        0.02961       18.17751        0.04083        1.23507        0.47919        5.22153        0.00682        0.00152        0.00164      300.00000      129.13474
   66    1    1     2624.43848    73816.01458    31147.66816        1.92282       20.26671        0.00050        0.01307        1.51303       16.90000       75.65161        0.22138        1.51319        4.51626        0.00507        0.02835       -0.00024        4.39317       40.29287        0.00198        0.03485        5.54960        0.00702       72.97956        4.36258        7.86500        0.01591        0.00047        0.03059      300.00000      112.56484
   67    1    1     2373.73638     3040.20370      960.24319        6.85075      112.50476        0.01546        0.01748        1.07889       23.50000        1.94707        0.66064        1.07393        8.07052        0.01639        0.01078        0.00489        0.97381      113.13166        0.01562        0.01726       23.53482        0.76849        1.93932        0.97394        8.07619        0.01609        0.01611       -0.00013      300.00000        0.61278
   68    1    1     2855.78454     1828.98860      573.99111        5.85868       98.05231        0.01174        0.02247        1.50281       26.20000        0.38952        0.23313        1.50144        8.98770        0.01982        0.00006        0.00140        1.27394       98.15956        0.01172        0.02313       25.80250        0.42487        0.42377        1.27434        9.08878        0.02052        0.00160       -0.00040      300.00000       16.48422
   69    1    1     2379.67605     2317.15606      756.37106        6.08879      114.18349        0.01592        0.02703        1.19420       27.90000        0.86679        0.54515        1.18941       13.52408        0.04460        0.01365        0.00474        1.72248      113.58976        0.01569        0.02719       27.92945        0.47134        0.41009        1.72000       13.51947        0.04582        0.01475        0.00248      300.00000        7.56523
   70    1    1     2015.87846     1662.04065      721.03086        6.72506      135.11440        0.02230        0.02700        1.56892       10.70000        0.05615        0.17356        1.56100       11.96281        0.03476        0.01756        0.00795        1.39118      133.63366        0.02175        0.02673       11.44141        0.04211        0.36461        1.38488       11.96226        0.03609        0.01779        0.00630      300.00000        1.28327
   71    1    1     2041.37404     1727.20873      729.36035        8.57471      116.40512        0.01655        0.00596        1.13196       27.80000        0.28118        0.60617        1.12839        2.07740        0.00105        0.00309        0.00356        1.43253      116.41610        0.01653        0.00591       27.82432        0.11191        0.47439        1.42952        2.06928        0.00105        0.00364        0.00301      300.00000        0.02676
   72    1    1     1288.93109    11671.07243     4884.88405        7.06498      209.62175        0.05367        0.05385        1.57646       34.80000       11.92089        0.15924        1.57533        8.89896        0.01945        0.01474        0.00108        8.80846      209.16541        0.05338        0.05242       35.30776        0.13276        4.71655        8.80791        8.89915        0.01948        0.01523        0.00055      300.00000        0.19129
   73    1    1     1506.17064     2681.13194      779.03147        8.19688      167.08390        0.03410        0.01665        0.50414       23.90000        1.28181        1.23104        0.50352       11.83699        0.03446        0.05126        0.00056        1.39699      166.96099        0.03401        0.01660       23.93915        1.05461        0.59445        1.36741       11.83823        0.03343        0.02338        0.02957      300.00000        0.59154
   74    1    1     1654.21337     1987.89876      693.08151        2.74948       57.15419        0.00399        0.04879        0.57343       25.00000        0.53599        1.16709        0.56748       14.31103        0.04986        0.01307        0.00599        0.73924       90.28362        0.00994        0.09259       19.68152        0.19847        1.33742        0.72730        6.40450        0.00992        0.00464        0.01194      300.00000       73.57186
   75    1    1      947.99692     2753.63196     1201.87524        8.69396      244.01488        0.07272        0.02349        1.36934       11.40000        1.55281        0.37134        1.36323        9.43302        0.02166        0.00599        0.00610        3.01990      243.89455        0.07246        0.02368       11.45344        0.08108        0.18765        3.01870        9.43238        0.02185        0.01073        0.00120      300.00000        0.27002
   76    1    1     1490.28693     1792.77085      732.08371        2.01377       64.57087        0.00509        0.12048        1.55413       22.10000        0.05401        0.20052        1.53404        4.77267        0.00582        0.08632        0.02018        0.49305       75.15149        0.00685        0.06969       10.51314        0.58059        0.76424        0.42966       17.08533        0.07628        0.03568        0.06339      300.00000       74.48604
   77    1    1     1194.99568     2702.19706      832.11816        8.20794      210.79215        0.05427        0.02628        0.80642       24.30000        1.27307        0.96557        0.76899        9.33352        0.02249        0.03303        0.03736        2.20344      210.96406        0.05427        0.02631       24.29854        0.41241        0.39370        2.20153        9.33336        0.02135        0.06965        0.00191      300.00000        0.29878
   78    1    1     3926.85628    12580.75488     5110.26374        7.96668       69.37102        0.00588        0.00338        1.11937       27.20000       12.82088        0.64597        1.08860       20.14365        0.09671        0.00324        0.03076       10.54217       69.34131        0.00587        0.00341       27.19517        0.44668        3.56711       10.54168       20.14333        0.10125        0.02892        0.00049      300.00000        4.81620
   79    1    1     2873.72358     1502.03570      617.79809        8.29468       86.49015        0.00914        0.00414        0.19350       16.70000        0.14848        1.54464        0.18993        5.56278        0.00756        0.00169        0.00350        1.59897       86.48860        0.00913        0.00405       16.74715        0.04180        0.24687        1.59446        5.56366        0.00755        0.00079        0.00451      300.00000        0.35397
   80    1    1     3243.67370     1485.88804      691.47864        0.67298        4.70458        0.00003        0.00594        1.53912       15.00000        0.02546        0.21385        1.52072       15.33788        0.06002        0.01330        0.01845        1.41389       32.19939        0.00126        0.04468       10.95943        0.03644        0.31477        1.37614       13.88459        0.04576        0.00091        0.03775      300.00000      147.07449
   81    1    1     2599.45502    22013.97288     9336.56050        2.99208       53.53002        0.00350        0.03559        0.57355       34.30000       22.84742        1.16058        0.57399       11.76767        0.03440        0.02440       -0.00039        1.92880       62.56261        0.00478        0.01875       42.42738        6.15028       16.53213        1.91993       10.29584        0.02681        0.01789        0.00887      300.00000       50.38166
   82    1    1     1277.79043     1958.86863      536.03968        3.81946      142.94268        0.02495        0.14611        1.58069       11.50000        0.26300        0.18738        1.54718       14.55924        0.05043        0.00061        0.03353        1.10383      147.86341        0.02660        0.16729       14.00877        0.18486        0.72777        1.08273       11.17843        0.02998        0.01284        0.02110      300.00000        2.31771
   83    1    1     2160.70438     2066.33186      884.64980        3.60196       62.70613        0.00480        0.03221        0.04186        8.40000        0.74698        1.71291        0.02166        8.72856        0.01946        0.01505        0.02024        0.88737       69.89401        0.00597        0.03535        5.14883        0.03393        1.59396        0.85124        8.31266        0.01642        0.00028        0.03613      300.00000       52.71239
   84    1    1     3104.18054     4802.89658     2275.43093        1.20646       21.76167        0.00058        0.03916        0.61961       16.50000        3.71797        1.17803        0.55653        5.30538        0.00735        0.00697        0.06308        3.40284       16.90381        0.00035        0.00749       20.23143        0.05382        2.06741        3.34549        9.83256        0.02272        0.01507        0.05735      300.00000      113.34417
   85    1    1     6169.51664    25558.94430    10923.10183        1.62479       30.10184        0.00111        0.04081        0.70453       10.50000       26.66265        1.05246        0.68210        9.46470        0.02292        0.00029        0.02238        5.37757       53.23561        0.00346        0.00489       21.16647        0.02756       23.01878        5.37693       11.01689        0.02985        0.02269        0.00063      300.00000       45.00257
   86    1    1     2692.64685     6792.64738     3069.50022        4.94089       82.99163        0.00841        0.02605        1.09764       12.30000        6.31371        0.64307        1.09149        9.63491        0.02260        0.00073        0.00609        4.08668       84.08482        0.00863        0.03118       10.22120        0.09590        3.86785        4.08293        8.89253        0.01932        0.00267        0.00375      300.00000        8.33274
   87    1    1     1586.61655     1567.55107      548.06164        4.93272      154.97782        0.02933        0.09122        0.76927       18.90000        0.04337        0.96738        0.76718        2.79448        0.00196        0.00085        0.00210        0.63293      146.00280        0.02601        0.07710       22.51958        0.12996        1.02523        0.63050        6.87114        0.01183        0.00033        0.00244      300.00000        8.40637
   88    1    1     8324.14057     2392.43652      994.62547        4.11038       38.34812        0.00180        0.00883        0.57787       17.30000        1.19489        1.15818        0.57638        5.84472        0.00838        0.01762        0.00147        1.72242       22.30298        0.00061        0.00446       10.46200        0.01463        1.21353        1.71032        4.76933        0.00550        0.00644        0.01210      300.00000       14.32698
   89    1    1     1410.34129     6663.09598     3187.23563        6.16522      186.69401        0.04257        0.06943        0.92666       24.10000        5.84038        0.80845        0.92612        1.54283        0.00059        0.00692        0.00054        1.22217      187.17661        0.04267        0.07100       23.43774        5.76884        0.58960        1.21495        1.29483        0.00041        0.00030        0.00723      300.00000        1.34636
   90    1    1     2496.07771     2058.09584      707.89087        1.01423       17.14098        0.00036        0.03453        0.23624       20.20000        0.72163        1.51236        0.22221        4.58741        0.00535        0.01655        0.01408        0.97276       30.84786        0.00116        0.01271       27.08254        0.33982        1.18890        0.94430        6.26843        0.01009        0.00158        0.02847      300.00000      124.99810
   91    1    1     3081.54372     2464.64822     1053.80101        1.29625       14.42368        0.00025        0.01487        0.26972        9.40000        1.15930        1.46473        0.26984       11.80943        0.03440        0.00000       -0.00007        1.25244       39.70506        0.00192        0.02169       17.96671        0.06821        1.58977        1.25302        5.86705        0.00853        0.00071       -0.00059      300.00000       92.64224
   92    1    1     1597.87769     1488.37703      586.93921        7.51506      166.05037        0.03368        0.02595        0.57330        4.40000        0.00118        1.16468        0.56989        7.76796        0.01515        0.00048        0.00333        0.07878      166.42414        0.03374        0.02605        3.99771        0.03674        1.62292        0.07591        7.77260        0.01516        0.00103        0.00286      300.00000        0.86180
   93    1    1     2845.01941  1224379.01562   423195.05133        5.28895       77.64339        0.00736        0.01896        0.51773       11.50000     1128.92276        1.24004        0.49452        8.80190        0.01856        0.00174        0.02321       75.35383       68.18418        0.00568        0.03151       15.40692        0.01240     1055.28257       75.34807        9.72018        0.02301        0.01855        0.00576      300.00000       11.75855
   94    1    1     2027.03713     3139.96384     1050.31738        7.36003      135.53915        0.02244        0.01898        0.85822       22.30000        1.87240        0.88665        0.84792       14.34672        0.05214        0.00439        0.01021        1.09647      136.34383        0.02267        0.01890       22.27124        0.92946        1.59424        1.08318       14.34649        0.05229        0.00118        0.01329      300.00000        2.79646
   95    1    1     1226.04560     1646.42022      585.43775        8.04305      208.91785        0.05331        0.02910        0.99659       13.70000        0.09127        0.73982        0.99475       15.64229        0.05999        0.00123        0.00178        0.79403      208.93526        0.05315        0.02927       13.68719        0.59615        0.43619        0.79347       15.64191        0.06104        0.00146        0.00056      300.00000        0.72578
   96    1    1     2420.69510    17118.71175     7024.02257        2.95750       46.01774        0.00259        0.02698        1.50588       31.80000       17.39979        0.22840        1.50616        5.00487        0.00623        0.00363       -0.00020        5.29265        5.22754        0.00003        0.03455       13.58311        0.10337       13.67397        5.29169       16.43031        0.06743        0.00147        0.00096      300.00000      128.54187
   97    1    1     4312.19638     1524.93105      593.76840        3.81927       79.71994        0.00776        0.04545        0.96038       11.40000        0.08376        0.77378        0.96079        7.18158        0.01274        0.01343       -0.00030        0.51704       61.29914        0.00458        0.01126       15.93732        0.05629        1.26285        0.50755       13.04421        0.04307        0.00223        0.00950      300.00000       61.66736
   98    1    1     2805.92992     2618.27255     1102.45815        5.07951       64.10783        0.00502        0.01443        1.75407       14.60000        1.17430        0.09364        1.64092       17.74110        0.07234        0.00137        0.11310        1.43963       68.38977        0.00570        0.02708       17.63085        0.37000        1.21340        1.32856       15.61226        0.05606        0.00332        0.11107      300.00000       34.12686
   99    1    1     1761.24233    42368.35688    19240.34275        0.02980        0.57963        0.00000        0.04621        1.51251       22.50000       43.84993        0.22400        1.51057       14.55031        0.05189        0.00903        0.00193        7.44414       15.17597        0.00028        0.05297       39.75670        0.20172       37.92790        7.43098       16.59518        0.06651        0.00001        0.01315      300.00000      169.05926
  100    1    1     1525.35296     1796.77994      633.34800        7.55458      175.92942        0.03780        0.02843        0.53588       26.30000        0.35642        1.20016        0.53441        2.41365        0.00143        0.00819        0.00143        0.51452      175.77990        0.03762        0.02804       26.48079        0.38186        1.20388        0.50574        2.43347        0.00144        0.00094        0.00878      300.00000        0.39817
