    1    1    1     1351.87408     1847.16048      754.87856        0.43663       11.73350        0.00017        0.08803        0.62214       36.80000        0.21277        1.11540        0.61916        9.88538        0.02390        0.00457   -33197.38092        0.61572       32.33901        0.00127        0.07997       41.11567        0.24746        1.09951        0.61485        8.07561        0.01629        0.00676        0.00087      300.00000      154.96772
    2    1    1     2041.08559     1453.55432      613.73266        2.51610       48.86197        0.00292        0.04314        0.61124        5.10000        0.00133        1.12450        0.61006        8.22831        0.01692        0.00889        0.00116        0.97949       54.69493        0.00365        0.04946       13.72011        0.42887        0.34290        0.96958        4.16082        0.00438        0.00019        0.00990      300.00000       67.16273
    3    1    1     1741.29962     2595.99470      727.73623        8.85155      127.24604        0.01978        0.00546        1.57439       34.10000        1.36794        0.16123        1.57333        3.47887        0.00297        0.01709        0.00105        1.48904      127.35216        0.01979        0.00547       34.10017        1.39871        0.21457        1.48923        3.48087        0.00299        0.01831       -0.00019      300.00000        0.17272
    4    1    1     2563.96159     4561.45863     2074.96831        6.82218      105.70903        0.01365        0.01568        0.40897       10.30000        3.48351        1.32788        0.40669       14.62206        0.05358        0.00162        0.00231        3.03251      103.90817        0.01318        0.01572       10.70331        0.09928        2.09047        3.02875       14.62128        0.05372        0.00001        0.00377      300.00000        0.42556
    5    1    1     1181.85227     2210.58178      751.10803        8.77578      192.77006        0.04538        0.01355        0.59123       17.30000        0.86023        1.14441        0.59015        3.22320        0.00260        0.00038        0.00110        1.91368      192.60623        0.04525        0.01376       17.21234        0.29226        0.39013        1.91225        3.22851        0.00256        0.00016        0.00142      300.00000        0.08318
    6    1    1     3055.18833     2451.82886     1158.19516        5.45897      100.07886        0.01223        0.02882        1.48001       13.90000        0.92491        0.26403        1.47054       15.52048        0.05840        0.01934        0.00951        1.90383      103.93820        0.01318        0.03146       11.27359        0.12858        0.63798        1.88978       15.45336        0.05763        0.01507        0.01405      300.00000       56.53710
    7    1    1     2294.91676     3619.32344     1434.11389        4.88932      100.76070        0.01240        0.03947        0.56741       23.60000        2.31263        1.17019        0.56438       13.86284        0.04823        0.00284        0.00307        2.84231       81.37296        0.00807        0.03695       24.49183        0.58915        0.62327        2.83734       14.47050        0.05271        0.00072        0.00497      300.00000        8.20738
    8    1    1     1061.86309     4771.03227     2291.26056        5.99864      248.32916        0.07532        0.13399        0.59981       11.20000        3.19463        1.13663        0.59793        5.79770        0.00824        0.00010        0.00196        2.79700      247.10566        0.07440        0.13411       11.77111        0.12964        2.00516        2.79499        5.85457        0.00840        0.00000        0.00201      300.00000        3.02538
    9    1    1     1689.59582     1812.71514      732.62224        1.79662       47.64485        0.00277        0.08312        0.87386       31.80000        0.10606        0.89080        0.84376       13.34553        0.04247        0.00017        0.03006        1.29179       37.02220        0.00167        0.05600       37.00576        0.11678        0.46898        1.26716       15.35472        0.05642        0.00761        0.02463      300.00000      105.49293
   10    1    1     1585.40674     2093.92159      950.76944        8.66353      146.46326        0.02620        0.00871        0.37613       16.60000        0.60925        1.39213        0.34243        6.19183        0.00912        0.01660        0.03366        0.37879      146.57907        0.02624        0.00855       16.69456        0.60439        1.39447        0.34511        6.18994        0.00912        0.01657        0.03369      300.00000        0.13338
   11    1    1     2283.13366     2139.12761      680.56689        3.10338       49.95944        0.00305        0.02860        1.57040       31.50000        0.63580        0.16375        1.57082        6.68930        0.01107        0.00048       -0.00046        0.61071       86.93498        0.00917        0.04479       21.32077        1.46323        0.27916        0.61086        4.93165        0.00605        0.00003       -0.00015      300.00000       40.23845
   12    1    1     2370.56173    46035.69166    19976.94822        5.29587      108.71385        0.01443        0.03703        0.96214       29.40000       47.42434        0.78324        0.95133       12.18729        0.03596        0.01369        0.01074       12.11472      110.21496        0.01478        0.05807       26.65120        1.03599       36.01673       12.09296       10.53312        0.02660        0.00395        0.02176      300.00000       31.40374
   13    1    1     2382.17676     3301.34083     1210.82608        6.68038      114.45946        0.01600        0.01985        1.16159       27.30000        2.12867        0.57771        1.15686        4.27853        0.00461        0.00299        0.00468        3.24982      115.11952        0.01616        0.01944       27.35234        0.48343        0.13527        3.24469        4.32269        0.00455        0.00273        0.00512      300.00000        3.05900
   14    1    1     5291.92451     6850.28591     2998.23567        1.55626       17.31653        0.00037        0.01476        0.84706       18.80000        6.33195        0.94569        0.78888        1.03787        0.00028        0.00064        0.05813        1.25362       22.44003        0.00061        0.00434       18.00809        2.19567        4.66897        1.19795        8.19256        0.01748        0.00003        0.05567      300.00000       62.74604
   15    1    1     6408.53291     4634.41792     2352.64879        4.45078       24.03129        0.00071        0.00286        0.15020       13.00000        3.53599        1.58400        0.15056        9.84967        0.02409        0.01914       -0.00046        3.41651       24.51837        0.00073        0.00629       13.93970        0.14168        1.72501        3.39714       10.54024        0.02669        0.00010        0.01938      300.00000       61.59198
   16    1    1     1078.52020     8500.48620     3511.24943        1.59625       51.93378        0.00329        0.12599        0.58621       28.40000        8.00705        1.15139        0.58317        7.11681        0.01239        0.01594        0.00296        4.36342       26.76130        0.00086        0.21651       47.48954        3.18936        2.03149        4.35349       19.16057        0.08896        0.01166        0.00994      300.00000      136.61214
   17    1    1     5386.15424     4895.26290     2201.19390        4.09720       46.50118        0.00264        0.01309        0.51300       14.80000        4.10232        1.22321        0.51135        5.15951        0.00653        0.00337        0.00175        1.16155       56.69636        0.00392        0.00699       20.62359        0.37211        4.29832        1.15899        8.80841        0.01946        0.00182        0.00257      300.00000       36.78036
   18    1    1     1582.96563     1595.98852      595.21642        7.86977      165.60502        0.03349        0.02059        0.69010       31.40000        0.15833        1.04394        0.69062        4.87660        0.00589        0.00001       -0.00058        1.02347      165.37394        0.03328        0.02004       31.63595        0.19992        0.66973        1.02399        4.88047        0.00591        0.00000       -0.00052      300.00000        0.03635
   19    1    1     2643.82049     1584.83246      754.34176        1.16951       12.93514        0.00020        0.01474        0.54224        6.40000        0.00524        1.20630        0.52826        9.61335        0.02349        0.01100        0.01402        0.81284       27.44878        0.00092        0.03185       11.05320        0.05678        0.87248        0.80814        3.56981        0.00311        0.02526        0.00469      300.00000      134.69219
   20    1    1     4275.95540     2976.46070     1335.90793        0.91703       20.27988        0.00050        0.05923        0.62535       26.40000        1.52636        1.15820        0.57636        8.92018        0.02066        0.00922        0.04901        2.67555       21.54693        0.00057        0.00996       34.20037        0.16992        0.45711        2.67302       10.82168        0.02867        0.05775        0.00253      300.00000       85.07307
   21    1    1     1561.72907    37518.72211    16222.67614        0.48137       10.25205        0.00013        0.05527        1.68117       36.40000       38.64914        0.08415        1.65041       18.75196        0.08380        0.00000        0.03082       17.50129       36.71097        0.00164        0.07120       41.55527        0.14478       22.76939       17.46692       16.49247        0.06468        0.00065        0.03438      300.00000      161.26319
   22    1    1     2763.50404     5948.17456     2593.01782        1.61483       22.31982        0.00061        0.02272        1.72281       30.90000        5.16901        0.04480        1.68977        0.59325        0.00008        0.00971        0.03300        5.31152       23.45228        0.00067        0.01756       34.88628        0.50013        1.10751        5.26541       11.03266        0.02876        0.00360        0.04610      300.00000      119.63955
   23    1    1     3749.41071     1920.30793      975.19275        1.05686       16.00411        0.00031        0.02769        0.49110       11.90000        0.33697        1.25938        0.47519        2.95505        0.00222        0.01674        0.01585        0.34853        5.90461        0.00004        0.00494       11.34891        0.06730        1.70832        0.31689        4.47956        0.00478        0.00052        0.03164      300.00000      143.76769
   24    1    1     1616.47703     1778.35307      641.61291        0.55056       15.09335        0.00028        0.09151        0.98084       48.00000        0.10556        0.77969        0.95487       14.48183        0.05014        0.00000        0.02596        1.50886       33.06213        0.00133        0.05067       38.54682        0.08844        0.21897        1.50148       22.82069        0.12656        0.01321        0.00737      300.00000      154.96045
   25    1    1     1883.77092     1978.59846      930.76227        6.40490      142.24234        0.02471        0.03553        0.46724       17.80000        0.33542        1.31685        0.41772       11.45001        0.03405        0.00262        0.04958        0.24784      142.52980        0.02476        0.03519       18.16169        0.46842        1.36609        0.23618       11.37075        0.03127        0.04284        0.01167      300.00000        1.62313
   26    1    1     3071.74856     1676.26830      743.29179        3.79714       41.19248        0.00207        0.01230        0.23774        2.40000        0.31828        1.50650        0.22807       10.83718        0.02973        0.00663        0.00966        0.30602       53.57229        0.00350        0.02844        9.55913        0.01374        1.73891        0.30653        4.64468        0.00534        0.01729       -0.00050      300.00000       47.61735
   27    1    1     4418.82053     2241.17075      565.74477        8.56796       49.61580        0.00301        0.00109        1.62631       32.80000        0.84029        0.11582        1.61875        4.40520        0.00490        0.00000        0.00759        0.72361       49.39016        0.00298        0.00111       32.79468        1.74463        0.10714        0.72307        4.40367        0.00484        0.00711        0.00054      300.00000        6.33217
   28    1    1     1940.27999     1712.12151      792.67886        0.31517        7.19689        0.00006        0.06362        1.56763        7.90000        0.13049        0.22795        1.50661        1.74275        0.00079        0.03362        0.06099        0.24575       31.24022        0.00119        0.02241       26.39544        0.56144        1.19210        0.15108        2.26618        0.00119        0.00009        0.09468      300.00000      142.22908
   29    1    1     7748.45585     1657.80152      679.00247        7.98199       34.52920        0.00146        0.00083        0.83153       30.40000        0.20514        0.90254        0.83202        6.52404        0.01056        0.00836       -0.00043        0.58416       34.34607        0.00144        0.00083       30.41299        0.25804        1.10254        0.57916        6.51853        0.01070        0.00271        0.00500      300.00000        2.84301
   30    1    1     2605.86461     1580.07364      644.86365        4.14955       49.76478        0.00302        0.01454        1.65463       21.00000        0.08004        0.10383        1.63073       10.45607        0.02800        0.00991        0.02393        0.73654       46.37932        0.00263        0.05708       13.10006        0.18442        0.87760        0.73393        3.25173        0.00259        0.03313        0.00261      300.00000       65.87822
   31    1    1     1302.75741     1934.50003      539.55338        1.17736       35.13184        0.00151        0.10724        1.23972       12.40000        0.39078        0.49530        1.23927       14.01726        0.04835        0.00449        0.00042        1.23617       18.46790        0.00042        0.13412       20.71091        0.39086        0.49187        1.23291       11.56095        0.03268        0.00127        0.00326      300.00000      144.61248
   32    1    1     3463.12145     2084.12337      693.23871        3.52534       32.94764        0.00133        0.00934        1.44072       15.90000        0.65589        0.34002        1.39455       11.83716        0.03310        0.00699        0.04627        1.02195       54.79804        0.00365        0.02096       17.10972        0.26961        1.15506        0.96929        7.89248        0.01467        0.00148        0.05265      300.00000       48.86805
   33    1    1     2142.17631     2160.38963      865.17369        5.63456      122.32350        0.01827        0.03929        1.59415       36.40000        0.71521        0.14551        1.58905        3.63604        0.00333        0.03886        0.00503        1.29875      122.49074        0.01829        0.03817       36.22837        0.08862        1.09742        1.26317        4.45058        0.00511        0.00825        0.03558      300.00000        8.21479
   34    1    1     3108.30094     3699.86245     1568.36474        2.01453       32.67292        0.00130        0.03082        0.58245       39.80000        2.34190        1.25403        0.48053        6.47907        0.01112        0.00041        0.10200        3.37513       16.51187        0.00033        0.01510       39.64706        0.54257        0.21579        3.31541       10.62963        0.02652        0.04660        0.05972      300.00000       98.55762
   35    1    1     1037.65144     8519.92249     3725.49533        8.53542      230.25472        0.06475        0.02413        0.41569       20.40000        7.92763        1.32224        0.41233       12.21343        0.03646        0.00165        0.00334        2.09900      230.15058        0.06464        0.02422       20.41187        1.04755        6.51637        2.09827       12.21346        0.03724        0.00353        0.00073      300.00000        0.33381
   36    1    1     1189.46516     1807.14529      620.77875        3.85904      144.73322        0.02558        0.14621        0.66250        8.50000        0.02223        1.07189        0.66268       20.06878        0.10017        0.00035       -0.00020        0.33237      144.13878        0.02527        0.15725        3.67793        0.34101        1.07641        0.33278       19.66750        0.09557        0.00106       -0.00041      300.00000       23.11099
   37    1    1     1797.64840     1890.72566      856.37300        7.00239      150.08006        0.02751        0.02859        0.32678       20.10000        0.38682        1.40979        0.32478        5.21046        0.00665        0.00662        0.00198        1.65088      150.22866        0.02749        0.02801       20.39701        0.04373        0.42986        1.64842        5.20710        0.00664        0.00616        0.00245      300.00000        0.12017
   38    1    1     4133.82738     6246.66133     2698.56505        2.29116       25.49595        0.00079        0.01433        0.32621       23.30000        5.74590        1.40979        0.32478        7.85066        0.01541        0.02413        0.00133        5.18304        5.54181        0.00004        0.00332        8.31428        0.09600        2.17928        5.16833       14.87574        0.05337        0.02152        0.01471      300.00000      163.12884
   39    1    1     1715.26232     2724.99584      985.66915        1.76777       34.07917        0.00142        0.04397        0.98827        5.80000        1.39183        0.74579        0.98878        6.05277        0.00908        0.03787       -0.00047        1.36031        4.13948        0.00002        0.09864       37.71279        0.85514        0.84248        1.36082        9.11874        0.02057        0.04107       -0.00052      300.00000      138.30804
   40    1    1     1513.41693     1565.51964      686.31879        8.05352      168.70776        0.03476        0.01883        0.47831       25.10000        0.03194        1.27275        0.46181       15.36859        0.05688        0.02621        0.01649        1.38578      168.61159        0.03462        0.01882       25.17257        0.03239        0.34825        1.38605       15.36850        0.05829        0.04152       -0.00027      300.00000        0.81558
   41    1    1     8622.36148     7089.50104     3137.83888        3.77932       36.38939        0.00162        0.00971        0.42022       13.60000        6.62162        1.32315        0.41142        5.72352        0.00795        0.00257        0.00877        6.80414       26.40678        0.00085        0.00287       39.74184        0.45081        1.11172        6.79975        5.53457        0.00747        0.00897        0.00439      300.00000       72.52483
   42    1    1     6652.72307     3633.37903     1629.64757        0.24049        5.03044        0.00003        0.05341        1.27758       18.50000        2.38305        0.54265        1.19192        4.16310        0.00457        0.04226        0.08568        3.33776       23.75740        0.00069        0.00306       15.12609        0.18975        0.63680        3.31876        9.73153        0.02276        0.11271        0.01900      300.00000       81.12536
   43    1    1     2292.74392     1650.39022      771.40613        0.67156        7.23654        0.00006        0.01412        1.64481       31.00000        0.06732        0.10144        1.63312        3.82373        0.00354        0.00907        0.01176        1.15196       33.30450        0.00135        0.07226       23.06933        0.26794        0.32819        1.14907        1.69753        0.00070        0.01795        0.00289      300.00000      154.08676
   44    1    1     6280.74505     1683.52052      615.46448        5.00767       81.25658        0.00806        0.02409        0.77105        6.70000        0.28779        0.96430        0.77026        3.51870        0.00304        0.00189        0.00078        1.69710       77.78718        0.00738        0.02142       10.64996        0.22644        0.09869        1.69621        5.66152        0.00801        0.00121        0.00089      300.00000       85.70003
   45    1    1     2284.91135     4380.00819     1800.75652        5.19258      119.75254        0.01751        0.04744        0.48350       20.40000        3.38274        1.26024        0.47432        8.37723        0.01702        0.00748        0.00923        4.26010      112.50447        0.01546        0.04627       20.61146        0.58112        0.28914        4.24814        8.86277        0.01993        0.00393        0.01196      300.00000       28.59188
   46    1    1     1589.88433     1658.11198      569.07715        0.84308       19.62717        0.00047        0.06572        0.88778        7.70000        0.10060        0.86315        0.87142       14.68097        0.05490        0.00050        0.01639        1.09293       37.75121        0.00174        0.04488       19.91065        0.21241        0.55479        1.08761       15.05660        0.05710        0.00928        0.00532      300.00000      139.88102
   47    1    1     1076.35983     4878.00761     2293.43374        8.47302      226.58382        0.06270        0.02464        0.56627       20.60000        3.62457        1.16788        0.56669        9.52797        0.02255        0.00002       -0.00048        0.20308      226.40713        0.06253        0.02475       20.60259        1.29856        3.85712        0.20349        9.52917        0.02255        0.00004       -0.00041      300.00000        0.28519
   48    1    1     1355.83212     1798.25109      685.31347        0.52865       12.12608        0.00018        0.06408        1.59840       11.30000        0.07270        0.13585        1.59871       19.36564        0.09324        0.01046       -0.00025        0.82183       32.19531        0.00125        0.18328       15.39399        0.38526        0.54686        0.81375       11.99177        0.03491        0.00151        0.00808      300.00000      149.19166
   49    1    1     3773.46282     4523.15711     2218.12308        1.50915       19.37434        0.00046        0.01967        0.53686       25.40000        3.39818        1.20345        0.53111        8.81914        0.01960        0.00146        0.00570        4.00482       10.29978        0.00013        0.06246       25.52768        0.36728        0.72253        3.99811        9.60454        0.02243        0.00001        0.00671      300.00000      113.20708
   50    1    1     3256.50359     1665.83583      807.57723        5.27307       92.73175        0.01050        0.02727        1.35865        6.50000        0.02947        0.40905        1.32551       10.54476        0.02646        0.00066        0.03309        0.23468       90.35178        0.00995        0.02216       11.96873        0.15454        1.39051        0.22422       10.60677        0.02850        0.02172        0.01047      300.00000       43.48339
   51    1    1     2687.38766   142665.41729    57828.85680        5.09724       98.60188        0.01187        0.03383        0.33162        8.80000      146.22766        1.40270        0.33186        3.09134        0.00238        0.00273       -0.00026       35.88260       91.29360        0.01016        0.02870        8.50811        0.02791      112.03917       35.88247        9.11450        0.02047        0.00390        0.00013      300.00000       22.01857
   52    1    1     1197.31682    30548.48698    15595.79287        6.28881      222.77465        0.06061        0.09265        0.43064       14.70000       32.64718        1.33033        0.40424       15.60729        0.06249        0.05528        0.02638        3.17447      222.44381        0.06019        0.09283       14.93564        2.19450       29.08854        3.09920       15.59045        0.06381        0.00478        0.07528      300.00000        1.34141
   53    1    1     1998.74354     2371.67068      555.89950        1.21601       23.36305        0.00067        0.04442        1.41915       17.40000        1.04174        0.31885        1.41572        8.38240        0.01764        0.05803        0.00344        0.76064       23.89538        0.00070        0.04227       24.18298        0.81583        1.23113        0.73045        8.69173        0.01801        0.03192        0.03019      300.00000      134.68801
   54    1    1     2141.54695    11887.59009     5609.83626        5.96958      125.61323        0.01927        0.03481        1.66198       25.10000       11.73291        0.07702        1.65755       12.68558        0.03927        0.00216        0.00445        1.56328      125.10076        0.01905        0.03631       24.58937        0.85972       11.04266        1.56375       12.68297        0.03980        0.00656       -0.00047      300.00000        6.74531
   55    1    1     1709.92967     2427.15462      805.81023        8.30292      145.09619        0.02571        0.01159        1.06903       21.10000        0.95445        0.66524        1.06932       20.51974        0.10397        0.01534       -0.00027        1.42701      144.99678        0.02560        0.01179       21.05117        0.40438        0.86024        1.42429       20.51959        0.10560        0.01073        0.00271      300.00000        0.78376
   56    1    1     1866.06308     2797.89578      843.74525        8.21737      136.52192        0.02276        0.01095        1.11213       29.80000        1.64741        0.62365        1.11091        5.15644        0.00665        0.00037        0.00126        2.03230      136.24776        0.02264        0.01089       29.84793        1.25394        0.09712        2.03107        5.14755        0.00662        0.00042        0.00123      300.00000        0.55677
   57    1    1     2051.02416    69453.30666    28226.06580        3.09462       67.37916        0.00554        0.05235        0.35342       19.30000       71.30396        1.38144        0.35312        3.99160        0.00392        0.01130        0.00040       18.53751       66.15298        0.00534        0.03647       15.93035        0.04676       54.46816       18.53033        8.23510        0.01649        0.00121        0.00717      300.00000       53.12394
   58    1    1     2504.12609    13635.25282     5942.71442        7.13733      108.44581        0.01436        0.01383        0.17886       31.20000       13.76350        1.55518        0.17939       15.43390        0.05901        0.01521       -0.00052        0.82396      107.77049        0.01417        0.01410       31.18341        1.12638       13.55229        0.81934       15.43469        0.05812        0.01094        0.00462      300.00000        0.49385
   59    1    1     2001.73704     1775.43371      580.41423        7.01333      135.61742        0.02246        0.02321        1.04352       36.10000        0.27649        0.69142        1.04314        7.79563        0.01516        0.00974        0.00045        0.52762      135.67494        0.02248        0.02360       36.02653        0.41439        1.07047        0.52595        7.76344        0.01509        0.00837        0.00166      300.00000        0.90417
   60    1    1     2163.33558     1931.04830      618.60584        6.45027      126.02135        0.01940        0.02722        1.46036       29.60000        0.44889        0.28210        1.45247        7.89459        0.01514        0.01006        0.00783        0.76051      126.94245        0.01968        0.02909       28.92739        0.89034        0.54253        0.74852        7.87967        0.01575        0.00525        0.01199      300.00000        4.87282
   61    1    1     4930.64806     1541.77258      571.99853        6.51581       51.99684        0.00330        0.00448        1.00472        9.30000        0.11886        0.73134        1.00323       14.69399        0.05298        0.00234        0.00143        1.24681       59.22625        0.00428        0.02949        6.49697        0.11802        0.48686        1.24585       11.07739        0.03014        0.00242        0.00096      300.00000       19.03904
   62    1    1     1602.05508     1792.73480      516.84202        1.16963       25.91831        0.00082        0.05915        1.44336        8.90000        0.38250        0.29878        1.43578        7.00988        0.01194        0.03309        0.00759        1.03944       38.31854        0.00178        0.05347       13.31397        0.24377        0.84600        1.03285        6.22811        0.00944        0.03573        0.00659      300.00000      130.06933
   63    1    1     1952.78762     1771.62076      678.37181        5.04088      135.93932        0.02257        0.06625        0.60434       21.40000        0.25610        1.13524        0.59933        5.07072        0.00627        0.00650        0.00497        0.71747      133.60637        0.02172        0.05966       18.70321        0.05063        1.22775        0.70663        8.88691        0.01912        0.00092        0.01084      300.00000       26.14418
   64    1    1     1566.46058     5384.77839     2627.48783        7.63543      170.61412        0.03555        0.02543        0.05584       15.30000        4.23349        1.68236        0.05220        5.27068        0.00698        0.01383        0.00364        4.95740      170.77030        0.03553        0.02620       14.76296        0.05107        0.97517        4.94094        5.27195        0.00669        0.00141        0.01646      300.00000        0.46288
   65    1    1     1519.17888    17174.80018     7309.82351        8.91620      142.80703        0.02491        0.00642        1.47251       13.40000       18.13459        0.26297        1.47159        3.83954        0.00362        0.00167        0.00098        4.62462      142.67711        0.02485        0.00647       13.40020        0.03144       15.21270        4.62502        3.83979        0.00364        0.00300       -0.00041      300.00000        0.32134
   66    1    1     1974.15769   136685.10664    55333.53627        2.94164       51.24855        0.00321        0.03386        0.26104       43.80000      136.89911        1.47308        0.26148        9.84967        0.02409        0.01914       -0.00039       56.50181      100.13307        0.01223        0.07259       40.37096        0.15265       81.93390       56.47514       12.57484        0.03779        0.00261        0.02668      300.00000       45.34587
   67    1    1     2163.23740     9214.72087     4432.39851        5.76719      125.87357        0.01935        0.03883        1.49968       45.80000        8.17363        0.23513        1.49943        8.42130        0.01768        0.01746        0.00027        7.96705      121.83725        0.01801        0.04073       45.31275        0.79348        1.15730        7.95529        8.75502        0.01944        0.00575        0.01176      300.00000       11.80760
   68    1    1     2023.02337     2342.61154      658.04575        5.84761      134.37953        0.02205        0.04244        1.50135       24.80000        0.92503        0.23513        1.49943       14.76016        0.05455        0.00036        0.00193        1.63164      136.44990        0.02264        0.04173       24.70141        0.58021        0.44782        1.63138       14.81553        0.05404        0.00284        0.00026      300.00000       10.71396
   69    1    1    13885.76165     1864.98626      909.38530        1.82502       18.13191        0.00040        0.01165        0.23312        4.10000        0.31678        1.51614        0.21843        5.71192        0.00787        0.00419        0.01466        1.79806       23.82772        0.00069        0.00443       19.00746        0.03903        0.23732        1.78778        2.59435        0.00163        0.00899        0.01028      300.00000       73.00994
   70    1    1     1110.84797   886331.48230   314274.36423        2.18071       65.82014        0.00529        0.10597        0.53552       37.80000      839.38640        1.19902        0.53555        1.53127        0.00058        0.00127       -0.00004      104.15506       60.73689        0.00450        0.14604       14.84840        1.12639      735.69857      104.15454       19.99240        0.09834        0.00535        0.00052      300.00000      124.86951
   71    1    1     7991.44413     1748.13170      821.26618        4.89982       64.11696        0.00502        0.01589        1.62903       38.00000        0.08569        0.18019        1.55438        2.30052        0.00123        0.02363        0.07462        1.43372       52.97981        0.00343        0.00644       39.77552        0.08970        0.30803        1.43129        2.82661        0.00200        0.09736        0.00243      300.00000      162.91596
   72    1    1     2977.68691   159080.46605    65200.65018        1.77954       20.73635        0.00053        0.01606        0.80090       30.80000      160.99703        0.95263        0.78194       16.44105        0.06496        0.00949        0.01897       19.76830       12.44934        0.00019        0.01268       37.83080        0.03942      142.96305       19.75051       15.43384        0.05730        0.00078        0.01779      300.00000      137.13574
   73    1    1     2511.38260    49020.91143    21747.91750        0.91820       20.23770        0.00050        0.05883        0.95592       12.50000       51.01388        0.81801        0.91655       11.54924        0.03163        0.00001        0.03944       39.48059       19.37344        0.00046        0.00758       12.58065        0.12156       13.20021       39.43808       16.82091        0.06697        0.00147        0.04251      300.00000      144.38808
   74    1    1      988.98470     1715.62558      569.23722        6.93635      274.88413        0.09229        0.09952        0.69348       10.80000        0.03609        1.04332        0.69125        5.48156        0.00736        0.02539        0.00215        0.78492      275.18799        0.09224        0.09944       10.98244        0.03954        0.96317        0.76815        5.46732        0.00762        0.01052        0.01677      300.00000        1.20278
   75    1    1     2272.96064     3540.16099     1377.27652        5.76583      117.03147        0.01673        0.03359        0.52620       27.00000        2.31710        1.21007        0.52450        7.48712        0.01375        0.00012        0.00159        0.77329      117.40621        0.01682        0.03126       27.86918        1.98743        1.29465        0.77196        7.46605        0.01394        0.00015        0.00133      300.00000        7.23072
   76    1    1     2444.24570    19429.51222     8544.18511        6.28829      111.83294        0.01527        0.02335        0.68781       30.00000       20.22067        1.04688        0.68768        6.15096        0.00943        0.00703        0.00013        6.64278      114.07334        0.01586        0.02343       29.53380        0.88908       14.42500        6.64046        6.19088        0.00961        0.00470        0.00232      300.00000        6.15654
   77    1    1     2609.88945     1728.77802      870.64685        3.59581       62.67346        0.00480        0.03231        1.52651       10.20000        0.06938        0.22409        1.51048       13.84564        0.04618        0.01558        0.01592        0.13077       73.46133        0.00656        0.02065        8.48982        0.81105        0.88197        0.10939       15.43268        0.05713        0.01072        0.02137      300.00000       30.69501
   78    1    1     1605.35591     3078.41525     1240.15715        7.59668      168.23641        0.03457        0.02533        0.15847       12.50000        1.80140        1.57907        0.15550       14.97638        0.05628        0.00243        0.00298        2.42177      168.17485        0.03441        0.02531       12.65815        0.26686        0.85004        2.41927       14.97652        0.05491        0.00425        0.00250      300.00000        1.33515
   79    1    1     1528.97616   999550.42387   360469.91500        6.35349      175.95233        0.03781        0.05586        0.30229       21.70000      939.36816        1.45921        0.27536        7.98998        0.01525        0.06466        0.02692       30.92957      176.15966        0.03788        0.05584       21.80608        0.70114      909.47834       30.92400        8.02494        0.01569        0.08544        0.00557      300.00000        2.60661
   80    1    1     1338.38195     2535.95334      439.02474        5.69831      189.46289        0.04384        0.09118        0.92241       38.10000        0.98038        0.82475        0.90982        5.63870        0.00768        0.01647        0.01265        1.81162      190.71147        0.04419        0.09351       37.62183        0.82008        0.09835        1.79463        5.33893        0.00726        0.01168        0.01699      300.00000        1.51221
   81    1    1    37595.41632     2633.99737      309.71596        0.15173        0.45709        0.00000        0.00111        1.47663       28.90000        1.30982        0.28984        1.44472        0.71631        0.00012        0.00047        0.03182        1.23172        8.91821        0.00010        0.00441       30.13002        1.81605        0.01490        1.20368        4.79909        0.00550        0.00533        0.02804      300.00000       73.18271
   82    1    1     2807.43502     2047.55739      932.31326        0.28614        6.49959        0.00005        0.06296        0.53675       11.70000        0.50098        1.19765        0.53691        7.12363        0.01262        0.01581       -0.00023        1.93791       24.04960        0.00071        0.00934       26.95666        0.15554        0.19424        1.92616       10.10983        0.02472        0.00438        0.01175      300.00000      121.97133
   83    1    1     2761.18314     1515.30333      609.78895        4.05243       51.47242        0.00324        0.01647        0.12184        8.20000        0.08237        1.61259        0.12198        6.12075        0.00932        0.00004       -0.00010        1.44917       46.75611        0.00266        0.02443        9.59326        0.01916        0.34944        1.44964        0.94001        0.00022        0.00078       -0.00047      300.00000       61.46343
   84    1    1     1683.48826     2154.83233     1081.16731        8.57990      141.38192        0.02441        0.00875        0.09133       18.10000        0.63621        1.64293        0.09164        4.67287        0.00539        0.00009       -0.00033        2.01930      141.15010        0.02428        0.00859       18.29250        0.03366        0.31779        2.01971        4.66676        0.00538        0.00013       -0.00041      300.00000        0.11457
   85    1    1     2005.22121     1622.47483      760.99867        3.48071       62.10374        0.00471        0.03417        1.42634       10.20000        0.00556        0.30846        1.42610       12.52823        0.03865        0.00556        0.00026        1.44400       41.77727        0.00213        0.04638       24.26625        0.02846        0.29594        1.44065        4.02254        0.00406        0.00248        0.00335      300.00000       85.61572
   86    1    1     1050.26622     2626.02185     1315.47318        8.36489      236.21372        0.06815        0.02925        0.41989       12.10000        1.01772        1.31891        0.41565        3.91824        0.00386        0.00251        0.00420        1.59522      235.99830        0.06780        0.02935       12.31891        0.06316        1.09453        1.59487        3.91725        0.00378        0.00645        0.00035      300.00000        0.11432
   87    1    1     1838.55170     6168.14023     2892.33715        2.19539       37.13762        0.00168        0.03326        0.97401       21.00000        5.34270        0.81205        0.92252       16.97648        0.06791        0.00214        0.05144        4.06103       41.56736        0.00210        0.07100       27.16985        0.25569        2.70419        4.05386       19.61633        0.09715        0.04259        0.00717      300.00000      115.99544
   88    1    1     1170.55598   427379.57003   165695.05933        2.15874       71.30738        0.00621        0.12705        1.02351       14.10000      415.97531        0.72770        1.00686        1.82964        0.00081        0.01993        0.01666      141.63750      108.78445        0.01444        0.10540       55.15840        0.21899      275.88404      141.59414        6.05994        0.00951        0.01063        0.04335      300.00000       86.59382
   89    1    1     2877.97334    99449.52533    39116.83387        5.86195       91.52912        0.01023        0.01954        0.02003       15.70000      101.10587        1.71422        0.02035       11.83859        0.03483        0.01632       -0.00033        6.78756       91.80564        0.01029        0.01871       16.28346       10.41888       85.63606        6.78635       11.84379        0.03444        0.01518        0.00121      300.00000        5.54959
   90    1    1     2212.65472    18931.59953     8161.11583        3.45069       81.02863        0.00802        0.05932        1.13243       20.20000       19.60072        0.60175        1.13282        6.61852        0.01082        0.00096       -0.00036       11.42980       71.98470        0.00632        0.02795       26.64164        2.20077        7.70428       11.43025       13.33622        0.04416        0.00071       -0.00045      300.00000       29.01836
   91    1    1     2029.80644    18328.94214     8512.42025        8.78832      111.45858        0.01517        0.00447        0.54707       30.30000       18.51083        1.20763        0.52693       11.72819        0.03514        0.00013        0.02013       18.69356      111.47971        0.01518        0.00448       30.30723        0.16157        1.39067       18.69318       11.72820        0.03430        0.02071        0.00037      300.00000        0.16183
   92    1    1     4048.19720     2569.81774     1012.76943        4.11062       76.76606        0.00720        0.03540        0.51183       10.40000        1.30561        1.25062        0.48394       10.46207        0.02614        0.00053        0.02781        0.41652       67.32265        0.00551        0.01419       17.68525        0.89955        1.75907        0.39210       12.71287        0.04141        0.00106        0.02442      300.00000       94.80956
   93    1    1     1640.85360     1499.38514      616.77502        3.14203       69.84871        0.00596        0.05440        0.96237        9.10000        0.00729        0.77210        0.96247       10.31547        0.02625        0.03360       -0.00017        0.99905       74.31423        0.00672        0.06617        8.21896        0.02482        0.75070        0.96346        7.45061        0.01432        0.00019        0.03559      300.00000       77.08012
   94    1    1     1958.26019     2624.88579     1089.70169        5.93237      135.42395        0.02240        0.04125        0.28978       12.80000        1.32202        1.44682        0.28775        5.71493        0.00800        0.00003        0.00201        1.69959      132.00954        0.02125        0.03913       15.10998        0.02116        1.33931        1.69936        5.75282        0.00825        0.00162        0.00024      300.00000        2.79016
   95    1    1     2439.69735     1417.64852      613.06904        7.74630      108.44721        0.01436        0.00957        0.51203        7.40000        0.01204        1.22207        0.51249       11.32589        0.03175        0.00596       -0.00054        1.39953      109.12275        0.01453        0.00902        7.99157        0.02540        0.32699        1.39468       11.32569        0.03228        0.00003        0.00485      300.00000        0.85929
   96    1    1     1841.97669     1933.45884      728.62467        5.37873      143.05761        0.02500        0.06140        0.99129       22.80000        0.43824        0.74277        0.99180        8.93449        0.01979        0.00000       -0.00056        0.74134      144.86777        0.02551        0.05945       24.08181        0.17029        1.26374        0.74190        8.55565        0.01814        0.00001       -0.00055      300.00000       15.44420
   97    1    1     9390.80426     1670.21072      726.04847        5.59815       65.89154        0.00530        0.01162        1.46067       13.50000        0.16013        0.27349        1.46108        7.59444        0.01433        0.00724       -0.00041        0.23360       44.86873        0.00245        0.02078       12.39165        1.24579        0.41526        0.22992        6.68315        0.01091        0.00400        0.00368      300.00000       36.77152
   98    1    1     1596.27311     3944.09100     1168.18169        7.84458      163.27182        0.03256        0.02035        0.79082       33.50000        2.86569        0.95874        0.77583        3.84884        0.00377        0.03952        0.01505        1.33430      163.00521        0.03229        0.02057       33.49947        1.59083        1.71455        1.29487        3.84777        0.00351        0.01538        0.03943      300.00000        1.02154
   99    1    1     1521.10289    10906.09596     4513.39667        2.23005       60.67696        0.00450        0.08592        0.20804       21.30000       11.00711        1.52903        0.20554       10.96531        0.03014        0.01174        0.00253       10.20778       84.41802        0.00868        0.07927       35.55431        0.07320        2.45931       10.20733       11.14433        0.03097        0.01727        0.00045      300.00000       76.90344
  100    1    1     3357.14480     1898.89639      722.49218        0.50024        6.44199        0.00005        0.02020        1.15095       18.30000        0.40168        0.60125        1.13332       15.99464        0.06154        0.00920        0.01778        1.60243       12.35042        0.00019        0.01018       24.33975        0.05035        0.51807        1.57997       15.76259        0.06358        0.00010        0.02246      300.00000      142.57146
