    1    1    1     4988.51613     5280.90464     2517.38409        7.86736       51.81878        0.00328        0.00202        0.96376       20.30000        4.51249        0.77054        0.96403       13.20128        0.04332        0.00329   -33197.38415        3.86685       51.14997        0.00320        0.00211       20.27885        0.09502        2.28658        3.86549       13.20131        0.04358        0.00137        0.00137      300.00000        2.47216
    2    1    1     2481.40208     2042.87711      560.74200        6.31348      106.64284        0.01389        0.02096        1.25920       27.70000        0.66062        0.48363        1.25093        5.64965        0.00775        0.04617        0.00822        1.31092      107.06695        0.01393        0.02115       27.66117        0.68741        0.39675        1.31091        5.61078        0.00776        0.05428        0.00001      300.00000        0.40749
    3    1    1     1570.53617     1724.84258      803.42350        3.76188       96.24159        0.01131        0.06862        1.72373        6.10000        0.00932        0.02189        1.71267        9.12812        0.02016        0.00005        0.01115        1.56903      106.51013        0.01373        0.08472        5.33739        0.01571        0.16673        1.56010        3.80564        0.00351        0.00167        0.00893      300.00000       39.61656
    4    1    1     2536.77792    47012.30947    19506.03977        3.75881       59.77099        0.00436        0.02652        0.04978       30.40000       48.54664        1.68644        0.04813        8.98490        0.01980        0.00034        0.00165       15.04054       69.40539        0.00588        0.03275       26.86183        0.11630       35.10957       15.04105       10.31653        0.02633        0.00249       -0.00051      300.00000       37.63091
    5    1    1     2764.10955  1216688.91519   426144.40837        6.38750      102.52977        0.01284        0.01863        0.40998       42.00000     1118.33467        1.34190        0.39267       11.20977        0.03203        0.00877        0.01730      369.99025      102.91998        0.01294        0.01874       41.83553        0.26625      749.83389      369.96839       11.15050        0.03180        0.00412        0.02186      300.00000       10.85179
    6    1    1     1408.17533     1871.46067      598.23007        6.68429      191.90077        0.04498        0.05569        1.30339       27.40000        0.38507        0.43089        1.30368        4.49151        0.00502        0.00371       -0.00028        0.27401      191.94382        0.04494        0.05549       27.46231        0.56596        1.27975        0.27410        4.50925        0.00501        0.00357       -0.00009      300.00000        1.19457
    7    1    1     1653.02409     1601.33920      656.89429        8.20933      151.36680        0.02798        0.01354        0.71957        5.50000        0.08333        1.06093        0.67364       17.14857        0.06949        0.00120        0.04591        0.13630      151.22539        0.02785        0.01368        5.43876        0.09733        1.60651        0.11403       17.14871        0.07523        0.01915        0.02227      300.00000        1.15640
    8    1    1     3680.27081    31479.29814    13146.52576        1.32196       26.99136        0.00089        0.05003        0.47275       13.80000       32.89441        1.28120        0.45336        8.33003        0.01772        0.01388        0.01939        4.66368       42.59551        0.00221        0.00694       29.49883        0.04268       29.99903        4.62786        8.22511        0.01607        0.00027        0.03582      300.00000       50.90574
    9    1    1     2168.95303    61485.61576    26716.01015        3.77595       65.70198        0.00527        0.03171        0.44675       16.70000       63.02237        1.29495        0.43962        4.32119        0.00471        0.00526        0.00709       10.16317       50.52867        0.00311        0.04001       28.45631        0.05619       54.52745       10.16202        7.02244        0.01211        0.00893        0.00115      300.00000       64.75941
   10    1    1     2108.60298    18555.16075     7584.26910        1.46343       22.80066        0.00063        0.02901        0.24936       32.70000       19.76560        1.48506        0.24950        8.13063        0.01645        0.00001       -0.00012        7.73093       30.03185        0.00110        0.04385       31.15701        0.20435       13.55672        7.73091        3.88627        0.00376        0.00546        0.00002      300.00000      127.41387
   11    1    1     2499.78401     9983.87538     4196.59471        4.45863       94.90268        0.01100        0.04433        0.65237       18.30000        9.96271        1.08719        0.64737       11.03375        0.03065        0.01005        0.00504        7.39657       98.26369        0.01178        0.04701       13.55372        0.51021        3.79534        7.37727       12.47252        0.03737        0.00001        0.01930      300.00000       43.45184
   12    1    1     1316.89959     6243.76908     2987.45711        8.10400      193.50501        0.04573        0.02390        0.07458       15.70000        5.79358        1.66246        0.07210       10.23606        0.02565        0.04535        0.00243        1.97149      193.49004        0.04566        0.02412       15.58740        2.68511        2.89960        1.94326       10.23560        0.02691        0.01837        0.02823      300.00000        0.54111
   13    1    1     4023.91019     2440.59939     1015.74035        5.42108       93.33537        0.01064        0.02556        0.16133        9.60000        1.18188        1.57507        0.15949       10.47024        0.02688        0.02001        0.00186        1.45100       73.46388        0.00658        0.01312       20.88730        0.07490        1.40897        1.45159        9.98178        0.02468        0.02212       -0.00059      300.00000       94.29758
   14    1    1     1344.55575     2702.96687     1081.18001        6.39994      198.48717        0.04812        0.06936        0.44859       10.80000        1.30950        1.34581        0.38876        7.18678        0.01212        0.00672        0.05974        2.11149      198.24868        0.04795        0.06992       10.60238        0.07079        0.86933        2.10377        7.13429        0.01286        0.05788        0.00772      300.00000        0.72108
   15    1    1     2647.67906     5392.92038     2241.12777        1.74373       48.36298        0.00286        0.09109        0.72215       15.20000        4.55793        1.01191        0.72265       15.95754        0.06311        0.00010       -0.00052        2.05796       49.48058        0.00299        0.01030       35.79945        0.35326        3.95119        2.05814       17.25495        0.07345        0.00000       -0.00018      300.00000       75.27857
   16    1    1     4710.93657     1500.46108      671.96596        5.05941       87.75504        0.00941        0.02734        1.26929        4.80000        0.00869        0.47025        1.26431        3.78003        0.00360        0.00103        0.00494        1.49202       72.79591        0.00646        0.01342       20.72332        0.02283        0.25176        1.48880        1.24879        0.00039        0.00273        0.00322      300.00000      144.31296
   17    1    1     1496.19714     2998.99413     1451.33094        0.67745       17.84377        0.00039        0.08434        0.17235        5.40000        1.26174        1.56283        0.17173       14.60644        0.05325        0.02545        0.00066        0.23735       32.05927        0.00125        0.07763        9.64001        0.93431        1.83041        0.22224       16.40749        0.06491        0.01450        0.01512      300.00000      140.17374
   18    1    1     3559.23015     3309.14556     1443.42938        0.50447        6.52259        0.00005        0.02037        1.20611       26.00000        2.18509        0.52860        1.20596        8.44894        0.01778        0.00495        0.00017        2.70519       13.53167        0.00022        0.05497       31.57386        0.21307        0.97501        2.70104        7.48220        0.01366        0.00081        0.00415      300.00000      168.25699
   19    1    1     3870.54596     1588.52775      568.27647        5.65477       95.73967        0.01119        0.02381        1.50947        9.70000        0.15270        0.23688        1.49769        1.74055        0.00077        0.03107        0.01170        0.66975       91.74471        0.01025        0.02037       13.18196        0.11656        1.13912        0.63567        2.05447        0.00109        0.00875        0.03408      300.00000       72.83752
   20    1    1     2064.36377     1786.73416      615.44562        4.99825      122.01252        0.01818        0.05460        1.28555       38.50000        0.16759        0.44845        1.28611        4.05249        0.00407        0.06782       -0.00048        0.69884      135.91463        0.02251        0.07232       30.63373        0.58177        0.59269        0.69864        6.69146        0.01116        0.06698        0.00020      300.00000       38.67168
   21    1    1     4201.86548     2251.19044     1026.34709        5.08982       88.68570        0.00961        0.02747        0.30003       29.80000        0.72869        1.43649        0.29807       10.48442        0.02753        0.00470        0.00198        0.25774       82.01768        0.00821        0.01675       33.62083        1.83055        0.38788        0.25748       10.38627        0.02690        0.00650        0.00026      300.00000      106.26153
   22    1    1     1848.05828     1891.00843      688.94539        0.50107       15.17747        0.00028        0.11177        0.60805        6.70000        0.39484        1.12692        0.60764        7.64095        0.01456        0.00737        0.00036        0.54698       19.92582        0.00048        0.03298       13.44655        0.41799        1.18332        0.53865       18.15564        0.08001        0.00205        0.00833      300.00000      144.47463
   23    1    1     1677.21791     2139.97292      801.78794        4.73667      139.41011        0.02374        0.08206        1.30693       11.20000        0.66020        0.42715        1.30742       10.59421        0.02784        0.00252       -0.00056        0.99177      148.54804        0.02690        0.10134       11.14635        0.29968        1.10250        0.99236        4.78164        0.00566        0.00258       -0.00059      300.00000       22.36921
   24    1    1     2010.92461     1606.10734      606.94542        1.69147       32.39494        0.00128        0.04352        1.25302        5.00000        0.07650        0.48208        1.25249       15.11904        0.05622        0.00080        0.00053        1.21063       50.81953        0.00315        0.03355       15.50896        0.03193        0.57756        1.21094       14.93876        0.05513        0.00148       -0.00030      300.00000       99.89288
   25    1    1     2567.91083     4633.65415     1891.66453        7.49873      104.63159        0.01337        0.01041        0.96112       30.20000        3.50291        0.77532        0.95925       19.65526        0.09673        0.00157        0.00192        0.96608      105.44903        0.01354        0.01036       30.18380        1.35413        2.91755        0.96572       19.65509        0.09635        0.00341        0.00036      300.00000        0.63426
   26    1    1     1671.49828     1564.43839      621.32239        6.78805      164.40594        0.03301        0.03863        0.78565        5.20000        0.03015        0.94849        0.78607        6.84718        0.01165        0.01737       -0.00041        1.08927      162.84245        0.03230        0.03918        5.45116        0.00138        0.67365        1.08980        6.84208        0.01159        0.01758       -0.00053      300.00000        2.52217
   27    1    1     1901.34968     4721.88901     2033.49629        4.34913      107.16147        0.01403        0.06012        0.95998       29.60000        3.59170        0.78450        0.95007       12.04607        0.03674        0.01443        0.00989        2.74032       92.85973        0.01053        0.04562       33.08414        0.43352        2.18917        2.71696       12.85635        0.04232        0.00002        0.02336      300.00000       24.03811
   28    1    1     8725.07542     1625.85469      658.23374        0.67302        8.60199        0.00009        0.01986        0.78874       10.50000        0.32384        0.94530        0.78926        2.68101        0.00178        0.00003       -0.00052        0.33505       19.04369        0.00044        0.00158        9.53649        0.31501        1.42099        0.33554        5.15846        0.00658        0.00000       -0.00049      300.00000       65.39211
   29    1    1     2396.31950     1851.49119      730.91028        5.64880      120.82691        0.01783        0.03805        1.18279       18.60000        0.32922        0.55406        1.18051        7.31279        0.01310        0.01110        0.00221        0.39380      123.22154        0.01846        0.04702       12.88031        0.68828        0.98505        0.38093        7.30323        0.01289        0.00066        0.01288      300.00000       35.66496
   30    1    1      949.32888     1735.09488      803.22289        8.87129      233.89381        0.06681        0.01808        1.23650       11.40000        0.06769        0.55406        1.18051        6.76880        0.01077        0.00118        0.05595        1.48146      233.93067        0.06658        0.01831       11.41704        0.04444        0.32728        1.43057        6.76811        0.01080        0.00623        0.05089      300.00000        0.14262
   31    1    1     2887.48715    35397.01930    14062.18622        1.82886       34.26963        0.00143        0.04145        0.02214       21.30000       36.81176        1.71605        0.01851        9.53048        0.02219        0.01977        0.00362       31.29967       35.27812        0.00152        0.00953       29.72751        0.57431        6.69851       31.28007       13.68091        0.04779        0.00345        0.01960      300.00000       92.13593
   32    1    1     1841.62895    14445.16253     7310.11599        7.96213      140.49706        0.02411        0.01392        0.16747       24.40000       13.94473        1.57855        0.15602        8.12155        0.01596        0.00021        0.01144       13.53160      140.89313        0.02421        0.01442       24.12849        0.05026        2.10659       13.52179        8.11958        0.01598        0.00186        0.00981      300.00000        0.49746
   33    1    1     4181.27499    18695.06492     8243.61592        5.09903       34.86108        0.00148        0.00422        0.27881       21.10000       19.30313        1.45532        0.27925        7.31560        0.01328        0.01113       -0.00044       12.51582       35.17535        0.00151        0.02441       27.42522        1.45515        7.06709       12.50607        2.94936        0.00211        0.00125        0.00975      300.00000       55.29221
   34    1    1     2332.88247     1815.16068      820.87755        1.73447       24.59217        0.00074        0.02381        0.70074       22.10000        0.11100        1.04437        0.69019       19.43764        0.09573        0.00065        0.01053        0.47889       27.05299        0.00089        0.03424       22.61141        0.74654        0.63188        0.46785       18.04982        0.07885        0.00575        0.01104      300.00000      121.82046
   35    1    1     1100.53876     2324.79088      926.10418        6.98790      245.52298        0.07362        0.07715        0.55648        5.20000        0.68526        1.17867        0.55589       16.97052        0.07084        0.03121        0.00057        1.18585      245.31798        0.07329        0.07751        5.10006        0.13108        1.10268        1.18602       16.97039        0.07106        0.03176       -0.00017      300.00000        0.23462
   36    1    1     4636.00123     5873.90596     2742.10929        5.65717       53.64765        0.00352        0.00747        0.02745       23.10000        5.30319        1.71404        0.02052        5.60039        0.00763        0.00001        0.00697        2.26438       56.89585        0.00395        0.01540       19.02692        0.60154        4.17144        2.25774        5.05125        0.00644        0.00013        0.00664      300.00000       32.27515
   37    1    1     2858.79737     3155.86021     1454.59189        3.72636       80.02816        0.00782        0.04851        0.19013       14.90000        1.83385        1.54471        0.18986        4.68640        0.00548        0.00291        0.00033        0.57656       78.55318        0.00751        0.01985       12.64121        0.20415        2.79387        0.57428       11.07992        0.03076        0.00069        0.00228      300.00000       28.33814
   38    1    1     2081.06067    11195.82026     4654.64863        8.22411      121.21681        0.01795        0.00859        0.77307       34.70000       11.35740        0.98465        0.74992        6.21644        0.00989        0.01120        0.02311        7.22030      121.30805        0.01797        0.00864       34.70117        0.12417        5.77437        7.19341        6.21586        0.00992        0.00737        0.02689      300.00000        0.12477
   39    1    1     1203.81749    10647.09828     5092.69841        3.03588      110.03222        0.01479        0.14565        0.28739       12.80000       10.59829        1.46311        0.27145        6.22145        0.00932        0.01812        0.01596       11.18798       58.84425        0.00421        0.10795       42.42103        0.59336        0.58226       11.18513       10.08363        0.02488        0.03603        0.00285      300.00000       84.84196
   40    1    1     6414.06720     1533.98435      559.74966        0.47544        5.50213        0.00004        0.01632        0.62092        7.10000        0.08970        1.12450        0.61006       15.51713        0.06103        0.00594        0.01084        0.39623       17.18885        0.00036        0.00111       11.68262        0.37215        1.07615        0.37915       16.86111        0.07245        0.00000        0.01708      300.00000      108.71261
   41    1    1     2895.74868     3581.45346      940.38530        4.22974       63.26043        0.00489        0.02243        1.19800       33.20000        2.31239        0.53918        1.19539       11.35903        0.03235        0.01033        0.00260        1.20182       61.02469        0.00455        0.03057       36.60174        2.09244        0.77910        1.19106        5.89394        0.00841        0.00268        0.01076      300.00000       18.69507
   42    1    1     2922.97278     2227.40397      726.07165        5.49493       95.10098        0.01105        0.02554        0.78739       12.50000        0.77813        1.00148        0.73309       13.86538        0.04524        0.02964        0.05430        0.68179      101.59551        0.01256        0.02342       12.94464        0.56552        1.34352        0.60446       13.84087        0.05033        0.00131        0.07733      300.00000       27.77417
   43    1    1     2901.16400     2425.89432      395.11655        3.64808       77.38142        0.00731        0.04764        0.93111       26.20000        1.09336        0.80418        0.93039        2.90272        0.00207        0.00151        0.00072        1.65273       66.57178        0.00540        0.01628       32.96030        0.75716        0.44578        1.65219        5.91135        0.00860        0.00124        0.00054      300.00000       13.31240
   44    1    1     2518.63660     9406.89112     4281.81440        2.29221       40.69029        0.00202        0.03646        1.12690       20.70000        9.17209        0.60959        1.12497        6.66203        0.01111        0.01881        0.00191        1.89382       38.65764        0.00182        0.02159       25.44841        2.53015        6.51251        1.88691        3.62504        0.00320        0.01391        0.00690      300.00000       80.13075
   45    1    1     1607.49422     1977.96274      779.29353        3.50868      110.44148        0.01490        0.10611        0.75509       12.00000        0.53839        0.97987        0.75470        3.92511        0.00384        0.00055        0.00042        1.27896      105.10410        0.01338        0.07268       22.37222        0.36325        0.64640        1.27817        9.87281        0.02396        0.00013        0.00078      300.00000       20.73322
   46    1    1     1979.78543    23105.35792    10155.64641        2.56042       64.40795        0.00507        0.07222        0.21319       13.50000       23.80429        1.52294        0.21162        2.73413        0.00187        0.05050        0.00155        1.93017       92.34217        0.01041        0.03968       25.28955       15.17164        8.44341        1.91319       12.41461        0.03710        0.03770        0.01699      300.00000       36.28289
   47    1    1     3082.01032     1851.74904      544.58078        5.37227       84.62859        0.00875        0.02156        1.28283       21.30000        0.34371        0.45337        1.28119       12.67089        0.03937        0.04650        0.00171        1.02456       85.54899        0.00893        0.03819       15.68199        0.37536        0.69225        1.00034       11.58272        0.03437        0.02244        0.02422      300.00000       40.12265
   48    1    1     2237.11395     3882.02983     1686.42838        0.58862       16.30755        0.00032        0.09342        1.67766       12.00000        2.85946        0.05680        1.67777        4.25042        0.00446        0.02602       -0.00010        0.98175       40.68830        0.00202        0.01442       37.51797        0.27594        3.41173        0.96908        9.36772        0.02121        0.01108        0.01266      300.00000      120.92933
   49    1    1     2592.47472     3661.72988     1657.91607        1.10323       18.73438        0.00043        0.03479        0.77059       17.90000        2.22437        1.01988        0.71469       17.45928        0.07167        0.00204        0.05597        0.31153        5.44684        0.00004        0.02004       12.28193        0.94303        2.78783        0.25994       15.35098        0.06126        0.00002        0.05159      300.00000      153.44914
   50    1    1     1678.56835    19004.01936     8565.06536        8.32687      149.35511        0.02724        0.01205        0.55372       35.30000       19.34456        1.20825        0.52631        7.33643        0.01382        0.01007        0.02746        4.38368      149.52483        0.02726        0.01230       35.22719        6.32559       10.37933        4.37396        7.33636        0.01304        0.02852        0.00972      300.00000        0.58088
   51    1    1     2883.54131     2102.57202      625.36184        4.60651       77.32393        0.00730        0.02711        1.33642       19.90000        0.61320        0.41691        1.31765       11.47045        0.03358        0.01884        0.01872        0.80748       55.56839        0.00376        0.02354       21.50423        1.11159        0.43386        0.78484       15.18595        0.05901        0.01412        0.02264      300.00000       20.95965
   52    1    1     1610.57161    26473.98082    12054.95700        6.69475      166.82470        0.03399        0.04185        0.22442       26.40000       26.85737        1.52760        0.20697       18.74996        0.08459        0.00001        0.01747        5.48237      166.74055        0.03391        0.04098       26.68853        1.10722       22.01549        5.47026       18.74977        0.08921        0.00065        0.01211      300.00000        0.24247
   53    1    1     2423.20465     3440.97931      672.41581        0.33572        4.04275        0.00002        0.01769        1.39657       37.00000        2.19414        0.33949        1.39508       10.03295        0.02470        0.00228        0.00152        1.32313       32.83658        0.00131        0.02770       37.46949        2.01187        0.59474        1.32332        7.00230        0.01220        0.00393       -0.00019      300.00000      139.65698
   54    1    1     1211.00975     5666.18368     2691.29805        8.95061      175.97194        0.03782        0.00939        0.26363       19.70000        4.72520        1.47316        0.26141        7.50871        0.01413        0.04823        0.00213        0.23243      175.96356        0.03779        0.00936       19.75340        3.81257        2.45541        0.19189        7.50922        0.01336        0.01063        0.04054      300.00000        0.56808
   55    1    1     1494.76254     2351.40113      723.72496        7.46479      179.45938        0.03933        0.03125        0.68308       17.40000        0.98576        1.05246        0.68211       13.50630        0.04482        0.00001        0.00096        0.90960      178.84322        0.03903        0.03082       17.84580        0.75836        1.05343        0.90934       13.50649        0.04548        0.00001        0.00026      300.00000        0.12173
   56    1    1     4848.67497     2208.73796      980.95286        0.00691        0.11390        0.00000        0.03322        1.01662        6.00000        0.91733        0.71741        1.01716        3.30796        0.00271        0.00942       -0.00057        0.92817       12.01044        0.00018        0.03106       11.95029        0.22498        1.49574        0.92866        5.60350        0.00776        0.00882       -0.00049      300.00000      146.74721
   57    1    1     2978.05081     1540.88248      579.04127        3.37912       47.70603        0.00278        0.02156        1.37546        8.40000        0.04604        0.36489        1.36968       17.80894        0.07724        0.00668        0.00566        1.46303       42.44803        0.00220        0.01981        6.86645        0.05987        0.25513        1.46318       18.29303        0.08258        0.01203       -0.00015      300.00000       55.49617
   58    1    1     1891.18781     1484.92622      621.84579        6.67742      140.79830        0.02421        0.03009        0.48629       21.50000        0.02689        1.24892        0.48564        1.55667        0.00060        0.04462        0.00071        0.19683      140.38196        0.02404        0.02983       21.65640        0.24958        1.31734        0.19487        1.69678        0.00072        0.04329        0.00195      300.00000        1.18016
   59    1    1     1699.70197  2491447.22976   824813.36207        6.68925      160.58988        0.03150        0.03889        0.14464       20.40000     2199.61217        1.61037        0.12419        7.85205        0.01575        0.02282        0.02042      313.64132      160.67977        0.03152        0.03864       20.79751        0.10361     1887.60191      313.64134        7.76271        0.01485        0.04361       -0.00002      300.00000        2.46663
   60    1    1     1774.82106     3589.83464     1742.58952        8.49296      138.07419        0.02328        0.00900        1.21860       19.90000        2.26627        0.54239        1.19218        7.70897        0.01420        0.00199        0.02641        3.41775      137.97105        0.02323        0.00905       19.87571        0.19856        0.38501        3.41721        7.70903        0.01483        0.02729        0.00054      300.00000        0.93477
   61    1    1     2055.58760    14820.39578     6709.89975        3.89079       90.52344        0.01001        0.05610        0.53983       27.50000       14.91931        1.20583        0.52873        9.53717        0.02201        0.01243        0.01106        7.88961       73.92524        0.00664        0.04276       15.12818        0.02394        8.79368        7.84958        2.52577        0.00151        0.00735        0.04003      300.00000       25.19696
   62    1    1     2535.34906     2427.04920      912.82561        2.27506       44.23611        0.00239        0.04378        0.15401       10.50000        1.16367        1.59335        0.14121        8.73315        0.01937        0.00160        0.01286        1.45936       41.54661        0.00210        0.01747       22.24610        0.14531        1.33049        1.44680        9.31870        0.02205        0.00140        0.01256      300.00000       75.90389
   63    1    1     2170.72609     4770.40174     2416.51657        3.81985       76.67221        0.00718        0.04203        0.44428       10.90000        3.95744        1.29113        0.44343       16.31486        0.06647        0.00451        0.00083        1.64480       63.42320        0.00490        0.04078       34.53640        0.38522        3.71177        1.63783        9.85933        0.02453        0.00102        0.00697      300.00000       38.90187
   64    1    1     4085.18857     1971.02976      660.25933        4.25716       30.14938        0.00111        0.00502        1.37381       10.10000        0.67689        0.39704        1.33753        9.58318        0.02370        0.06471        0.03638        0.84046       38.32071        0.00179        0.01560        9.32073        0.35366        1.21692        0.83839        7.36382        0.01358        0.10028        0.00207      300.00000       64.04602
   65    1    1     2430.06324     2384.81555      817.59576        7.77396      106.92384        0.01396        0.00914        0.92050       20.70000        0.85575        0.81674        0.91783       16.41569        0.06596        0.02057        0.00259        1.66677      106.86084        0.01392        0.00923       20.67574        0.54862        0.39341        1.64823       16.41535        0.06875        0.00192        0.01854      300.00000        1.85928
   66    1    1     1064.47875    54823.39663    23586.47325        8.41607      230.47841        0.06488        0.02672        0.48554       15.80000       56.97225        1.24859        0.48597        9.35054        0.02161        0.00005       -0.00038       32.03711      230.54775        0.06491        0.02688       15.86101        0.04414       26.62484       32.03761        9.35038        0.02167        0.00010       -0.00050      300.00000        0.09808
   67    1    1     2252.84380     1584.71453      649.12889        8.54062      106.93073        0.01396        0.00518        1.40389       15.00000        0.06228        0.38875        1.34581       11.21893        0.02956        0.01351        0.05812        1.18432      106.73843        0.01391        0.00546       14.84048        0.09107        0.58502        1.12051       11.21831        0.03289        0.00448        0.06381      300.00000        0.12581
   68    1    1     5345.57718     2789.39561     1364.18014        0.57723        4.85842        0.00003        0.00862        0.30955       24.60000        1.35545        1.42709        0.30747        6.17419        0.00934        0.00034        0.00214        2.78596       30.52248        0.00114        0.00887       35.38092        0.22549        0.08524        2.78596        2.44478        0.00147        0.00227        0.00000      300.00000      137.82910
   69    1    1     1352.10491     1646.77564      593.72964        8.49250      180.03109        0.03958        0.01530        1.17979       14.60000        0.08903        0.56061        1.17396       17.14834        0.07161        0.03915        0.00584        0.97907      180.16772        0.03959        0.01525       14.66036        0.20554        0.65932        0.95881       17.14860        0.07513        0.02117        0.02026      300.00000        0.55014
   70    1    1     3265.31082     2000.54517      782.87098        5.66605       85.80344        0.00899        0.01902        0.41730       18.30000        0.65809        1.31675        0.41782        7.18421        0.01278        0.00088       -0.00054        1.42016       87.95108        0.00943        0.01694       20.02485        0.18561        0.79053        1.41985        6.70656        0.01107        0.00007        0.00031      300.00000       19.85483
   71    1    1     4077.90241     1676.48905      608.01241        0.70284       14.33007        0.00025        0.05052        1.33637        6.70000        0.08374        0.41117        1.32340       18.38953        0.08170        0.00305        0.01287        1.49439       34.52918        0.00145        0.00859       20.81902        0.08346        0.25921        1.49478       20.68516        0.10625        0.01343       -0.00040      300.00000       80.08006
   72    1    1     1892.07080     1700.34075      582.84896        2.73648       84.89401        0.00880        0.10874        1.51963        8.80000        0.22957        0.21699        1.51757        5.71493        0.00800        0.00003        0.00203        0.82998       79.40977        0.00769        0.03315       38.94025        0.23331        0.97254        0.82996        7.34300        0.01343        0.00167        0.00002      300.00000       49.83374
   73    1    1     1231.70722     1668.84486      479.07552        8.39102      198.36809        0.04806        0.02020        1.14777       10.90000        0.22959        0.59438        1.14019        5.82858        0.00825        0.00029        0.00751        1.40233      198.40501        0.04794        0.02034       10.88387        0.46411        0.10506        1.39498        5.82645        0.00825        0.00052        0.00735      300.00000        0.75267
   74    1    1     2347.98146     1948.13702      596.29111        3.82210       61.54679        0.00463        0.02704        0.85586       12.70000        0.49062        0.88665        0.84792       14.08702        0.05014        0.01917        0.00801        0.73730       24.22651        0.00071        0.04011       27.38944        0.45665        1.06542        0.71526       11.34834        0.03088        0.00306        0.02204      300.00000       77.08803
   75    1    1     2201.92535     1499.28141      638.05796        4.05968       93.25290        0.01062        0.05382        1.11904        5.50000        0.08013        0.61614        1.11842        4.09082        0.00412        0.00067        0.00063        1.08146       87.87497        0.00939        0.04480        2.75537        0.14050        0.59131        1.08181        8.00051        0.01590        0.00118       -0.00035      300.00000       13.06318
   76    1    1     1719.31563     2606.36792     1000.65598        3.62909       71.46850        0.00624        0.04113        0.81314       21.90000        1.43001        0.92421        0.81036        7.38810        0.01335        0.01125        0.00287        1.20909       68.98626        0.00581        0.06804        9.52018        0.11469        1.81658        1.20876        6.42040        0.01015        0.01496        0.00033      300.00000       76.45252
   77    1    1     3724.58314     1617.04269      609.31322        3.63008       53.12638        0.00345        0.02271        0.60504       12.80000        0.25458        1.14376        0.59081        5.99840        0.00868        0.01786        0.01423        1.07868       73.96534        0.00666        0.01681       17.29602        0.22547        0.72162        1.04720        5.35539        0.00683        0.00000        0.03148      300.00000       46.47846
   78    1    1     3689.28550     4602.27382     1812.36589        5.57776       85.88947        0.00901        0.01995        1.09980       28.40000        3.51391        0.63844        1.09612        6.37555        0.00993        0.00004        0.00366        1.29785       93.63827        0.01068        0.01901       28.25244        1.72997        2.22038        1.29766        6.30387        0.00990        0.00327        0.00019      300.00000       58.76692
   79    1    1     1991.79766     1513.94546      629.78277        7.45625      136.25919        0.02268        0.01811        0.74921        7.10000        0.04942        0.98517        0.74940        8.56787        0.01811        0.03954       -0.00022        0.71022      135.99161        0.02258        0.01825        7.01309        0.22020        0.85458        0.70913        8.56793        0.01803        0.03837        0.00109      300.00000        1.43157
   80    1    1     1289.57960    68478.96642    30357.73500        1.49068       35.76306        0.00156        0.06873        0.75256       31.70000       70.36693        0.98446        0.75011       18.22457        0.08131        0.00041        0.00252       56.24932       51.48356        0.00323        0.15667       33.87773        0.03753       15.79301       56.24887        8.07427        0.01604        0.00022        0.00045      300.00000      128.94357
   81    1    1     2231.66262     2851.90104      907.93035        3.13415       53.78141        0.00353        0.03243        0.81214       39.50000        1.44456        0.95798        0.77659        9.15346        0.01991        0.01496        0.03556        0.90518       55.91414        0.00381        0.04908       41.14162        0.80918        1.50312        0.86381        5.22096        0.00705        0.00808        0.04137      300.00000       61.91752
   82    1    1     1584.17881     2001.41577      815.81112        3.08212       96.81580        0.01145        0.10906        0.60516       13.40000        0.36216        1.12884        0.60572       11.70297        0.03393        0.00887       -0.00051        0.48999       68.14501        0.00564        0.06482       21.04901        0.16173        1.47959        0.48154       15.34705        0.05716        0.00053        0.00845      300.00000       48.87503
   83    1    0     1500.21545  4410575.30927  1438081.15758        7.14052      116.51160        0.01658        0.01594        0.29046       20.60000     3822.73082        1.49304        0.24152       17.10744        0.06905        0.00471        0.04892      675.96433        0.00000        0.00000        0.00000      117.70980        0.03028     3148.60539      675.96433        0.00000        0.00000        0.00000        0.00000      300.00000        0.00000
   84    1    1     1546.13629     1673.19303      755.23715        7.53312      172.68890        0.03642        0.02776        0.77110       19.50000        0.03480        0.97597        0.75860        7.43375        0.01403        0.02600        0.01200        0.52774      172.18024        0.03610        0.02714       20.01143        0.69319        0.55078        0.52644        7.43344        0.01382        0.03731        0.00130      300.00000        0.27671
   85    1    1     3360.81328     2038.63645      679.01739        4.36670       61.36222        0.00460        0.01952        0.79182       43.10000        0.56088        0.94335        0.79121       20.65025        0.10644        0.00811        0.00062        1.79138       49.08970        0.00294        0.01858       41.51947        0.23979        0.26043        1.79005       21.52613        0.11588        0.00573        0.00133      300.00000       16.49537
   86    1    1     2249.29606     1887.53302      856.81620        1.48919       20.62175        0.00052        0.02290        0.68981       25.90000        0.36279        1.07491        0.65965        8.46274        0.01841        0.00045        0.03007        1.51822       31.03691        0.00117        0.04629       16.62236        0.01623        0.54628        1.51736        6.80984        0.01140        0.03020        0.00086      300.00000      127.65395
   87    1    1     1677.72202     1850.23613      567.38432        7.64475      159.20016        0.03095        0.02201        0.96393       20.20000        0.42504        0.78057        0.95399        7.65759        0.01485        0.00342        0.01001        1.52828      159.62532        0.03107        0.02187       20.18832        0.27235        0.37204        1.51519        7.65975        0.01417        0.00098        0.01309      300.00000        0.74130
   88    1    1     2042.31008     2745.59604      695.13638        3.38383       74.28163        0.00674        0.05212        1.56609       31.10000        1.22096        0.17667        1.55790        6.82385        0.01177        0.08948        0.00813        1.69049       90.41839        0.00998        0.05933       27.52745        1.05554        0.30144        1.59773        2.84342        0.00187        0.00516        0.09277      300.00000       21.67482
   89    1    1     5036.59282     1636.67906      676.39776        5.24882       59.41109        0.00431        0.01134        0.96856       11.00000        0.19147        0.76546        0.96910        5.95421        0.00880        0.00098       -0.00049        0.93112       66.73026        0.00543        0.01042       13.62183        0.12197        0.87613        0.93132        4.54964        0.00515        0.00070       -0.00020      300.00000       77.32908
   90    1    1     2478.66654     1613.15741      585.94293        3.29185       67.13087        0.00550        0.04529        1.25836       23.20000        0.15437        0.48883        1.24573        4.31721        0.00450        0.00064        0.01269        0.17914       94.35211        0.01087        0.03046       27.95714        0.60284        1.13054        0.16793        3.01159        0.00219        0.00145        0.01122      300.00000        7.78555
   91    1    1     1904.50623     2887.18932     1188.54448        5.60166      141.80831        0.02456        0.05371        1.47942       15.70000        1.69367        0.25772        1.47685        3.22924        0.00261        0.00031        0.00258        0.64979      138.53679        0.02336        0.05123       17.54715        0.32786        2.45648        0.64698        3.53585        0.00306        0.00023        0.00280      300.00000       12.02543
   92    1    1     4000.77341     1407.01776      604.64126        6.62538       77.35439        0.00731        0.00934        0.82305        2.20000        0.00260        0.91113        0.82343        2.63819        0.00172        0.00680       -0.00033        1.04322       73.26355        0.00654        0.00962        3.67869        0.00268        0.69789        1.03712        2.61790        0.00173        0.00030        0.00610      300.00000       21.93837
   93    1    1     1894.73989    14030.06643     6013.08134        7.18304      140.71853        0.02418        0.02269        1.44198       12.60000       14.26086        0.36616        1.36840       10.00237        0.02625        0.00738        0.07356        1.69368      141.51415        0.02441        0.02335       11.85851        0.04599       14.31480        1.63374       10.00196        0.02348        0.02381        0.05994      300.00000        1.08499
   94    1    1     2624.35617    48116.51672    19863.71396        7.04800      101.19655        0.01251        0.01267        0.13150       33.30000       49.38668        1.60254        0.13202        7.20258        0.01285        0.00047       -0.00050       21.80008      101.78721        0.01264        0.01280       33.34441        0.14350       29.17699       21.80052        7.20855        0.01284        0.00036       -0.00043      300.00000        1.96392
   95    1    1     2692.12625     4729.49135     2221.28215        0.43200       12.83440        0.00020        0.10760        1.02090       18.50000        3.52796        0.71473        1.01983        8.10454        0.01613        0.01218        0.00099        3.33383       47.59020        0.00276        0.00881       44.21266        0.10320        1.93107        3.33207        6.29938        0.00993        0.01011        0.00176      300.00000       91.71860
   96    1    1     2385.07026     1785.99953      674.68602        0.50666        7.21881        0.00006        0.02473        1.23033       25.90000        0.34403        0.50753        1.22703       13.09895        0.04308        0.04266        0.00326        1.50115       28.09883        0.00096        0.03317       13.76621        0.11968        0.44869        1.49783       14.55816        0.05321        0.03555        0.00331      300.00000      148.06728
   97    1    1     1095.81583     2365.06449      772.96757        7.98092      236.98580        0.06859        0.03910        0.73786       26.60000        0.92510        0.99633        0.73824        5.74989        0.00817        0.06179       -0.00042        0.55562      237.10599        0.06853        0.03888       26.72334        0.58955        1.57576        0.49469        5.75128        0.00776        0.00084        0.06093      300.00000        0.14711
   98    1    1     1819.87897     1635.95728      557.52629        6.83958      146.89212        0.02635        0.02998        1.10224       10.10000        0.12489        0.65446        1.08010        9.15954        0.02146        0.00360        0.02212        1.60402      146.35681        0.02608        0.02976       10.56125        0.13068        0.13592        1.59333        9.16078        0.02032        0.01619        0.01069      300.00000        1.35990
   99    1    1     1892.53749     1575.82154      588.48971        0.20146        5.05164        0.00003        0.07676        0.73779        9.30000        0.04559        1.04637        0.68820        3.32438        0.00261        0.00527        0.04961        0.97314       13.78170        0.00023        0.03380        5.90794        0.03702        0.77331        0.97179       13.33825        0.04450        0.05242        0.00135      300.00000      150.70749
  100    1    1     1682.02935     5213.71463     2245.35027        8.83895      134.25080        0.02201        0.00616        0.85054       24.90000        4.29513        0.88346        0.85110        9.01707        0.02016        0.01738       -0.00058        2.64100      134.41642        0.02206        0.00615       24.89472        0.85779        2.54827        2.62361        9.01710        0.01956        0.00001        0.01739      300.00000        0.97467
