    1    1    1     1645.12075     2509.01904      937.68517        2.43086       61.54280        0.00463        0.07366        0.93373       35.10000        1.00486        0.80175        0.93281       12.86521        0.04135        0.09769   -33197.38289        1.68563       66.76296        0.00544        0.08438       34.58252        0.18846        0.96426        1.59145       10.38856        0.02497        0.00452        0.09418      300.00000       79.81479
    2    1    1     1079.35036     1743.77763      643.40232        6.94865      249.72845        0.07617        0.08158        0.11991       10.00000        0.12342        1.61498        0.11959        7.92657        0.01547        0.00881        0.00036        0.87633      249.17602        0.07574        0.08125       10.60829        0.07751        0.91196        0.86917        7.95923        0.01599        0.00157        0.00716      300.00000        0.17274
    3    1    1     2808.35566    62300.96254    26234.72257        6.76113       98.46289        0.01184        0.01406        0.85092       27.60000       64.09117        0.88506        0.84951       18.65922        0.08544        0.00621        0.00143       27.59867       97.77974        0.01167        0.01406       27.32200        0.04387       38.18276       27.59926       18.66564        0.08625        0.00738       -0.00059      300.00000        3.66012
    4    1    1     2865.29125  1281787.10996   450936.52302        3.35796       46.74418        0.00267        0.02100        0.19340       16.50000     1182.28811        1.54229        0.19227        9.75693        0.02379        0.00147        0.00100      147.32682       35.43603        0.00153        0.01116       17.92609        0.05870     1036.60559      147.32718       16.10316        0.06443        0.00466       -0.00036      300.00000       86.55246
    5    1    1     5508.80274     4189.32029     1878.74951        0.70931        9.70794        0.00012        0.02276        0.70632       17.20000        3.36651        1.08421        0.65035        1.32094        0.00045        0.00499        0.05597        3.49707        3.53413        0.00002        0.00260       16.04902        0.72286        0.92062        3.43583       12.69021        0.04204        0.00015        0.06124      300.00000      172.13654
    6    1    1     2337.68627     6937.60974     2866.93727        0.04329        0.69429        0.00000        0.03142        0.04771       15.80000        6.70212        1.68840        0.04616        5.52594        0.00764        0.00432        0.00163        1.85306        8.66278        0.00009        0.02505       17.93573        0.23710        6.35922        1.85289        2.19274        0.00118        0.00590        0.00016      300.00000      171.24027
    7    1    1     1617.42402     1618.74373      668.26129        2.79695       67.19031        0.00551        0.06497        0.45474        2.70000        0.15144        1.29003        0.44453        7.97754        0.01612        0.00187        0.01017        1.25063       62.40174        0.00473        0.05702        6.38296        0.04534        0.59260        1.25107        9.35915        0.02165        0.01272       -0.00044      300.00000       84.33180
    8    1    1     1979.62980     1685.86354      754.56820        4.06140      103.02186        0.01296        0.06562        0.61133        5.40000        0.02583        1.13044        0.60412       10.88309        0.02879        0.00437        0.00719        0.88909       66.90692        0.00546        0.04429       32.58588        0.06689        0.86143        0.88823        3.38738        0.00287        0.00933        0.00086      300.00000       16.54626
    9    1    1     2837.70187     2080.49781      625.32509        2.51282       62.34285        0.00475        0.07043        0.67363       13.20000        0.59164        1.17015        0.56441       14.65130        0.04940        0.00489        0.10924        1.44988       74.63317        0.00680        0.01579       27.29629        0.55271        0.36887        1.44023       17.41657        0.07352        0.09732        0.00965      300.00000       17.11089
   10    1    1     3769.56749     2762.38334      424.91432        1.53639       24.09027        0.00071        0.02932        1.20808       28.10000        1.45046        0.53157        1.20299        8.57406        0.01851        0.01086        0.00511        1.38207       36.52709        0.00163        0.00660       26.34029        1.14401        0.64745        1.38253       14.44087        0.05175        0.01600       -0.00047      300.00000       68.57297
   11    1    1     3433.69393     2293.20261      953.43845        2.84858       52.26427        0.00334        0.03778        0.65399       14.90000        0.93569        1.08751        0.64705       11.95799        0.03477        0.01234        0.00693        0.54701       52.99812        0.00343        0.00907       34.02792        0.32660        1.84350        0.54342        8.96420        0.01963        0.01618        0.00360      300.00000       39.02726
   12    1    1     3142.86041     1556.10491      720.62985        2.14459       25.25444        0.00078        0.01616        1.50593        6.20000        0.05895        0.23297        1.50159        6.01703        0.00911        0.00161        0.00434        1.36512       30.64340        0.00114        0.01747        8.92881        0.04910        0.39176        1.35866        1.75529        0.00078        0.00012        0.00646      300.00000       88.70045
   13    1    1     1160.77984     1806.11339      774.55381        2.07840       72.82051        0.00648        0.14345        1.14239       20.20000        0.02848        0.59270        1.14186        6.19403        0.00957        0.00002        0.00059        1.38605       51.50305        0.00321        0.18092       10.48245        0.09439        0.25557        1.38554        3.38712        0.00286        0.00010        0.00051      300.00000       91.03914
   14    1    1     2362.75008    10095.85955     4132.76588        4.32843       72.16053        0.00636        0.02759        0.63596       18.50000        9.97674        1.14736        0.58721       13.26262        0.04150        0.00918        0.04879       11.26042       50.10699        0.00307        0.02635       19.86246        0.15695        0.34687       11.21629       14.01971        0.05092        0.00012        0.04413      300.00000       56.93109
   15    1    1     1246.69581     5543.53001     2353.05255        0.32829        8.58743        0.00009        0.08348        0.51517       26.80000        4.82541        1.21889        0.51567        1.80224        0.00081        0.00013       -0.00050        1.37816       14.00974        0.00024        0.08726       22.39527        0.84818        4.32657        1.37837        3.78366        0.00353        0.00003       -0.00021      300.00000      170.61643
   16    1    1     2986.32347     1974.86011      514.86023        5.35784      108.60145        0.01440        0.03577        1.45105       46.30000        0.52041        0.31960        1.41497        7.74424        0.01425        0.00120        0.03612        1.34062      101.39266        0.01255        0.03289       44.99084        0.73733        0.18308        1.32881       10.17694        0.02628        0.02395        0.01181      300.00000       63.36875
   17    1    1     3115.24888     1496.05428      607.61032        5.20766      104.25766        0.01328        0.03568        1.23420       11.30000        0.01461        0.50018        1.23438        6.31361        0.00992        0.02563       -0.00024        0.90490       99.38470        0.01206        0.03100       11.02679        0.12106        0.73994        0.88764        8.11036        0.01677        0.00775        0.01726      300.00000       69.64910
   18    1    1     1990.12090     4294.15436     2074.94634        0.61452       12.65185        0.00020        0.05157        0.73311       21.40000        3.02862        1.00137        0.73320       11.43693        0.03225        0.00208       -0.00001        0.89184       24.33844        0.00072        0.03531       15.64439        0.13669        3.73643        0.89217       13.72224        0.04681        0.00140       -0.00033      300.00000      147.14987
   19    1    1     1616.05779     2348.35169      990.02444        1.76980       54.29365        0.00360        0.11134        0.26957        5.00000        0.79598        1.48819        0.24637        9.92680        0.02361        0.02450        0.02315        0.70613       37.80667        0.00174        0.04828       16.88865        0.30501        1.58647        0.65949       16.92857        0.06769        0.00147        0.04664      300.00000      104.14500
   20    1    1      839.98738     2418.38169      820.57410        8.68701      275.92683        0.09299        0.03023        1.16811       38.50000        0.75713        0.57668        1.15789        8.06126        0.01646        0.03304        0.01020        0.76703      275.94228        0.09283        0.03042       38.49892        1.38331        0.36977        0.73859        8.06143        0.01551        0.01576        0.02843      300.00000        0.16328
   21    1    1     2321.49655     1489.98218      590.58348        1.30861       17.45688        0.00037        0.02136        1.53040       12.80000        0.03517        0.25412        1.48044       10.48612        0.02593        0.00002        0.04992        1.02586       13.42555        0.00022        0.04378        5.54094        0.02561        0.72542        1.01301        6.58012        0.01100        0.03549        0.01285      300.00000      140.65651
   22    1    1     2700.59061     1803.78885      697.52461        6.75333      102.55995        0.01285        0.01532        0.30429       13.50000        0.36711        1.43456        0.30001        7.69526        0.01445        0.02406        0.00430        0.87814      102.31339        0.01278        0.01420       14.29075        0.39549        0.82938        0.87793        7.69569        0.01459        0.02806        0.00021      300.00000        3.68681
   23    1    1     3106.36639     1545.25489      646.23285        4.72555       83.88979        0.00860        0.02989        1.06549        3.20000        0.01359        0.66859        1.06597       10.24796        0.02604        0.02021       -0.00048        1.03210       92.38208        0.01041        0.02842       21.55754        0.04781        0.71037        1.01388        2.51564        0.00161        0.00170        0.01821      300.00000       58.66356
   24    1    1     3593.79857     2379.54329     1003.18645        8.10925       69.34703        0.00587        0.00306        0.67412       16.90000        1.05596        1.06477        0.66980        5.93385        0.00885        0.00017        0.00424        2.11179       68.96743        0.00580        0.00314       16.91414        0.14652        0.53582        2.10821        5.93228        0.00884        0.00090        0.00358      300.00000        3.15718
   25    1    1     1362.75965     1924.90850      759.02206        2.88083       80.32908        0.00788        0.08708        0.86740       37.90000        0.43391        0.86668        0.86788       11.85071        0.03482        0.00097       -0.00050        1.71710       79.00383        0.00759        0.17344        9.30862        0.00692        0.38412        1.71655        6.19662        0.00958        0.00000        0.00055      300.00000       68.02836
   26    1    1     1826.87021     2299.59895     1017.65889        2.25772       69.59435        0.00592        0.11013        1.02417       14.60000        0.68584        0.71955        1.01501        1.36212        0.00045        0.13459        0.00912        0.27319       78.27475        0.00746        0.04555       34.43606        1.92343        0.36630        0.18912        4.83089        0.00542        0.05931        0.08407      300.00000       48.96718
   27    1    1     3421.24166     1465.31561      692.75148        3.62702       28.16186        0.00097        0.00639        0.85559        7.10000        0.00243        0.87840        0.85617       13.48285        0.04499        0.00049       -0.00052        1.36442       42.25493        0.00217        0.03644       14.57267        0.02536        0.34651        1.36499        7.54326        0.01410        0.00026       -0.00057      300.00000       76.93365
   28    1    1     2966.68693     7723.14134     3649.14394        7.03436       93.41893        0.01066        0.01088        0.53078       38.40000        6.92711        1.22943        0.50513       16.98509        0.06899        0.02035        0.02561        2.23720       93.15476        0.01059        0.01098       38.39396        3.76112        2.66291        2.23756       16.98810        0.07170        0.04368       -0.00036      300.00000        3.57829
   29    1    1     4604.92197     3114.80078      844.88160        2.49951       23.73699        0.00069        0.01033        1.22814       26.90000        1.92359        0.50922        1.22534        2.82693        0.00196        0.00113        0.00282        2.43672       14.37708        0.00025        0.00448       32.02318        0.95585        0.27095        2.43652        3.46870        0.00300        0.00381        0.00020      300.00000      101.73242
   30    1    1     2233.28920     2903.17247     1318.79069        2.62004       38.59793        0.00182        0.02469        0.30054       10.20000        1.48861        1.46240        0.27216       15.28346        0.05576        0.00616        0.02835        2.49956       43.85773        0.00234        0.02488       10.12031        0.11336        0.63907        2.47388       14.84474        0.05650        0.00426        0.02568      300.00000      100.12407
   31    1    1     1421.54144    20773.81030     9636.84493        0.10318        2.93555        0.00001        0.09885        0.23763       11.20000       21.21120        1.52737        0.20719        6.94695        0.01241        0.00126        0.03043        8.61060       33.33813        0.00136        0.04655       37.44488        0.06683       14.32488        8.59989        8.83895        0.01892        0.01959        0.01071      300.00000      154.38143
   32    1    1     2433.53946    29308.67160    12446.12377        3.46605       51.48257        0.00324        0.02371        1.11908       15.20000       30.16386        0.61608        1.11848        4.21754        0.00438        0.00830        0.00062        7.67215       57.59621        0.00405        0.02876       17.47595        0.23901       23.97674        7.67222        6.06470        0.00916        0.00878       -0.00007      300.00000       66.19235
   33    1    1     5619.39779     1551.43329      654.02081        0.92368       16.93768        0.00035        0.04072        1.79865        6.30000        0.00970        0.01127        1.72329        0.98231        0.00025        0.00221        0.07531        1.07164       35.78634        0.00156        0.00226       22.19014        0.04057        0.66572        1.06349        7.17198        0.01300        0.06840        0.00815      300.00000       39.70265
   34    1    1     2001.85012     5091.32423     2244.60056        1.49217       41.78497        0.00213        0.09364        0.47013       20.10000        4.33575        1.27216        0.46240       11.20687        0.03173        0.02102        0.00780        2.08228       35.64916        0.00155        0.02676       30.23099        0.28869        3.72182        2.08269       17.66513        0.07750        0.02797       -0.00040      300.00000      110.57680
   35    1    1     7462.22892     3966.48922     1518.83923        7.69614       37.86312        0.00175        0.00121        1.24688       38.00000        2.75173        0.49869        1.23587       24.88527        0.15699        0.00903        0.01101        1.24920       37.82284        0.00175        0.00127       38.00907        3.14476        0.10418        1.23731       24.88529        0.14975        0.01536        0.01189      300.00000        6.76358
   36    1    1     1884.36308    79671.20670    33223.31460        0.35256        4.65417        0.00003        0.02126        0.31104       28.00000       81.46085        1.42786        0.30670       15.01762        0.05672        0.03101        0.00433       63.45903       26.81040        0.00088        0.14391       23.70297        0.04347       19.59627       63.42886       14.76789        0.05608        0.00918        0.03017      300.00000      163.39667
   37    1    1     1518.06925     1554.55461      623.10977        8.33695      161.27929        0.03177        0.01394        0.92868        4.80000        0.06201        0.80609        0.92847        6.36323        0.01009        0.01619        0.00018        0.50412      161.44504        0.03179        0.01398        4.69955        0.24735        1.06103        0.48814        6.36282        0.01031        0.00018        0.01598      300.00000        1.14148
   38    1    1     8179.65747     2368.86904      699.22637        3.52781       38.00708        0.00176        0.01241        1.25949       27.20000        1.17078        0.47644        1.25812        3.72026        0.00340        0.01181        0.00138        1.99829       28.41708        0.00099        0.00502       15.66855        0.31621        0.56514        1.98649       14.09361        0.04804        0.00243        0.01180      300.00000       37.55647
   39    1    1     1900.95347     1611.67514      671.26073        7.18368      145.47040        0.02585        0.02424        0.62492        6.50000        0.02824        1.11817        0.61639       16.51045        0.06892        0.00118        0.00852        1.16440      145.42135        0.02576        0.02421        6.66555        0.01402        0.59385        1.15506       16.51060        0.06899        0.00031        0.00934      300.00000        3.10622
   40    1    1     3360.37087    23971.51995    10138.73687        8.36331       71.24708        0.00620        0.00266        0.14447       23.70000       24.68415        1.59942        0.13515        7.43427        0.01399        0.02689        0.00933        2.91663       70.72328        0.00611        0.00271       23.71139        1.68575       21.83875        2.89425        7.43455        0.01414        0.01374        0.02238      300.00000        3.12522
   41    1    1     2304.31180     3363.23829     1028.42172        6.13229      118.41699        0.01713        0.02842        1.10098       22.50000        2.31279        0.66064        1.07393        5.36659        0.00688        0.00058        0.02718        1.44472      116.10106        0.01642        0.02876       22.88539        0.96100        1.65415        1.43306        5.15854        0.00675        0.01561        0.01166      300.00000        7.09780
   42    1    1     1594.09726     1854.61296      795.28188        8.01327      162.89335        0.03241        0.01806        0.33934       14.10000        0.32709        1.39655        0.33802        9.59658        0.02303        0.09680        0.00127        1.76299      163.00844        0.03238        0.01781       14.31484        0.07261        0.29431        1.69505        9.59678        0.02411        0.02906        0.06795      300.00000        0.48353
   43    1    1     5904.83011     4545.26005     1783.41452        1.39969       37.11157        0.00168        0.08418        0.84636       26.80000        3.39349        0.96265        0.77192       10.19418        0.02423        0.02151        0.07446        0.75307       45.49565        0.00250        0.12704       28.04676        2.06681        2.25442        0.74754       13.32547        0.04473        0.08554        0.00553      300.00000      153.82911
   44    1    1     1870.98048     1619.02629      600.26935        8.05565      137.25449        0.02301        0.01245        0.35413       28.80000        0.08178        1.43712        0.29745        9.87282        0.02540        0.01676        0.05671        1.09876      137.26428        0.02296        0.01269       28.74421        0.06402        0.68025        1.07192        9.87653        0.02331        0.04866        0.02684      300.00000        0.31083
   45    1    1     3569.03093     1893.82080      587.44577        6.29712       75.76085        0.00701        0.01067        0.94696       16.30000        0.48098        0.79352        0.94105        3.94758        0.00393        0.00017        0.00583        1.32588       74.46028        0.00676        0.01112       16.17106        0.49517        0.39592        1.32424        3.94483        0.00389        0.00449        0.00164      300.00000        2.31583
   46    1    1     1226.30544     1605.73284      682.30936        6.52697      218.98361        0.05857        0.07891        0.63315       16.70000        0.01645        1.10300        0.63157        5.44266        0.00741        0.05479        0.00162        0.25889      219.15298        0.05826        0.07918       16.76304        0.05181        1.45941        0.23985        5.43042        0.00709        0.03765        0.01904      300.00000        0.61743
   47    1    1     2251.08655     1640.95044      785.75672        3.77150       73.63169        0.00662        0.03993        1.47981        5.50000        0.03732        0.25475        1.47981        8.90568        0.01975        0.00066       -0.00001        0.31823       69.19434        0.00584        0.02726        7.02564        0.18330        1.27136        0.31834       11.36717        0.03216        0.00070       -0.00011      300.00000       43.92840
   48    1    1     2556.02252     2355.10828      769.92627        6.20207      107.27386        0.01405        0.02248        1.13737       29.10000        0.81803        0.62878        1.10578       12.17267        0.03530        0.00029        0.03156        0.78326      105.94090        0.01370        0.02171       29.46597        1.10084        0.66934        0.78352       12.16510        0.03655        0.03091       -0.00026      300.00000        5.19293
   49    1    1     1980.16456     4596.57452     1772.66680        8.72540      114.98241        0.01615        0.00506        1.10269       36.00000        3.68688        0.66005        1.07452        5.25584        0.00659        0.01287        0.02821        1.03179      114.94027        0.01613        0.00511       35.99363        1.38465        3.03135        1.00543        5.24258        0.00705        0.01422        0.02636      300.00000        0.72873
   50    1    1     1908.06521   136255.29899    52044.08019        1.40415       23.08056        0.00065        0.03235        0.11623       27.20000      138.02095        1.62370        0.11087        4.39835        0.00487        0.00202        0.00536       48.85726       39.09891        0.00186        0.05285       19.66322        0.05417       90.82665       48.85712        3.43413        0.00291        0.00515        0.00014      300.00000      128.66208
   51    1    1     1636.62763     1885.18698      704.52654        4.33153      124.19956        0.01884        0.08157        1.04690        7.90000        0.45332        0.68730        1.04727        1.07681        0.00029        0.00369       -0.00038        1.36551      108.99761        0.01449        0.05553        7.93452        0.08747        0.73790        1.36310       10.97439        0.02949        0.00151        0.00240      300.00000       23.67550
   52    1    1     1732.73497   397196.45455   155854.14640        6.79559      155.50311        0.02953        0.03442        0.04622       16.20000      390.82090        1.68920        0.04537        8.33899        0.01737        0.00000        0.00091       13.68885      155.42656        0.02947        0.03497       16.21515        0.35919      378.50769       13.68812        8.33896        0.01710        0.00044        0.00073      300.00000        0.21496
   53    1    1     7968.80242     3807.81809     1842.28466        6.16708       63.16158        0.00487        0.00794        0.47740        8.80000        3.00107        1.26005        0.47452       10.84924        0.02953        0.02152        0.00292        2.58045       46.84834        0.00268        0.00455       22.81454        0.20515        1.98055        2.55685       10.63134        0.02894        0.00007        0.02361      300.00000      153.35885
   54    1    1     1917.65691     1710.32273      616.97182        4.76837      126.35895        0.01950        0.06626        1.20062       23.20000        0.16124        0.53802        1.19654        7.84347        0.01502        0.01067        0.00407        0.70985      132.42914        0.02141        0.07236       21.00480        0.07527        1.10540        0.71028        7.01590        0.01218        0.01487       -0.00043      300.00000       25.99263
   55    1    1     4342.35097     1794.01732      797.13729        3.12974       31.51318        0.00121        0.01117        1.20715       14.80000        0.27197        0.52777        1.20679        3.45120        0.00297        0.07686        0.00036        0.46972       32.41985        0.00128        0.01490       15.99299        0.81532        0.76361        0.42035        5.49468        0.00712        0.02716        0.04937      300.00000       40.23803
   56    1    1     4880.66742     2134.32712      867.09734        8.79859       46.46675        0.00264        0.00077        0.11033       16.10000        0.93977        1.63168        0.10288        6.01955        0.00880        0.00651        0.00746        1.43948       46.57920        0.00265        0.00076       16.07174        0.20335        1.04282        1.42814        6.01944        0.00919        0.00227        0.01135      300.00000        0.61769
   57    1    1     1826.68887     3524.88151     1514.86249        1.16377       23.75545        0.00069        0.05020        0.62670       20.40000        2.27606        1.15465        0.57991       10.46402        0.02586        0.00033        0.04676        0.44480       25.77331        0.00081        0.05215       27.37107        2.96313        0.60477        0.44508        9.54832        0.02251        0.04632       -0.00028      300.00000      131.23552
   58    1    1     1233.71976     7242.50608     3279.24789        8.47449      197.52571        0.04765        0.01870        0.69694       13.80000        6.69707        1.04427        0.69030        3.07557        0.00239        0.00800        0.00664        4.75820      197.75363        0.04769        0.01867       13.84668        0.31457        3.37324        4.74383        3.07284        0.00240        0.00021        0.01437      300.00000        0.41556
   59    1    1     1720.28865     2447.53731      861.91374        8.21964      145.99154        0.02603        0.01250        0.94934       33.50000        1.02425        0.78852        0.94605        3.26167        0.00267        0.01862        0.00321        0.60085      146.21604        0.02604        0.01249       33.49912        1.85706        0.30910        0.59265        3.27781        0.00261        0.01377        0.00820      300.00000        0.40179
   60    1    1     3831.43736    12371.18016     5433.49936        5.45425       86.55328        0.00915        0.02161        1.00340       29.40000       12.84605        0.73357        1.00100       10.64947        0.02777        0.00085        0.00237        7.27584       89.00430        0.00967        0.02093       29.86551        6.30077        1.00671        7.27323       10.59230        0.02813        0.00035        0.00260      300.00000       71.38408
   61    1    1     1728.63407     6394.67634     2737.84175        0.46392        9.76352        0.00012        0.05398        0.43880       35.20000        5.39004        1.31117        0.42340       19.00916        0.08710        0.00045        0.01541        0.87560       27.07323        0.00089        0.05748       37.96066        2.59547        3.69690        0.86971       14.01261        0.04781        0.00749        0.00590      300.00000      156.18039
   62    1    1     4054.85266     3865.37973     1734.41586        1.79319       30.34139        0.00112        0.03384        1.29678        6.20000        2.79711        0.44413        1.29043        9.75564        0.02400        0.00136        0.00637        3.24445       43.29240        0.00229        0.02343       30.56293        0.14745        1.17151        3.24015        4.38189        0.00469        0.00453        0.00431      300.00000       59.14874
   63    1    1     3631.00122     3802.19477     1757.37256        3.52207       58.06862        0.00412        0.02908        1.10878        7.90000        2.74367        0.66089        1.07368       12.39176        0.03650        0.00252        0.03513        1.70758       59.46260        0.00431        0.01263       18.86134        0.41217        2.36214        1.70201       15.12776        0.05575        0.03095        0.00557      300.00000       16.81904
   64    1    1     3597.15569     7295.80951     2626.01361        0.93395       18.86062        0.00043        0.04937        0.53085       32.40000        6.99138        1.20743        0.52713       10.59133        0.02740        0.00029        0.00377        2.94890       53.01847        0.00343        0.00649       38.12467        1.65866        4.13031        2.94814       14.87880        0.05441        0.00496        0.00076      300.00000       50.47327
   65    1    1     6652.35347    64068.30798    25460.12005        4.67028       27.41602        0.00092        0.00329        0.46273       20.70000       65.48084        1.35766        0.37691        9.88327        0.02574        0.00367        0.08572       15.92962       44.92776        0.00246        0.00409       33.30264        0.11623       51.20892       15.89249        9.59942        0.02379        0.04970        0.03713      300.00000       33.07955
   66    1    1     1443.70748     7360.87398     3385.22424        8.60525      162.65434        0.03231        0.01132        0.50074       18.30000        6.66577        1.23814        0.49642        8.66167        0.01887        0.01608        0.00426        6.55532      162.92542        0.03241        0.01138       18.21508        0.80039        1.04442        6.55540        8.66244        0.01851        0.02082       -0.00008      300.00000        0.42481
   67    1    1     4971.06301     5777.26240     2819.96193        5.05314       43.08747        0.00227        0.00661        1.29110       16.80000        4.84930        0.44898        1.28558        6.81558        0.01132        0.00126        0.00551        1.68799       39.74000        0.00193        0.00602       15.45173        0.46265        4.43118        1.68713        7.80446        0.01497        0.00608        0.00086      300.00000       18.64202
   68    1    1     3955.42980     1487.17711      695.26197        5.89267       74.03178        0.00669        0.01258        1.12065       10.10000        0.05733        0.61339        1.12117       16.51036        0.06743        0.01169       -0.00043        1.06711       75.67866        0.00699        0.01333        8.97807        0.03065        0.69787        1.06231       16.51008        0.06860        0.00523        0.00479      300.00000       29.57314
   69    1    0     1431.27969  5324371.85036  1697055.73227        6.94193       74.62607        0.00680        0.00731        0.15807       26.50000     4587.10268        1.58017        0.15440       14.31815        0.05151        0.03281        0.00372      511.15263        0.00000        0.00000        0.00000       86.42603        0.01976     4077.79628      511.15263        0.00000        0.00000        0.00000        0.00000      300.00000        0.00000
   70    1    1     4526.65293     4789.60369     1980.88533        2.37083       34.87443        0.00149        0.02494        0.53209       29.80000        3.80733        1.22089        0.51368       16.13763        0.06644        0.02301        0.01855        4.77983       31.75738        0.00123        0.00349       39.80414        0.17359        0.66782        4.74483       13.72663        0.04858        0.00164        0.03500      300.00000       55.34845
   71    1    1     2280.92458     1506.60323      600.24208        4.24570       78.43437        0.00751        0.03417        1.28423        3.20000        0.02645        0.51346        1.22111        6.54183        0.01003        0.01136        0.06312        0.69673       81.84965        0.00817        0.03583        6.76040        0.08551        0.98141        0.69682        5.23961        0.00677        0.07279       -0.00009      300.00000       25.35446
   72    1    1     1074.28624     1820.88092      624.09151        8.63266      219.43769        0.05881        0.02011        1.69179       25.60000        0.12007        0.06058        1.67398       16.41827        0.06484        0.02714        0.01776        0.79616      219.35381        0.05864        0.02028       25.60446        0.78123        0.31708        0.75633       16.41838        0.06968        0.00028        0.03983      300.00000        0.08197
   73    1    1     2411.34503     1500.79334      696.73048        3.21901       68.00083        0.00565        0.04885        0.95042       25.70000        0.03882        0.78701        0.94755        5.16665        0.00653        0.03271        0.00293        0.48204       83.80263        0.00855        0.02351       16.67481        0.08735        1.18287        0.47858       14.22603        0.04946        0.03622        0.00346      300.00000       28.96087
   74    1    1     2345.37703    20275.34609     8180.36935        1.08831        9.98479        0.00012        0.01016        0.20173       39.40000       21.38891        1.53693        0.19764        5.00548        0.00612        0.02330        0.00413       13.42087       17.01436        0.00035        0.09232       21.66320        0.32087        9.31163       13.41105        2.08800        0.00110        0.02011        0.00981      300.00000      167.23414
   75    1    1     2697.03853    80737.94003    34560.57954        6.88550      101.43433        0.01257        0.01394        1.22895       21.60000       83.09648        0.57495        1.15962        9.62439        0.02165        0.00097        0.06930       17.09538      101.50091        0.01257        0.01340       21.76360        0.02044       67.77330       17.03780        9.64865        0.02187        0.01256        0.05758      300.00000        1.63429
   76    1    1     1678.85739     1701.49407      594.58140        5.42506      159.82871        0.03120        0.07481        1.66744       12.30000        0.05328        0.06815        1.66641       19.65589        0.09491        0.00328        0.00097        1.55966      156.00234        0.02956        0.08016        9.25466        0.03457        0.19199        1.55751       19.68114        0.09704        0.00010        0.00215      300.00000       18.79309
   77    1    1     2564.48515     1618.99348      677.07269        6.65596      103.63132        0.01312        0.01649        0.42623       12.00000        0.21856        1.31101        0.42356        9.13821        0.02094        0.00000        0.00273        1.19959      105.51936        0.01354        0.01776       10.46594        0.07673        0.67601        1.19862        9.14110        0.02088        0.00185        0.00097      300.00000        0.46215
   78    1    1     2841.76763     1494.54208      652.74407        5.77557      101.15767        0.01250        0.02497        0.84510       19.60000        0.04283        0.90369        0.83087       11.60027        0.03421        0.00053        0.01422        0.61543      102.05611        0.01271        0.02868       17.48585        0.02264        1.15193        0.59887       11.60833        0.03245        0.00000        0.01656      300.00000       25.47327
   79    1    1     5793.82205    16159.32121     7216.04129        3.81078       49.06648        0.00294        0.01731        0.94041       35.10000       16.71944        0.80077        0.93380        5.83492        0.00828        0.01346        0.00663       12.65325       69.84484        0.00595        0.01296       42.04503        0.61805        5.21031       12.63673        1.80781        0.00079        0.00134        0.01652      300.00000      144.81909
   80    1    1     1488.59898   200602.24924    82020.70942        2.76750       39.32632        0.00189        0.02277        0.95185       34.20000      199.19411        0.78854        0.94602       11.96124        0.03484        0.00045        0.00581        6.46499       70.87655        0.00612        0.48442       47.08420        4.19781      189.72289        6.46484       21.24936        0.11250        0.00573        0.00015      300.00000      126.58574
   81    1    1     8506.56299     1475.84775      606.27737        0.49821        6.82352        0.00006        0.02285        1.51235       15.50000        0.06365        0.22233        1.51224        9.28143        0.02147        0.02426        0.00021        1.26539       15.82550        0.00031        0.00591        6.12549        0.03802        0.50178        1.25241       12.60354        0.03837        0.01718        0.01298      300.00000       58.83775
   82    1    1     1284.40325     5279.28682     2660.12871        8.18039      198.13634        0.04795        0.02370        0.77229        5.30000        4.32041        0.97516        0.75940        2.95345        0.00222        0.00185        0.01288        3.86089      198.43227        0.04806        0.02360        5.34054        0.00773        2.18995        3.85737        2.94920        0.00213        0.01122        0.00352      300.00000        0.41379
   83    1    1     1231.12271    35015.81523    15454.10597        7.68412      214.84991        0.05638        0.03910        0.66993       26.30000       36.32941        1.07114        0.66342        9.78226        0.02414        0.01282        0.00641       30.58797      214.54266        0.05617        0.03886       26.57196        0.13835        7.35663       30.56949        9.78200        0.02441        0.00053        0.01848      300.00000        0.29751
   84    1    1     2560.00202     5917.51475     2939.12686        7.77157      102.70932        0.01288        0.00845        1.13592       17.30000        4.98055        0.59811        1.13646        3.04197        0.00230        0.00019       -0.00051        6.51081      103.05796        0.01295        0.00823       17.35968        0.04404        0.15985        6.51135        3.04420        0.00230        0.00024       -0.00054      300.00000        0.20178
   85    1    1     2244.91039     4298.30506     1786.31253        3.98858       55.75764        0.00380        0.02007        0.64090       43.10000        3.24199        1.14926        0.58530       13.15100        0.04504        0.05430        0.05562        2.81501       47.37197        0.00274        0.08981       33.31965        0.07938        2.07213        2.78808        6.15240        0.00904        0.08724        0.02693      300.00000       79.36501
   86    1    1     2253.16242     2090.68415     1011.50185        2.57296       48.27248        0.00285        0.04014        0.55513       23.40000        0.44089        1.18155        0.55301       12.27965        0.03695        0.01130        0.00219        0.48150       17.01245        0.00035        0.02539       35.24497        0.09955        1.64029        0.48203        6.34863        0.00998        0.01175       -0.00053      300.00000      115.94262
   87    1    1     4729.79056     1574.82665      580.55244        5.26360       59.87992        0.00438        0.01143        1.29320        1.60000        0.00402        0.45724        1.27732       19.35032        0.09021        0.02617        0.01588        0.70203       52.40048        0.00335        0.00623       10.65970        0.46263        0.62199        0.66033       19.46601        0.08974        0.00068        0.04170      300.00000       39.58099
   88    1    1     1805.59619     1549.38199      652.66058        6.15886      154.94057        0.02932        0.04798        0.85001        9.50000        0.04717        0.89561        0.83895        9.65599        0.02364        0.00660        0.01111        1.32127      153.73163        0.02872        0.04683       11.18457        0.03471        0.43338        1.31542        9.65278        0.02269        0.01273        0.00585      300.00000       10.79929
   89    1    1     2116.55530     3411.30548     1523.73659        3.52858       70.07535        0.00600        0.04217        0.11680       23.60000        1.94251        1.62293        0.11163       18.80587        0.08619        0.02261        0.00515        2.69545       78.94846        0.00758        0.05306       10.60951        0.00657        0.98512        2.68331       17.87430        0.07724        0.01420        0.01214      300.00000       39.07970
   90    1    1     1884.94715   382208.27736   151811.10571        6.85246      143.37347        0.02511        0.02836        0.78821       23.90000      374.60018        0.95192        0.78265       16.03841        0.06480        0.00109        0.00557       83.54289      143.15221        0.02501        0.02805       23.94815        0.05792      292.73694       83.54034       16.03726        0.06449        0.00438        0.00256      300.00000        0.38910
   91    1    1     2978.06774     1685.63072      516.69032        4.33153       70.69372        0.00610        0.02643        1.30212       13.00000        0.35234        0.43323        1.30134        4.87938        0.00585        0.00101        0.00082        0.81126       60.36226        0.00444        0.01403       21.96652        0.81597        0.47760        0.80989        3.59182        0.00323        0.00055        0.00137      300.00000       30.40308
   92    1    1     1623.77719     1620.25174      534.78566        3.49765       91.56514        0.01024        0.07346        0.90849       25.20000        0.15668        0.83264        0.90192        7.60779        0.01408        0.00000        0.00662        1.43700       97.63369        0.01163        0.05984       31.01440        0.20841        0.26369        1.43724        5.66608        0.00798        0.00705       -0.00024      300.00000       45.70780
   93    1    1     2375.99098     2758.43244     1125.09779        2.28179       30.60819        0.00114        0.02083        1.04710       20.00000        1.51698        0.68730        1.04727       11.26319        0.03155        0.00096       -0.00024        1.71400       42.07167        0.00216        0.04906       12.17819        0.31700        1.20115        1.71396        9.29595        0.02130        0.00118        0.00004      300.00000      103.88897
   94    1    1     1315.39839     1687.67093      770.02483        8.73678      175.56412        0.03764        0.01167        1.63419       12.90000        0.11165        0.10230        1.63226        6.05678        0.00899        0.00049        0.00203        0.16792      175.35080        0.03744        0.01187       12.86915        0.85387        0.82685        0.16545        6.05665        0.00898        0.00001        0.00246      300.00000        0.21820
   95    1    1     1526.69505     2095.94730      710.89244        0.11824        2.84119        0.00001        0.07051        0.81297       20.00000        0.50787        0.94307        0.79150       14.08516        0.05073        0.00001        0.02145        0.31056       19.91355        0.00048        0.06649       18.27337        1.35635        0.58636        0.29579       15.10197        0.05500        0.00990        0.01478      300.00000      164.00961
   96    1    1     1647.59754     4984.94981     2250.37865        4.23177      124.60745        0.01896        0.08693        0.33302       27.30000        3.77472        1.40620        0.32837       14.59051        0.05193        0.01107        0.00461        4.72081      119.00041        0.01725        0.07583       31.01264        0.12929        0.68933        4.70516       14.34119        0.04956        0.00076        0.01566      300.00000        6.13752
   97    1    1     2901.90593     5935.85342     2933.80251        7.89523       88.63238        0.00959        0.00580        0.22775       18.40000        5.24710        1.50637        0.22819       15.42365        0.05908        0.01726       -0.00040        4.99119       88.48724        0.00955        0.00616       18.19786        0.23410        1.76613        4.98106       15.42276        0.05762        0.00817        0.01013      300.00000        1.72823
   98    1    1     1756.58044     1662.76480      448.12586        3.43467       74.37433        0.00676        0.05051        0.88361        8.50000        0.20108        0.88956        0.84501        9.30497        0.02237        0.00384        0.03859        0.70883       70.67391        0.00607        0.05506        8.85506        0.21524        1.01839        0.70191        8.29287        0.01736        0.03679        0.00692      300.00000       67.88166
   99    1    1     1673.75769     2106.45562      904.80814        8.43555      146.99927        0.02639        0.01070        0.52741       15.60000        0.62734        1.20977        0.52479       13.61720        0.04650        0.00006        0.00253        1.83640      147.25147        0.02641        0.01075       15.57461        0.32142        0.20456        1.83589       13.61704        0.04626        0.00236        0.00051      300.00000        0.51300
  100    1    1     1794.42890     1596.24901      674.68195        7.44231      149.48692        0.02729        0.02198        0.66554        1.50000        0.05748        1.06893        0.66564       11.61185        0.03326        0.00389       -0.00012        0.76159      150.35580        0.02759        0.02175        1.55454        0.39290        0.64008        0.75908       11.61198        0.03301        0.00146        0.00251      300.00000        0.53022
