    1    1    1     1450.72514     1836.80788      591.38869        5.52158      174.40966        0.03715        0.08470        1.25184       20.80000        0.24179        0.48261        1.25196       15.11711        0.05638        0.00372   -33197.38402        0.95906      175.33339        0.03745        0.08549       20.29749        0.17295        0.84526        0.95711       15.11072        0.05597        0.00202        0.00196      300.00000        3.84908
    2    1    1     1069.84153     1665.58432      561.78910        8.98553      197.70720        0.04774        0.01139        1.65662       19.90000        0.18568        0.08269        1.65188       12.71194        0.04066        0.02875        0.00482        1.39146      197.72411        0.04774        0.01141       19.88424        0.39326        0.16156        1.36539       12.71156        0.03863        0.00947        0.02607      300.00000        0.30076
    3    1    1     4868.32784     1454.72685      597.35506        5.46242       80.45806        0.00791        0.01859        0.91415       16.90000        0.06774        0.82174        0.91283        4.23913        0.00441        0.00633        0.00137        0.43098       85.19993        0.00883        0.02019       16.48440        0.10115        1.26939        0.43119        3.20135        0.00253        0.00780       -0.00021      300.00000      128.69083
    4    1    1     2200.36016     1752.28068      650.76187        1.17792       20.08930        0.00049        0.03503        1.06121       11.50000        0.30957        0.67275        1.06182       12.92425        0.04137        0.01105       -0.00050        0.84548       21.11110        0.00054        0.03624       14.51129        0.01917        1.22074        0.84063        4.14303        0.00432        0.00499        0.00485      300.00000      133.16998
    5    1    1     1972.64079     1565.13337      653.38469        6.00567      139.12796        0.02364        0.04190        1.10478       15.20000        0.04019        0.63653        1.09804        5.72489        0.00827        0.01512        0.00673        0.56365      139.77004        0.02378        0.04253       14.18214        0.12731        1.09861        0.54716        5.99467        0.00865        0.00589        0.01650      300.00000        9.46515
    6    1    1     1125.56839     5680.06610     2689.23133        8.94890      189.71383        0.04396        0.01093        0.89719       13.80000        5.27521        0.86668        0.86788       13.02675        0.04361        0.00728        0.02926        1.53456      189.81301        0.04396        0.01098       13.76659        0.38913        5.11262        1.50796       13.02584        0.04055        0.01305        0.02659      300.00000        0.53361
    7    1    1     5869.97032     2379.60974     1197.29207        4.80328       57.92013        0.00410        0.01366        0.06798        8.40000        0.87806        1.67612        0.05845        6.59674        0.01055        0.00132        0.00964        2.21183       43.68374        0.00233        0.00650        5.13993        0.00321        0.40656        2.20222        9.09611        0.02094        0.00042        0.00961      300.00000       82.06168
    8    1    1     1715.63236     6938.25001     3196.01195        4.11602      126.18216        0.01945        0.09534        1.20741       17.80000        6.23954        0.52670        1.20786       13.15445        0.04279        0.00060       -0.00043        1.44840      127.00652        0.01957        0.07742       24.93152        0.42695        6.11371        1.44897       13.59292        0.04574        0.00004       -0.00057      300.00000       14.44987
    9    1    1     2216.53030    22227.09269     9817.49439        1.08074       14.27753        0.00025        0.02107        0.17726       27.90000       23.24457        1.55921        0.17535        5.76102        0.00831        0.00007        0.00190        9.66976        4.04133        0.00002        0.05987       35.72529        0.50506       14.76030        9.66607        7.82807        0.01497        0.00075        0.00369      300.00000      157.98783
   10    1    1     2016.37500     1759.35489      621.77133        0.78351       13.87882        0.00024        0.03809        0.74915       28.90000        0.30654        0.98493        0.74963        9.99563        0.02474        0.00069       -0.00050        0.85957       56.44595        0.00387        0.04687       28.38586        0.16872        1.00663        0.85996        8.53078        0.01807        0.00064       -0.00039      300.00000      118.66454
   11    1    1      838.07908     3037.98554      645.41174        8.71755      274.89379        0.09229        0.02915        0.71544       23.30000        1.55854        1.06212        0.67244        5.45100        0.00703        0.01047        0.04301        1.96198      275.01194        0.09204        0.02944       23.30168        0.73777        0.60834        1.94701        5.45268        0.00717        0.03833        0.01497      300.00000        0.16478
   12    1    1     2175.77101     1725.46692      558.53209        1.12809       25.36244        0.00079        0.06095        0.78251       15.30000        0.27860        0.95402        0.78054        9.68296        0.02298        0.00193        0.00194        1.66702       26.19167        0.00084        0.02113       27.10968        0.14183        0.26599        1.66228        3.87193        0.00377        0.00121        0.00473      300.00000      150.96980
   13    1    1     4863.45008     5370.58416     2090.42164        5.08862       40.40052        0.00199        0.00571        1.06801       39.30000        4.68553        0.70767        1.02689        6.37119        0.00962        0.00793        0.04109        2.46948       46.39619        0.00262        0.00862       35.07765        0.82895        3.16491        2.42116        7.04465        0.01171        0.00019        0.04832      300.00000       34.98116
   14    1    1     4869.85638     1549.40242      626.88188        1.57060       25.55064        0.00080        0.03153        1.02733       19.10000        0.12408        0.70767        1.02689       10.75252        0.02884        0.00536        0.00042        0.37337       30.93578        0.00117        0.00914       23.55644        0.17715        1.31571        0.37254       13.57149        0.04600        0.00307        0.00083      300.00000       45.48555
   15    1    1     3371.79743     2585.31865      814.22914        1.09086       12.27047        0.00018        0.01527        0.54989       25.50000        1.34871        1.18441        0.55015        2.42346        0.00146        0.03653       -0.00033        1.83612       35.37291        0.00153        0.01880       23.08132        0.59977        0.64601        1.83078        3.47709        0.00304        0.03118        0.00534      300.00000       89.07199
   16    1    1     2698.68883     5808.19927     2940.01553        0.99117       11.95136        0.00017        0.01758        1.27437        7.70000        4.89508        0.49407        1.24049        9.48988        0.02321        0.00112        0.03387        2.70624       10.71892        0.00014        0.02056       14.36587        0.03644        3.92108        2.68544        5.66223        0.00769        0.01343        0.02080      300.00000      172.19548
   17    1    1     1849.36554     1651.83901      583.86481        8.04283      137.82822        0.02320        0.01267        1.28217       11.80000        0.17259        0.45287        1.28169        5.45685        0.00743        0.01035        0.00051        1.23407      137.51872        0.02305        0.01263       11.95062        0.18625        0.49628        1.22481        5.45753        0.00722        0.00178        0.00925      300.00000        1.21239
   18    1    1     1626.12608  1692456.87605  3550352.12334        1.09301       19.40689        0.00046        0.03804        1.55887        1.70000        0.00367        0.18622        1.54835       14.89318        0.05371        0.00489        0.01050    -2693.84354    27724.25659      937.29879      228.48280      380.66062      195.08783      574.37810      648.51339    28080.65951      590.11632      169.71676    -3342.35692      300.00000      100.37876
   19    1    1     5205.56457     1585.82978      616.09484        2.28381       36.89430        0.00166        0.03021        1.17307        7.30000        0.06724        0.56666        1.16790       11.33422        0.03131        0.00004    -3352.25076        1.08280       16.89305        0.00035        0.00176       16.99755        0.06819        0.66254        1.08204       14.30757        0.05111        0.00347        0.00076      300.00000       83.57781
   20    1    1     1445.18917     1867.34098      541.96852        6.43101      183.51715        0.04113        0.05832        1.01666       12.90000        0.32043        0.72261        1.01196        2.46993        0.00153        0.00083        0.00469        1.17180      184.03615        0.04133        0.05782       13.02230        0.29942        0.58435        1.17140        2.64463        0.00174        0.00505        0.00041      300.00000        0.19793
   21    1    1     1968.18609     2664.14602     1296.92465        6.14840      134.67158        0.02215        0.03644        0.09019        9.00000        1.02120        1.68475        0.04981        1.09861        0.00029        0.03263        0.04031        0.33291      134.88089        0.02210        0.03506       10.68712        0.26296        2.17591        0.31862        0.60084        0.00009        0.05863        0.01428      300.00000        1.87880
   22    1    1     1148.63107     1756.10002      698.27324        8.60393      205.25658        0.05145        0.01805        1.56234       31.80000        0.13056        0.18222        1.55234        9.53840        0.02304        0.00978        0.00995        1.21949      205.31693        0.05147        0.01792       31.83092        0.14151        0.50670        1.21702        9.53838        0.02281        0.01755        0.00247      300.00000        0.10986
   23    1    1     2107.27795    13202.68143     5975.67180        4.28423       92.82936        0.01052        0.04682        1.56033       12.20000       13.48941        0.17914        1.55543        4.48454        0.00490        0.00315        0.00492        4.81143      101.26310        0.01251        0.04559       10.13861        0.02337       10.39221        4.80384        6.13758        0.00915        0.00001        0.00759      300.00000       11.94855
   24    1    1     2012.55716     1870.26400      620.54912        2.65422       55.36838        0.00374        0.04940        0.68367       16.40000        0.47104        1.05497        0.67959        2.82958        0.00201        0.01013        0.00402        0.39456       34.23500        0.00143        0.04314       24.43651        0.48520        1.33080        0.39327        5.29884        0.00689        0.01296        0.00129      300.00000       90.54551
   25    1    1     2304.88143     6496.14684     2913.18684        3.79557       63.73747        0.00496        0.02948        0.96447       23.00000        5.87188        0.78377        0.95080        9.49168        0.02175        0.00351        0.01376        7.36693       57.47866        0.00402        0.03399       19.11663        0.07142        0.16113        7.36675       10.28841        0.02608        0.01622        0.00018      300.00000       55.40069
   26    1    1     1230.90073     6132.69533     2922.79805        8.24394      204.06534        0.05086        0.02398        0.06055       39.60000        5.40963        1.67993        0.05463        5.16122        0.00649        0.01004        0.00598        0.93722      203.99235        0.05080        0.02423       39.55158        1.43518        4.78442        0.92444        5.15359        0.00642        0.00322        0.01279      300.00000        0.18152
   27    1    1     1196.99081     1716.63814      649.32347        8.34903      207.72525        0.05270        0.02290        1.24135       23.20000        0.07579        0.49838        1.23619       16.71193        0.07032        0.00715        0.00506        0.22508      207.57186        0.05237        0.02277       23.44038        0.65167        0.93388        0.22539       16.71232        0.06895        0.01387       -0.00030      300.00000        0.10233
   28    1    1     3215.65697     8144.41560     3792.38880        6.72500       86.15640        0.00907        0.01098        1.26901       34.30000        7.99517        0.47750        1.25707        3.70516        0.00332        0.00006        0.01188        5.33328       86.39276        0.00910        0.01099       34.30092        0.17607        4.22328        5.33031        3.73220        0.00341        0.00897        0.00298      300.00000        4.64430
   29    1    1     1522.57899     2231.92758      921.45771        7.45309      177.77677        0.03860        0.03089        0.33082       20.10000        0.84164        1.41167        0.32289        6.11386        0.00908        0.01397        0.00795        1.51214      177.76884        0.03846        0.03136       19.92342        0.04892        1.02203        1.50489        6.11636        0.00944        0.01432        0.00725      300.00000        0.89585
   30    1    1     1678.89344     3645.99655     1222.80552        3.26169       70.70918        0.00611        0.05129        0.79134       34.30000        2.45580        0.94290        0.79167       12.40031        0.03797        0.00427       -0.00027        1.79682       62.38561        0.00473        0.07719       36.58485        1.49789        0.90020        1.79549        6.25795        0.00979        0.00305        0.00133      300.00000       78.54253
   31    1    1     7516.16974     8283.36798     3601.68413        0.42882        6.49184        0.00005        0.02794        1.58908       22.10000        7.89164        0.18688        1.54769        1.99699        0.00103        0.00510        0.04136        6.69023       40.60940        0.00199        0.16912       38.83772        0.86405        1.92444        6.68801       11.31422        0.03207        0.01984        0.00222      300.00000      129.95630
   32    1    1     1708.79567     3084.78240     1240.97749        8.05132      150.60358        0.02770        0.01503        0.63770       22.00000        1.79627        1.09684        0.63773        7.43730        0.01364        0.00659        0.00000        0.49256      150.39659        0.02751        0.01548       21.86486        2.03987        1.00301        0.48765        7.43588        0.01348        0.00187        0.00491      300.00000        0.55808
   33    1    1     1279.41708     2335.21615      713.61846        8.23423      198.11298        0.04794        0.02276        0.59124       20.20000        1.00307        1.14698        0.58758        9.69099        0.02359        0.03564        0.00373        0.55622      198.19848        0.04780        0.02311       20.07218        1.02458        1.18539        0.52740        9.69134        0.02241        0.01170        0.02882      300.00000        0.29863
   34    1    1     2410.91421     1668.06853      762.05938        7.10405      113.95715        0.01586        0.01557        0.27468       18.50000        0.09036        1.45949        0.27507       10.72290        0.02842        0.02610       -0.00038        0.77920      114.97372        0.01611        0.01698       17.56651        0.01649        1.03436        0.77236       10.72245        0.02796        0.01937        0.00685      300.00000        2.58777
   35    1    1     1637.63567     1608.22854      597.18520        7.78211      158.91367        0.03084        0.02009        0.94888        4.30000        0.01992        0.78848        0.94609       16.54990        0.06703        0.00904        0.00280        1.43941      159.10361        0.03085        0.02016        4.12438        0.01542        0.30277        1.43622       16.54929        0.06874        0.00692        0.00319      300.00000        1.36137
   36    1    1     2250.85520    10418.79055     5113.37565        3.51835       72.51345        0.00642        0.04546        1.31851       48.70000        9.43764        0.41831        1.31625       11.43696        0.03204        0.00002        0.00230        1.63384       76.62477        0.00713        0.02902       57.59470        3.88367        5.67667        1.63306       10.36712        0.02643        0.00166        0.00078      300.00000       36.77136
   37    1    1     1338.95993     4718.57666     1766.39717        1.62317       35.70544        0.00156        0.05754        0.68831       51.80000        3.53840        1.06118        0.67338       10.65851        0.02739        0.00087        0.01497        1.19433       38.55596        0.00180        0.26441       61.59568        1.86733        2.04351        1.18359        1.23152        0.00038        0.00348        0.01074      300.00000      128.49718
   38    1    1     2696.81869     1562.84421      585.26081        1.68636       35.75762        0.00156        0.05335        1.00060       16.90000        0.01895        0.76843        0.96613        5.90136        0.00828        0.04476        0.03441        0.37910       59.68523        0.00435        0.01444       22.37958        0.87276        0.58755        0.30278       12.15760        0.03444        0.00329        0.07631      300.00000       55.45812
   39    1    1     2000.61469     2726.58016     1245.43920        6.89525      134.41001        0.02206        0.02434        0.71922        3.50000        1.41705        1.01815        0.71641        5.48129        0.00754        0.01212        0.00276        1.37653      135.44719        0.02236        0.02375        4.63192        0.00692        1.77571        1.36947        5.45577        0.00751        0.00771        0.00706      300.00000        0.40985
   40    1    1     3017.38973     1665.44352      601.32546        0.68010       17.60440        0.00038        0.08145        0.30490       17.00000        0.18542        1.44186        0.29270        7.43484        0.01336        0.02367        0.01219        0.55552       21.62336        0.00057        0.00782       20.34228        0.13052        1.24740        0.55534       18.01471        0.07992        0.02930        0.00018      300.00000      123.85001
   41    1    1     2455.11948     3484.01592     1214.58333        3.13510       51.35699        0.00322        0.02955        0.73393       30.80000        2.15182        1.03196        0.70261       11.90977        0.03650        0.00505        0.03125        1.91753       45.94085        0.00257        0.02507       34.70931        0.99596        1.01185        1.88194       12.29352        0.03898        0.00008        0.03560      300.00000       86.06135
   42    1    1     1819.83072     1587.17978      581.82696        7.49900      147.35631        0.02652        0.02064        1.37824       29.40000        0.10849        0.35894        1.37562        3.50849        0.00309        0.00029        0.00264        1.03300      147.31416        0.02649        0.02003       29.62034        0.17755        0.63578        1.03039        3.45900        0.00293        0.00043        0.00261      300.00000        0.32368
   43    1    1     2134.25436     1742.00224      814.72317        4.39337      100.83769        0.01242        0.05192        1.65558       10.60000        0.00599        0.08957        1.64500       11.27864        0.03080        0.00004        0.01060        0.91862       99.20913        0.01198        0.03978       16.73606        0.01412        0.82053        0.91513       11.87413        0.03541        0.00585        0.00349      300.00000        2.11605
   44    1    1     1850.85526     9660.04199     4564.05118        7.02047      144.47186        0.02549        0.02623        0.76299       12.50000        9.65378        0.97607        0.75849        4.58978        0.00514        0.00322        0.00447        8.14927      144.66135        0.02550        0.02630       12.45010        0.27513        2.96597        8.14717        4.59777        0.00529        0.00548        0.00210      300.00000        1.30548
   45    1    1     3814.96180   594385.09202   227898.06361        2.41403       31.84446        0.00124        0.02001        1.10652       38.70000      574.01057        0.62825        1.10632       10.55572        0.02777        0.00662        0.00026      546.35578       22.48191        0.00062        0.00492       42.04050        0.56170       28.84338      546.35622       11.71650        0.03395        0.00058       -0.00044      300.00000      106.14948
   46    1    1     2013.80491     1588.07246      589.20529        8.13460      126.38349        0.01951        0.00997        1.56654       15.00000        0.20743        0.17434        1.56023       13.13727        0.04200        0.00454        0.00635        1.46810      126.06406        0.01937        0.01004       15.06120        0.06805        0.40643        1.46762       13.13722        0.04246        0.00989        0.00048      300.00000        0.43371
   47    1    1     1800.65701     7702.44874     3456.28329        1.22317       26.29136        0.00084        0.05558        0.96640       22.10000        7.25663        0.76994        0.96463        7.10736        0.01265        0.02592        0.00177        8.12357       13.23305        0.00021        0.03896       32.19150        0.35686        0.54972        8.10672        4.85227        0.00600        0.01262        0.01685      300.00000      149.54990
   48    1    1     2920.60315     2079.74764      875.01944        7.16933       91.09881        0.01014        0.00958        0.40183       19.00000        0.66037        1.35039        0.38417        5.44259        0.00755        0.03857        0.01760        1.85135       91.73782        0.01027        0.00996       18.74706        0.05953        0.48310        1.85181        5.45988        0.00737        0.05685       -0.00046      300.00000        1.10341
   49    1    1     2183.88724     1571.60741      559.38666        1.64138       45.24937        0.00250        0.09032        1.54418       11.00000        0.05839        0.20539        1.52917        8.57408        0.01870        0.00075        0.01495        0.42522       70.34682        0.00604        0.02267       24.92713        0.08201        1.32012        0.41340       15.62683        0.06195        0.00224        0.01183      300.00000       58.55503
   50    1    1     1773.74909     1817.64140      593.75481        1.50079       31.38496        0.00120        0.05221        1.08228       20.80000        0.38504        0.65178        1.08279       13.48285        0.04499        0.00049       -0.00051        1.21388       38.13855        0.00176        0.05693       12.97622        0.20356        0.67641        1.21422       16.19405        0.06478        0.00066       -0.00034      300.00000      114.59194
   51    1    1     5023.07541     5383.94276     2787.84864        2.07241       53.45290        0.00349        0.07776        0.21793       14.30000        4.88811        1.51629        0.21828        2.14735        0.00114        0.00380       -0.00034        2.22710       45.52840        0.00253        0.00459       24.00819        0.58618        3.82264        2.22637       16.05155        0.06334        0.00222        0.00073      300.00000       16.32525
   52    1    1     1207.28328    27840.93437    13124.08005        7.79856      218.29346        0.05820        0.03750        0.47469       11.80000       29.01058        1.26007        0.47450       11.35228        0.03174        0.03820        0.00020        0.81393      218.09662        0.05809        0.03788       11.55796        2.60723       27.33469        0.80291       11.35186        0.03267        0.02650        0.01102      300.00000        0.13197
   53    1    1     1382.98517     4965.79961     1707.61518        2.15379       57.49725        0.00404        0.08300        0.56532       28.90000        3.75492        1.19971        0.53486       11.17649        0.03213        0.00135        0.03048        3.59705       74.11059        0.00668        0.12343       41.00480        1.38364        0.50505        3.56686        9.53641        0.02168        0.00293        0.03019      300.00000       89.71883
   54    1    1     1173.44920     3305.60187     1036.51089        8.75753      195.30891        0.04659        0.01416        0.45871       31.30000        1.97894        1.29108        0.44349       15.59512        0.05863        0.00003        0.01527        2.74960      195.35645        0.04657        0.01436       31.22310        0.62166        0.34160        2.75000       15.59481        0.06011        0.01424       -0.00040      300.00000        0.24661
   55    1    1     4004.92071     5764.41903     2694.24364        3.38812       28.46370        0.00099        0.00763        1.04111       20.80000        4.98062        0.69340        1.04116       12.99731        0.04166        0.00329       -0.00004        3.33356       30.02790        0.00110        0.01992       28.77965        0.21500        3.17974        3.33051        8.75565        0.01924        0.00012        0.00305      300.00000       66.24184
   56    1    1     1925.08095     2139.31093      624.21001        0.26265        5.70161        0.00004        0.05751        1.71534       24.20000        0.65594        0.03157        1.70299        2.32977        0.00131        0.00172        0.01239        1.69533        6.67687        0.00005        0.03242       29.62036        0.69990        0.02303        1.68103        7.25797        0.01271        0.00000        0.01430      300.00000      167.73830
   57    1    1     2074.55098     2421.79774     1143.56614        5.32943      119.86933        0.01755        0.04424        0.08794       12.20000        0.81823        1.64747        0.08710       12.34436        0.03806        0.01626        0.00079        0.69463      123.57005        0.01861        0.04559        9.96506        0.09607        1.77652        0.67776       12.34580        0.03669        0.00165        0.01687      300.00000        6.71627
   58    1    1     2060.73980     6941.22162     3126.98729        6.06451      134.88662        0.02222        0.03820        0.42351       27.00000        6.10776        1.31289        0.42168        6.03421        0.00893        0.00000        0.00187        1.10569      131.87445        0.02114        0.03558       28.09557        2.00789        4.73308        1.10489        6.05924        0.00917        0.00093        0.00081      300.00000        8.40116
   59    1    1     2016.71248     1974.21120      681.44389        6.25319      131.08767        0.02099        0.03269        1.49462       17.20000        0.62163        0.23943        1.49513        6.78995        0.01141        0.00134       -0.00043        0.34293      134.05599        0.02195        0.03525       15.12419        0.68439        1.32494        0.34344        6.75236        0.01131        0.00133       -0.00051      300.00000        3.14977
   60    1    1     2175.50436    19360.66519     8117.85607        3.74193       98.61559        0.01188        0.07295        0.73836        7.00000       20.06442        0.99928        0.73529        6.05205        0.00896        0.00486        0.00304        9.99791       91.73893        0.01027        0.03727       26.42020        0.25533       11.58788        9.99456        5.35792        0.00702        0.00503        0.00335      300.00000       18.48936
   61    1    1     2002.70128     3921.55652     1022.96905        7.31727      134.52778        0.02210        0.01918        1.05504       35.50000        2.73127        0.68745        1.04711        2.14814        0.00117        0.04076        0.00792        2.10590      134.99971        0.02221        0.01903       35.51041        1.61330        0.78825        2.06433        2.16158        0.00111        0.00717        0.04157      300.00000        0.40407
   62    1    1     6051.78115     1545.25642      665.84360        1.15432        9.86324        0.00012        0.00880        0.84438       26.10000        0.04861        0.88979        0.84478        8.28743        0.01697        0.00292       -0.00041        0.97909       14.38257        0.00025        0.00484       30.58758        0.10357        0.70953        0.97960        6.98421        0.01211        0.00220       -0.00051      300.00000       96.44298
   63    1    1     2158.26395     1892.61192      594.59283        5.16159      125.26366        0.01916        0.05277        1.00021        8.70000        0.40818        0.73571        0.99885       11.89443        0.03538        0.05933        0.00130        0.64961      117.49264        0.01676        0.04368       17.29623        0.33656        1.16977        0.64798       11.90199        0.03545        0.05890        0.00163      300.00000       22.01874
   64    1    1     2818.37839     4269.04293     2110.91392        8.07804       90.91963        0.01010        0.00538        0.38451       37.60000        2.86582        1.35396        0.38060       12.21777        0.03645        0.00600        0.00386        3.89951       91.17098        0.01014        0.00536       37.58872        0.15274        0.54776        3.89982       12.21741        0.03687        0.00983       -0.00031      300.00000        0.06015
   65    1    1     2979.71798     1653.71987      795.82990        3.26449       36.58014        0.00163        0.01370        0.09196       13.50000        0.05404        1.64239        0.09218       10.21277        0.02593        0.01172       -0.00025        1.22941       43.05542        0.00225        0.01918       12.36184        0.00767        0.55211        1.22717        9.39122        0.02210        0.00867        0.00224      300.00000       79.98436
   66    1    1     2446.83973     1719.65242      774.45001        4.93889      124.74838        0.01901        0.05891        1.46691       19.60000        0.06104        0.26731        1.46725        4.98936        0.00618        0.05442       -0.00039        0.23224      122.75228        0.01837        0.05155       22.39324        0.66337        0.91143        0.22709        5.66402        0.00782        0.04901        0.00515      300.00000       64.92839
   67    1    1     2809.38904     3128.50079      919.46681        1.62370       18.76347        0.00043        0.01588        1.11041       38.40000        1.92955        0.64184        1.09273        3.50413        0.00295        0.03708        0.01768        1.35395       26.20507        0.00084        0.02434       35.03171        1.68794        0.61170        1.35441        4.23971        0.00445        0.05491       -0.00046      300.00000      114.29708
   68    1    1     8759.28507     1715.53978      650.80889        3.71722       83.33008        0.00848        0.05290        0.99058       13.90000        0.25010        0.74638        0.98819        9.62984        0.02271        0.00000        0.00247        0.92398       40.62478        0.00202        0.00693       39.28523        0.18829        0.94256        0.92424        4.37114        0.00472        0.00266       -0.00026      300.00000       50.26526
   69    1    1     3952.33978     1469.55655      558.00023        5.14655       60.68812        0.00450        0.01248        1.57728       12.90000        0.07262        0.16493        1.56964        7.35174        0.01365        0.01313        0.00766        1.20855       55.66476        0.00378        0.01409        7.91610        0.05595        0.54125        1.20561        8.31624        0.01735        0.01762        0.00294      300.00000       29.95738
   70    1    1     1203.60682     2007.42035      678.01041        0.58482       19.94465        0.00049        0.14156        1.01177        5.90000        0.32313        0.73120        1.00336        7.56487        0.01447        0.11544        0.00842        1.07214        7.21473        0.00006        0.13824       20.52957        0.08642        0.90308        1.07179        5.31517        0.00704        0.13107        0.00035      300.00000      169.83614
   71    1    1     1759.67814     1635.20523      590.03160        6.35150      151.15961        0.02791        0.04127        0.41538       14.80000        0.06371        1.32604        0.40853       10.29102        0.02575        0.05144        0.00693        1.34269      151.72423        0.02805        0.04021       15.38702        0.03625        0.42232        1.34061       10.29276        0.02596        0.05600        0.00208      300.00000        0.86592
   72    1    1     1785.35755     4336.60563     1861.30151        7.43330      149.12537        0.02716        0.02200        0.45369        3.80000        3.64514        1.28063        0.45393        7.46834        0.01387        0.01467       -0.00033        3.44580      149.94944        0.02741        0.02180        3.88069        0.02118        1.91329        3.44526        7.46861        0.01372        0.01395        0.00054      300.00000        0.50687
   73    1    1     1617.26339     1591.86221      653.25254        7.12195      166.81897        0.03399        0.03302        1.12942       10.00000        0.03016        0.60917        1.12539        8.78983        0.01887        0.00023        0.00394        0.14960      166.59282        0.03367        0.03278       10.58300        0.20084        1.41439        0.15012        8.78847        0.01915        0.00444       -0.00052      300.00000        0.50163
   74    1    1     1480.39792    28736.58082    12504.60018        2.06030       61.62734        0.00464        0.10464        0.44673       37.70000       29.68081        1.28757        0.44699        6.54571        0.01058        0.00003       -0.00025       25.27013       85.42080        0.00888        0.08104       38.98719        0.14996        6.00207       25.27062        9.58681        0.02281        0.00007       -0.00049      300.00000       69.38594
   75    1    1     2758.73876     1476.46649      619.48930        2.99218       63.14560        0.00487        0.04952        0.95325       17.60000        0.02732        0.78077        0.95380        5.00748        0.00621        0.03032       -0.00055        1.62223       77.27138        0.00726        0.02730       24.05685        0.04262        0.12992        1.59956        7.91318        0.01602        0.00692        0.02266      300.00000       11.63291
   76    1    1     1987.25762     1600.76355      559.49669        8.10972      128.59014        0.02020        0.01051        1.21530       33.10000        0.16974        0.52226        1.21230        9.94879        0.02484        0.00019        0.00297        1.26259      128.50176        0.02014        0.01050       33.09823        0.23835        0.40516        1.26080        9.95344        0.02429        0.00201        0.00179      300.00000        0.09452
   77    1    1     1798.08856   830029.51156  2529588.75207        2.40300       32.92197        0.00132        0.02160        1.46469       14.90000        0.08316        0.27332        1.46124       11.55077        0.03351        0.00165        0.00351     -399.86460     8841.44472       95.38646        7.73658      749.51787      207.82774       38.36036      149.61371     8169.36305       51.36967        0.80731     -549.47831      300.00000       41.58716
   78    1    1     2146.70159    11456.53610     5371.13113        2.89940       42.50655        0.00221        0.02404        0.68024       31.40000       11.17501        1.05692        0.67765       12.31709        0.03805        0.01915     -559.37464       11.42759       73.30440        0.00655        0.05030       17.03829        0.10319        1.35604       11.42118       12.48680        0.03794        0.01400        0.00641      300.00000       73.21444
   79    1    1     5176.68774     2212.56019      924.80608        2.04800       38.52058        0.00181        0.04140        0.72605       17.80000        0.81252        1.01599        0.71858       11.81361        0.03391        0.00312        0.00744        0.18702        9.27514        0.00010        0.02404       30.26961        2.07853        0.33934        0.18154        2.19176        0.00121        0.00456        0.00549      300.00000       44.31761
   80    1    1     2730.84225     2829.10901     1284.84012        4.01726       56.35705        0.00388        0.02016        0.38482       20.40000        1.39760        1.39485        0.33971        8.52836        0.01885        0.00045        0.04518        0.60368       42.19410        0.00217        0.03351       26.16831        1.46109        1.08843        0.55680       11.43002        0.03085        0.00087        0.04688      300.00000       44.61780
   81    1    1     1494.73998     1675.41525      614.01731        1.55996       45.34139        0.00251        0.10067        0.65800       28.10000        0.13859        1.07909        0.65547        4.67711        0.00548        0.00001        0.00251        1.15096       54.61477        0.00364        0.07948       31.26110        0.07728        0.65760        1.14859        7.77461        0.01480        0.00058        0.00237      300.00000      100.57624
   82    1    1     1542.91778     2881.35842     1039.55302        2.01105       70.24658        0.00603        0.14299        0.45344       28.50000        1.27388        1.28103        0.45353       12.82903        0.04097        0.10093       -0.00008        2.14925       50.28942        0.00308        0.04781       36.62979        0.20357        0.77186        2.06940       20.34999        0.09636        0.02734        0.07984      300.00000      101.85491
   83    1    1     2049.40970     1714.12873      557.86585        5.17677      132.28041        0.02137        0.05837        0.76250       13.20000        0.24388        0.98273        0.75184        6.93314        0.01218        0.00147        0.01068        0.93630      131.42285        0.02104        0.06422       12.88489        0.18996        0.85217        0.93624        5.12296        0.00654        0.01227        0.00006      300.00000       36.27811
   84    1    1     1960.92468     1718.44244      764.81578        1.80587       32.05688        0.00126        0.03723        1.23133       24.10000        0.06018        0.52895        1.20562        7.70225        0.01419        0.00313        0.02569        1.05691       44.49136        0.00239        0.06773       22.86039        0.38858        0.29965        1.04654       13.25790        0.04453        0.01648        0.01037      300.00000      110.49463
   85    1    1      955.31775     6714.13071     3339.05641        8.87265      231.20441        0.06529        0.01764        0.01950       20.80000        6.30253        1.71464        0.01993        6.68285        0.01104        0.02028       -0.00045        6.68521      231.34729        0.06517        0.01794       20.68145        0.08179        1.27198        6.68307        6.68417        0.01095        0.01788        0.00215      300.00000        0.15568
   86    1    1     2139.99102     1688.28275      725.06023        0.13659        3.23543        0.00001        0.06852        1.44753        7.40000        0.01268        0.35957        1.37500        8.98058        0.01882        0.01260        0.07264        1.33337       18.14528        0.00040        0.02058       28.81802        0.05753        0.41566        1.30991       11.02686        0.03113        0.06107        0.02347      300.00000      154.75257
   87    1    1     1886.29174     1543.89136      629.42875        0.90598       20.93955        0.00054        0.06471        1.36251       24.60000        0.03382        0.37149        1.36308        7.85646        0.01528        0.00003       -0.00053        0.89161       42.24488        0.00218        0.03918       35.17500        0.08039        0.82637        0.89205        5.87943        0.00858        0.00004       -0.00043      300.00000      119.48809
   88    1    1     1939.70188    14570.12585     6918.94898        7.72842      136.88433        0.02288        0.01543        0.18888       35.10000       14.62027        1.54662        0.18794       14.11539        0.04978        0.00114        0.00096        5.38077      136.34721        0.02270        0.01562       35.08347        0.49649       10.47702        5.38127       14.11566        0.04941        0.00299       -0.00049      300.00000        0.23081
   89    1    1     2757.98236     8244.63901     3549.68677        1.47997       31.08126        0.00118        0.05269        1.12316       20.80000        7.92304        0.61583        1.11873       12.81375        0.04006        0.01091        0.00443        7.05582       41.04154        0.00205        0.00994       30.06417        0.04043        2.61932        7.05481       10.40392        0.02659        0.01269        0.00102      300.00000       84.34339
   90    1    1     5709.35084     9266.84452     4082.16578        0.47388        4.82594        0.00003        0.01264        0.16038       17.00000        9.24302        1.58414        0.15042        3.54551        0.00318        0.00026        0.01003        9.80730        6.67837        0.00005        0.01136       22.72033        0.03275        1.13354        9.80701        2.29892        0.00130        0.01736        0.00030      300.00000      138.65804
   91    1    1     1105.54409     7411.76316     3629.36400        8.04501      232.94539        0.06627        0.03612        0.63663       12.80000        6.73019        1.09765        0.63691        6.31159        0.00984        0.00430       -0.00036        4.61878      232.87425        0.06605        0.03629       12.85233        0.18282        3.66547        4.61653        6.31123        0.00976        0.00184        0.00225      300.00000        0.20114
   92    1    1     5360.89823     1718.60455      889.72018        1.01146        9.01594        0.00010        0.00960        0.58519       15.80000        0.14144        1.16070        0.57387        2.69276        0.00184        0.00932        0.01129        0.25914        0.91401        0.00000        0.01757       18.26396        0.73646        0.86333        0.25648        7.18639        0.01264        0.01906        0.00266      300.00000      132.43896
   93    1    1     5611.95889     1581.24504      633.28013        4.76899       54.82551        0.00367        0.01247        0.50652       12.40000        0.11967        1.22970        0.50486        4.62803        0.00536        0.00108        0.00170        1.06967       60.78803        0.00451        0.00785       11.60513        0.07413        0.71086        1.06815        6.47178        0.01028        0.00117        0.00153      300.00000       84.58558
   94    1    1     1080.93848     2258.53725      535.78481        8.06620      238.40037        0.06941        0.03727        1.47481       20.30000        0.77328        0.26706        1.46751        7.79323        0.01476        0.00628        0.00733        1.36950      238.73263        0.06932        0.03759       20.20380        0.62862        0.51041        1.36859        7.79342        0.01492        0.01250        0.00092      300.00000        0.08337
   95    1    1     1795.56619     2810.99869     1136.17227        5.00082      129.99351        0.02064        0.06189        1.43153        7.90000        1.55710        0.30627        1.42829       10.20939        0.02617        0.00704        0.00325        0.12984      127.63956        0.01987        0.06965        8.86968        1.30349        1.86459        0.12555        8.19302        0.01638        0.00682        0.00429      300.00000        4.99027
   96    1    1     1421.52319     1832.60957      569.52885        4.79109      168.80930        0.03480        0.11682        1.21300       26.70000        0.15959        0.52172        1.21284       13.95926        0.04855        0.00023        0.00020        1.11769      163.04020        0.03238        0.12335       25.35416        0.08555        0.68781        1.11705       13.89634        0.04750        0.00042        0.00064      300.00000       14.55896
   97    1    1     1388.58455     1717.48024      650.74305        3.94725      116.68804        0.01663        0.09010        0.88314       16.90000        0.07554        0.88087        0.85369       12.60147        0.03788        0.01187        0.02949        0.88629      148.48068        0.02681        0.10353       21.40866        0.12951        0.84346        0.84727        4.59477        0.00501        0.00144        0.03902      300.00000       25.64922
   98    1    1     3318.94965     2169.97247      978.34019        1.07924       14.65443        0.00026        0.02226        0.65242        7.80000        0.75261        1.08281        0.65175        6.90286        0.01172        0.00237        0.00063        1.88056       37.27034        0.00170        0.00624       14.21306        0.01061        0.60221        1.87908        9.29026        0.02159        0.00158        0.00147      300.00000       97.99889
   99    1    1     1950.77620     5090.27100     2438.82368        4.37945      114.10901        0.01590        0.06701        0.04778        8.20000        4.03472        1.68841        0.04615        5.12275        0.00657        0.00000        0.00167        2.98586      106.61455        0.01385        0.05459       17.49799        0.14136        2.65395        2.98586        6.06241        0.00915        0.00163       -0.00000      300.00000       11.66111
  100    1    1     4399.00748     6961.55886     3112.38426        1.10592       18.42172        0.00041        0.03347        0.63051       14.50000        6.59632        1.10430        0.63027       14.66401        0.05295        0.00015        0.00022        5.91909       24.92864        0.00076        0.02314       34.84164        0.74754        1.71672        5.91891        6.43145        0.01031        0.00054        0.00018      300.00000       78.96369
