    1    1    1     2602.14157     6244.88065     2729.20789        6.22135      106.09942        0.01375        0.02177        1.35626       26.60000        5.72009        0.38545        1.34911       11.18388        0.03158        0.00006   -33197.37667        1.67766      104.59090        0.01335        0.02008       27.35852        0.78454        4.99494        1.67721       11.18881        0.03081        0.00760        0.00045      300.00000        6.99647
    2    1    1     2410.75856     1998.84383      888.54922        4.80910      107.16104        0.01403        0.04662        1.66841        9.30000        0.71102        0.06579        1.66877        7.36492        0.01340        0.00032       -0.00036        0.80437      103.24998        0.01300        0.05359       13.83085        0.64146        1.00314        0.80491        3.84525        0.00366        0.00039       -0.00054      300.00000       48.77838
    3    1    1     1094.46523     1590.04410      740.03002        8.70648      210.39977        0.05407        0.01726        1.58347        7.50000        0.01007        0.15141        1.58316        1.08169        0.00029        0.00043        0.00021        0.66511      210.34906        0.05383        0.01741        7.65168        0.01501        1.06525        0.66448        1.06619        0.00028        0.00008        0.00063      300.00000        0.42836
    4    1    1     2101.24011     1622.81423      649.46692        3.60506       48.59867        0.00288        0.01931        0.52587       31.00000        0.16197        1.21309        0.52147        5.87599        0.00868        0.00003        0.00439        1.23569       41.27838        0.00208        0.05947       15.35669        0.02323        0.60738        1.23191        3.76595        0.00346        0.00055        0.00378      300.00000       97.68906
    5    1    1     2684.26546    29877.68408    13982.74172        3.67772       56.59687        0.00391        0.02501        1.58215       42.10000       31.51381        0.15820        1.57636        8.81914        0.01960        0.00146        0.00574        9.63425       53.98036        0.00355        0.02276       41.21927        0.19891       23.42756        9.62182        8.41799        0.01713        0.00001        0.01244      300.00000       44.21301
    6    1    1     5753.92697    13854.25176     6077.93748        1.06737       16.57119        0.00034        0.02910        1.29505       38.60000       14.29603        0.44115        1.29341       13.84019        0.04794        0.00068        0.00170       14.09866       13.97539        0.00024        0.01779       46.93001        0.44466        1.53477       14.08931        7.23297        0.01324        0.00092        0.00935      300.00000       93.69436
    7    1    1     1907.63556     3755.55967     1590.54745        8.02125      133.39550        0.02173        0.01205        0.86799       12.80000        2.91201        0.86641        0.86816       11.26319        0.03155        0.00096       -0.00025        3.41198      133.24104        0.02161        0.01189       13.07266        0.06665        1.16928        3.41101       11.26357        0.03117        0.00013        0.00097      300.00000        1.48176
    8    1    1     2312.16750     1407.53748      621.13112        8.11656      108.62046        0.01441        0.00746        0.93641        8.90000        0.10245        0.80731        0.92726        2.68330        0.00182        0.00894        0.00909        0.77955      108.91827        0.01448        0.00718        9.21102        0.10511        0.95492        0.77728        2.67470        0.00179        0.01577        0.00227      300.00000        1.13851
    9    1    1     1789.56795     2211.85898      960.58026        1.83811       43.22997        0.00228        0.06527        1.19129       17.50000        0.72672        0.55602        1.17855        9.32497        0.02208        0.00063        0.01270        0.35869       63.27739        0.00488        0.02942       17.20553        0.24647        1.86247        0.35654       14.41922        0.05093        0.01142        0.00215      300.00000       96.32719
   10    1    1     2570.43140     1478.17821      597.10893        2.88307       39.08762        0.00187        0.02058        1.07861       19.10000        0.03438        0.68923        1.04533        8.29227        0.01771        0.00455        0.03315        0.83763       47.05561        0.00270        0.03502       14.41923        0.06720        0.84314        0.83769        9.28115        0.02124        0.04001       -0.00007      300.00000       76.48616
   11    1    1     1816.60708   130245.23908    54620.58457        3.43638       80.62754        0.00794        0.05930        0.70990       42.30000      131.78456        1.12659        0.60797        9.05201        0.01891        0.00009        0.10188       96.07110       65.89078        0.00529        0.04165       36.02864        0.23927       37.23408       96.06434        8.71781        0.01848        0.09744        0.00675      300.00000       64.54559
   12    1    1     2623.77022     9636.10448     4174.29080        5.29558      107.92121        0.01422        0.03650        0.49892       28.10000        9.38573        1.23557        0.49900        6.09207        0.00924        0.00432       -0.00009        5.48913      104.41757        0.01332        0.02960       28.71100        0.23084        5.40606        5.48483        7.92197        0.01532        0.00023        0.00430      300.00000       27.26364
   13    1    1     2336.01507     1458.27112      667.13089        3.07701       43.53155        0.00231        0.02213        0.35005       20.30000        0.04673        1.39750        0.33706        6.68348        0.01079        0.00382        0.01311        1.25834       36.04495        0.00158        0.02251       23.08061        0.14952        0.38299        1.25037        6.23560        0.00944        0.00896        0.00798      300.00000      103.08021
   14    1    1     1563.42474     5704.83544     2416.66289        3.39904       86.60589        0.00916        0.07013        0.49860       47.80000        4.41588        1.24376        0.49080       21.71392        0.11452        0.15963        0.00776        5.48646       71.89385        0.00630        0.08363       35.04199        0.44498        0.31134        5.32174       27.71889        0.17377        0.00520        0.16472      300.00000       72.60935
   15    1    1     3245.68850     3275.29865     1252.32323        5.75227       92.42261        0.01043        0.02110        0.99215       18.50000        2.23339        0.74582        0.98874        5.75449        0.00832        0.00235        0.00340        1.72823       84.89697        0.00879        0.01873       20.56124        0.47980        1.76801        1.72419        5.70679        0.00795        0.00204        0.00404      300.00000       22.86725
   16    1    1     1821.40004     5354.56288     2463.28590        3.60511       79.98559        0.00781        0.05231        0.79024       21.70000        4.41857        0.98089        0.75368        2.54249        0.00154        0.03180        0.03664        3.11318       82.91536        0.00839        0.07062       25.81128        0.37042        2.70400        3.04532        7.78185        0.01585        0.00066        0.06787      300.00000       45.36285
   17    1    1     2016.74594     6453.60307     3188.50256        6.54368      135.05813        0.02228        0.02975        0.02588       16.30000        6.22243        1.70847        0.02610        3.25031        0.00263        0.01577       -0.00025        6.37519      136.24295        0.02266        0.02797       17.12293        0.06413        1.51882        6.37543        3.28204        0.00268        0.01573       -0.00024      300.00000        3.13769
   18    1    1     2206.36370     1707.13279      771.62389        3.21281       47.86696        0.00280        0.02431        0.97217       29.50000        0.05884        0.76186        0.97271       11.92926        0.03525        0.00610       -0.00054        0.75220       47.33171        0.00272        0.06793       18.96363        0.89202        0.10636        0.74614       12.82177        0.04002        0.00008        0.00606      300.00000       86.61465
   19    1    1     3877.21071     2121.32961      847.17309        1.78426       11.68108        0.00017        0.00507        0.19658       22.70000        0.65030        1.55314        0.18142       15.26040        0.05614        0.00009        0.01520        0.62857       22.45123        0.00062        0.01375       25.64931        0.28136        1.49573        0.61719       12.73611        0.04114        0.00033        0.01137      300.00000      151.94443
   20    1    1      943.58595    58397.13227    24564.08637        7.54765      283.00451        0.09782        0.07389        0.64206        9.30000       59.28064        1.11050        0.62406        4.69926        0.00531        0.00453        0.01800       36.63530      282.72258        0.09757        0.07423        9.24079        0.03348       24.34750       36.63405        4.69661        0.00551        0.02113        0.00125      300.00000        0.06488
   21    1    1     2259.16438     1573.63770      562.24095        6.67751      118.07604        0.01703        0.02116        1.07700        8.20000        0.19063        0.67926        1.05531        1.63713        0.00069        0.00087        0.02171        0.76150      119.46784        0.01742        0.02154        7.20461        0.25370        0.92903        0.74168        1.66693        0.00067        0.00277        0.01982      300.00000        0.65984
   22    1    1     2303.53025     1478.54129      682.71140        2.69610       51.56978        0.00325        0.04144        1.16196        0.40000        0.00096        0.57629        1.15827        9.80460        0.02415        0.01215        0.00373        0.14147       67.51724        0.00555        0.03016       23.30864        0.04750        1.57186        0.13994        5.90407        0.00872        0.01494        0.00152      300.00000       49.49876
   23    1    1     4784.08059     3240.66380     1576.24312        5.45824       74.90521        0.00685        0.01615        0.20322       17.50000        2.33008        1.53710        0.19746       10.97668        0.02934        0.00104        0.00569        0.37275       59.47170        0.00432        0.00847       29.82373        0.05269        3.66773        0.37257        6.85710        0.01158        0.00627        0.00018      300.00000       95.92953
   24    1    1     1446.05156     2277.48264      986.79220        0.09562        2.53878        0.00001        0.08608        0.79168        7.80000        0.68495        0.94298        0.79158       15.27397        0.05749        0.00952        0.00011        1.08057       23.83431        0.00069        0.08611       18.11375        0.10567        1.25834        1.08104       11.23474        0.03124        0.01010       -0.00047      300.00000      155.88448
   25    1    1     2129.02133     2238.11135      865.00983        0.45307        9.89110        0.00012        0.05809        0.57308       20.60000        0.75570        1.16110        0.57346        1.69282        0.00071        0.00583       -0.00034        0.32885       22.31837        0.00061        0.02394       37.25646        1.61408        0.58072        0.32927        1.60337        0.00064        0.00580       -0.00042      300.00000      146.52570
   26    1    1     2101.13919     1746.79713      626.65325        2.95647       62.77651        0.00481        0.05025        0.47078       21.00000        0.38765        1.26346        0.47110        4.83477        0.00581        0.00008       -0.00032        0.96128       61.78217        0.00466        0.04377       10.14212        0.13055        1.01839        0.96158        9.87193        0.02407        0.00014       -0.00030      300.00000       46.69463
   27    1    1     4718.90870     1458.34703      624.58244        4.72189       51.97719        0.00330        0.01150        0.94825        3.10000        0.00314        0.79171        0.94285        1.00978        0.00026        0.00531        0.00537        1.17805       48.71248        0.00290        0.00776        3.86162        0.04412        0.52679        1.16723        3.97965        0.00383        0.00003        0.01082      300.00000       22.59769
   28    1    1     1507.39135     6341.29619     2525.07657        0.98073       20.17341        0.00050        0.05118        0.53448       39.30000        5.40129        1.26724        0.46732        4.72763        0.00523        0.01704        0.06721        2.73444       47.04278        0.00267        0.11995       45.23665        2.33948        1.99975        2.65045       18.58278        0.08022        0.00045        0.08399      300.00000      133.76554
   29    1    1     1711.66701     5262.16470     2412.13042        2.82258       56.40603        0.00389        0.04489        0.90119       19.50000        4.47039        0.83859        0.89597       18.80587        0.08619        0.02261        0.00520        3.84511       70.01597        0.00598        0.07601       19.83725        0.16755        2.23483        3.83034       12.26421        0.03826        0.00001        0.01477      300.00000       82.05202
   30    1    1     1571.67229     1721.46473      538.65891        7.84196      167.94598        0.03445        0.02157        0.99791        9.30000        0.25938        0.76081        0.97376        5.86888        0.00825        0.06515        0.02422        1.36785      167.89697        0.03439        0.02166        9.25622        0.24887        0.46165        1.28338        5.86955        0.00907        0.00402        0.08447      300.00000        0.57711
   31    1    1     2612.15835     1702.05496      745.81139        8.33592       96.82353        0.01145        0.00503        1.26316       10.80000        0.02001        0.47190        1.26267       20.50871        0.10351        0.00019        0.00042        1.07824       96.89980        0.01145        0.00512       10.72163        0.01911        0.65734        1.07804       20.50821        0.10361        0.00036        0.00020      300.00000        1.29310
   32    1    1     1319.99022     4060.70952     1668.98866        5.27034      192.63334        0.04532        0.11784        0.38782       21.70000        2.82305        1.35438        0.38019       13.02170        0.04283        0.00764        0.00767        0.84560      191.80747        0.04472        0.12301       21.83652        1.39059        2.32136        0.84617       12.19584        0.03686        0.01673       -0.00057      300.00000       12.13653
   33    1    1     3023.64904     1557.03860      492.63964        3.33558       34.64609        0.00147        0.01171        0.92783       21.60000        0.20563        0.80768        0.92688        4.41103        0.00478        0.00007        0.00096        1.40852       12.08621        0.00018        0.02772       15.68206        0.34210        0.17808        1.40866        2.33723        0.00136        0.00122       -0.00013      300.00000      107.75550
   34    1    1     1338.20767     1631.29639      643.15149        6.40110      200.57142        0.04913        0.07078        1.47300       11.60000        0.02792        0.29131        1.44325       14.56522        0.05059        0.01319        0.02973        0.94318      199.20330        0.04836        0.07260       10.70833        0.02226        0.80788        0.93135       14.54839        0.05119        0.03048        0.01182      300.00000        1.56867
   35    1    1     1755.95894     5477.10725     2760.96039        8.77709      128.54636        0.02018        0.00602        0.61252       12.40000        4.38819        1.12211        0.61245       11.24605        0.03118        0.00052        0.00006        0.65414      128.60894        0.02019        0.00585       12.60018        2.86519        2.60361        0.65420       11.24595        0.03118        0.00055       -0.00007      300.00000        0.11612
   36    1    1     1846.29638     1845.69988      867.26829        8.47837      130.27156        0.02073        0.00811        0.33069       12.00000        0.34616        1.40556        0.32900        9.91645        0.02412        0.00576        0.00163        0.96463      130.23934        0.02066        0.00831       11.85201        0.07769        1.04466        0.95820        9.91633        0.02480        0.00037        0.00643      300.00000        0.94067
   37    1    1     2841.98032     1622.07968      728.24771        2.47995       31.38379        0.00120        0.01836        1.49479       18.00000        0.05905        0.27082        1.46374        7.88881        0.01601        0.00696        0.03109        0.97538       49.65609        0.00300        0.02582       29.90697        0.38739        0.45382        0.95123        5.14335        0.00633        0.01545        0.02415      300.00000       70.70965
   38    1    1     4070.25874     2027.33405      725.61212        1.58085       37.98715        0.00176        0.06876        0.57013       31.40000        0.38099        1.16872        0.56585       18.09756        0.07993        0.00249        0.00430        0.37652       17.70022        0.00038        0.00255       44.84821        1.18999        0.60299        0.37699       19.57080        0.09473        0.00561       -0.00047      300.00000      121.58519
   39    1    1     1734.79869     4709.29173     1676.27711        5.53747      145.54277        0.02587        0.05850        1.11181       35.50000        3.53358        0.62931        1.10526       10.50500        0.02685        0.00000        0.00653        2.93340      147.07200        0.02627        0.06065       35.05516        0.90213        1.43645        2.92786       10.35384        0.02701        0.00002        0.00553      300.00000        3.85696
   40    1    1     2033.65982     1377.24860      688.28633        0.12454        1.98129        0.00000        0.03091        0.50484        2.00000        0.00155        1.23523        0.49934        2.41374        0.00142        0.01279        0.00552        1.28195        9.50127        0.00011        0.03105        3.43455        0.02760        0.42715        1.28111        1.23789        0.00038        0.01851        0.00083      300.00000      168.68546
   41    1    1     4712.80398     4702.61585     1879.60556        8.24544       53.14918        0.00345        0.00162        1.58345       15.00000        4.17319        0.17434        1.56023        1.76514        0.00080        0.00063        0.02322        1.72132       53.57703        0.00350        0.00161       15.01272        0.98903        3.19697        1.72177        1.71361        0.00073        0.02434       -0.00045      300.00000        1.03087
   42    1    1     2258.69984     1620.29388      652.74209        6.29747      121.84871        0.01813        0.02759        1.30569        5.00000        0.22913        0.43292        1.30165        9.65097        0.02274        0.00024        0.00404        1.17537      124.07382        0.01875        0.02638        6.02074        0.21391        0.57817        1.17222        9.65927        0.02342        0.00046        0.00315      300.00000        7.95031
   43    1    1     2241.81864   358758.19954   140234.13431        6.78319      121.09102        0.01791        0.02101        0.01644       35.60000      353.12733        1.71826        0.01631        8.47551        0.01790        0.01129        0.00008       94.89052      121.17708        0.01793        0.02081       35.76949        0.06926      259.91445       94.87856        8.47082        0.01735        0.00000        0.01196      300.00000        1.49352
   44    1    1     1460.27273     3420.32976     1392.26400        2.06081       49.24925        0.00296        0.06679        0.78753        3.60000        2.01670        0.98089        0.75368        6.70816        0.01160        0.01689        0.03387        1.94254       60.62385        0.00445        0.11759       24.50868        0.42843        1.36132        1.89475        9.57576        0.02380        0.00521        0.04779      300.00000      100.87603
   45    1    1     1977.87459     2289.92543      849.78857        1.08263       25.99112        0.00083        0.06957        0.44892        8.80000        0.92566        1.28977        0.44480        9.05764        0.02003        0.00053        0.00410        1.13535       16.35242        0.00033        0.02962       31.01972        0.74728        0.81436        1.13502       10.12214        0.02554        0.00280        0.00033      300.00000      153.82413
   46    1    1     3661.25687     1574.98610      653.68109        5.44349       67.00483        0.00548        0.01302        0.85975       16.00000        0.10638        0.87426        0.86031       10.15618        0.02556        0.00760       -0.00052        1.29649       72.86140        0.00648        0.01568       15.68682        0.08715        0.45633        1.29682        9.48939        0.02238        0.00754       -0.00033      300.00000       15.35176
   47    1    1     2937.79503     4012.73171     1667.19486        2.85482       37.85560        0.00175        0.01972        0.50145        8.20000        3.20243        1.23557        0.49900        6.41355        0.01007        0.00863        0.00248        2.49498       38.48764        0.00180        0.01479        8.86874        0.08319        2.35879        2.49484        7.87444        0.01545        0.01063        0.00014      300.00000       78.72319
   48    1    1     3492.81747     9261.13337     4094.97676        5.44495       98.96575        0.01196        0.02839        0.55589       18.40000        9.03465        1.18586        0.54871       18.38291        0.08531        0.00013        0.00715        1.67736       95.60336        0.01116        0.02524       21.10330        2.18016        6.91712        1.67477       18.27723        0.08377        0.00738        0.00259      300.00000       88.96472
   49    1    1     2380.02823     4839.58389     2340.76297        7.40324      112.87154        0.01556        0.01283        0.11554       30.70000        3.74312        1.61870        0.11587       10.50668        0.02728        0.00173       -0.00042        2.96082      113.32353        0.01567        0.01317       30.60304        0.25660        2.25942        2.96134       10.50896        0.02741        0.00168       -0.00052      300.00000        0.47362
   50    1    1     2279.84509    99296.76823    42070.66557        6.63654      119.58437        0.01747        0.02219        0.13323       36.30000      101.62440        1.60588        0.12868       14.67002        0.05414        0.00205        0.00446       76.23798      119.45585        0.01739        0.02158       36.36952        0.31995       26.80608       76.23352       14.68075        0.05421        0.00211        0.00446      300.00000        2.16677
   51    1    1     1537.71615     1739.75034      705.26398        1.01220       22.04370        0.00059        0.05733        1.40275       14.00000        0.05400        0.33134        1.40322       10.41945        0.02689        0.00460       -0.00051        0.71936       54.57569        0.00359        0.14850       22.85714        0.87234        0.10779        0.71893        9.20418        0.02113        0.00479        0.00043      300.00000      125.43250
   52    1    1     1572.38694     1618.04958      606.46319        2.34721       74.35751        0.00675        0.11582        1.61760        2.10000        0.01407        0.11652        1.61805        5.57921        0.00770        0.00644       -0.00049        1.51495       72.85303        0.00646        0.05112       33.99437        0.06452        0.22341        1.51482        8.44163        0.01775        0.00669        0.00012      300.00000       74.83459
   53    1    1     1827.33353     2007.17443      776.67686        0.42236        8.33303        0.00008        0.04746        0.95353        5.40000        0.68995        0.78065        0.95391        4.90788        0.00595        0.00689       -0.00029        1.57508        1.84468        0.00000        0.03947       14.98548        0.05793        0.80077        1.57403        5.06279        0.00640        0.00485        0.00106      300.00000      177.82396
   54    1    1     2375.42883     1671.53054      550.12486        8.22459      106.77284        0.01392        0.00666        0.68388       15.20000        0.35669        1.05246        0.68211        4.89920        0.00601        0.01460        0.00186        0.90634      106.78312        0.01392        0.00715       14.81458        0.45550        0.74245        0.89271        4.89952        0.00580        0.00306        0.01363      300.00000        0.27098
   55    1    1     2874.36114   114754.18051    44552.36235        7.43706       93.06948        0.01058        0.00855        1.62096       45.30000      116.40677        0.11444        1.62013        4.40523        0.00485        0.00679        0.00088       14.34413       93.67978        0.01071        0.00858       45.38903        0.14033      103.66116       14.33977        4.40619        0.00488        0.00322        0.00435      300.00000        0.08900
   56    1    1     1257.27348     1834.30293      625.76973        8.32700      196.81948        0.04731        0.02092        1.06817       22.00000        0.17953        0.66776        1.06680       22.36370        0.12509        0.00106        0.00140        1.14554      196.91235        0.04734        0.02101       21.92398        0.06794        0.70452        1.14147       22.36374        0.12210        0.00140        0.00407      300.00000        0.36241
   57    1    1     1286.22509     2025.03564      777.18897        7.81665      203.05740        0.05036        0.03206        0.51919        9.10000        0.47327        1.23214        0.50243        8.71861        0.01830        0.01053        0.01675        1.02951      203.02240        0.05030        0.03210        9.09738        0.09849        1.09370        1.01564        8.72509        0.01837        0.01338        0.01387      300.00000        0.70720
   58    1    1     1689.13447     1454.69554      716.93144        7.34093      159.85200        0.03121        0.02670        1.24677        4.20000        0.01732        0.49269        1.24187        6.23897        0.00949        0.00011        0.00490        0.73305      159.91439        0.03117        0.02672        4.29394        0.02915        0.99108        0.73169        6.23696        0.00973        0.00340        0.00135      300.00000        0.59115
   59    1    1     2132.25498     1676.63266      813.59580        6.19606      124.28529        0.01887        0.03028        0.93102       10.60000        0.07892        0.87388        0.86068        6.62323        0.01025        0.00511        0.07033        0.20069      124.31467        0.01876        0.02957       11.31808        1.26957        0.37814        0.16663        6.61245        0.01040        0.04119        0.03405      300.00000        1.11629
   60    1    1     1590.11656     1621.04724      593.33778        7.96861      163.36515        0.03260        0.01874        1.33258       18.30000        0.16660        0.40657        1.32799        5.74800        0.00806        0.01000        0.00459        0.73173      163.51674        0.03265        0.01894       18.13598        0.46831        0.70691        0.72565        5.74871        0.00804        0.00857        0.00608      300.00000        0.13598
   61    1    1     2548.58294     2153.72417      620.97175        3.24864       59.88223        0.00438        0.03712        1.76372       18.40000        0.79622        0.04305        1.69152       12.82900        0.03842        0.03118        0.07226        0.91761       35.86964        0.00157        0.01902       19.23625        0.21391        1.49735        0.81296       16.04845        0.05937        0.00525        0.10466      300.00000       71.58027
   62    1    1     3688.01994     2513.03460     1047.20407        0.16856        3.29733        0.00001        0.04672        0.77789       22.10000        1.00038        0.95612        0.77844       14.45274        0.05181        0.00311       -0.00052        2.32357       19.66622        0.00047        0.00404       36.77079        0.41499        0.06401        2.32217       10.55140        0.02732        0.00164        0.00140      300.00000      128.13356
   63    1    1     2874.85393     8783.63699     3822.11111        3.88652       69.25717        0.00586        0.03292        0.51970       17.20000        8.69830        1.21765        0.51691        6.90288        0.01195        0.00001        0.00277        7.41427       80.19942        0.00785        0.01860       18.78778        0.19035        2.83994        7.41093        7.49336        0.01410        0.00130        0.00334      300.00000        5.89069
   64    1    1    15001.01888     7112.58844     3166.23476        3.17698       28.14282        0.00097        0.00862        0.50972       14.40000        6.82035        1.22512        0.50944       11.66844        0.03352        0.00483        0.00030        6.04462       21.89218        0.00059        0.00162       16.31070        1.37115        1.13009        6.03525       14.68620        0.05458        0.00047        0.00938      300.00000      140.60030
   65    1    1     2755.40473     1600.37372      599.04232        1.48487       28.21995        0.00097        0.04314        1.45260       20.10000        0.15756        0.28144        1.45313        1.95156        0.00094        0.00472       -0.00051        0.19860       21.07032        0.00054        0.01289       19.27784        0.37925        1.32449        0.19529        9.92142        0.02406        0.00154        0.00330      300.00000      116.78674
   66    1    1     1678.17586  1072210.87463   378620.13266        6.15986      159.43200        0.03104        0.05077        0.04239       23.70000      996.82801        1.70198        0.03258        8.22826        0.01714        0.00000        0.00983      772.95453      158.83930        0.03080        0.05030       23.83116        0.02776      225.59263      772.94459        8.13906        0.01605        0.00003        0.00993      300.00000        3.40616
   67    1    1     1642.49326     1997.47413      857.56990        7.04248      164.43561        0.03302        0.03356        1.23315       26.00000        0.45121        0.50903        1.22553        9.45341        0.02171        0.01418        0.00763        0.31522      164.62074        0.03286        0.03390       25.93224        0.70171        1.18732        0.29657        9.44764        0.02146        0.00340        0.01865      300.00000        0.02988
   68    1    1     2439.84728     3058.43326     1349.42707        3.32306       55.85310        0.00381        0.03069        1.16443       18.50000        1.73884        0.59952        1.13504        5.97471        0.00917        0.00614        0.02933        0.92756       65.39078        0.00521        0.03091       20.22885        0.52690        2.04137        0.90877        3.77403        0.00363        0.01703        0.01879      300.00000       51.36889
   69    1    1     2088.88070     3549.16518      349.05151        0.45037        7.40584        0.00007        0.03296        1.40739       48.50000        2.19047        0.37718        1.35738       14.15342        0.05204        0.00260        0.05009        1.96795       32.64253        0.00130        0.02897       44.90142        1.48328        0.49004        1.93392       16.88623        0.07348        0.01769        0.03403      300.00000      140.47256
   70    1    1     1685.09812     1780.62939      639.33492        5.87648      157.79519        0.03041        0.05765        0.97290       32.80000        0.16026        0.76138        0.97318       10.21277        0.02593        0.01172       -0.00031        0.41202      156.95463        0.03003        0.05607       33.51305        0.44390        1.04101        0.41240       10.11185        0.02526        0.01196       -0.00038      300.00000        5.76374
   71    1    1     3173.56598    65860.59286    27859.96086        1.13786       27.06317        0.00089        0.06820        0.26582       17.30000       68.06237        1.58657        0.14799        4.17233        0.00463        0.05553        0.11776       46.74330       50.84806        0.00316        0.00781       14.19401        0.06691       23.02714       46.70976       12.39697        0.03657        0.15915        0.03354      300.00000       72.29089
   72    1    1     2287.78973     1926.50394      580.10663        2.67292       55.71429        0.00379        0.04927        1.58537       20.90000        0.50564        0.19556        1.53901        8.00592        0.01662        0.00889        0.04648        1.20759       65.29871        0.00520        0.03105       28.50439        0.66099        0.39558        1.19989        7.99528        0.01553        0.04921        0.00769      300.00000       49.05460
   73    1    1     6001.29956     2236.73057     1039.52732        2.99234       39.77616        0.00193        0.01965        0.03527       16.60000        0.84478        1.70008        0.03448        3.61191        0.00321        0.00006        0.00079        0.21185       42.60859        0.00222        0.00854        7.36250        1.09010        1.27333        0.21071        8.77008        0.01889        0.00006        0.00114      300.00000       73.58947
   74    1    1     3188.57522     1545.92046      630.49846        6.21276       90.41469        0.00998        0.01588        1.00781       20.40000        0.04841        0.74447        0.99009        1.93309        0.00095        0.01365        0.01782        0.94703       90.36273        0.00997        0.01776       19.79402        0.44373        0.39489        0.94312        1.04501        0.00027        0.02752        0.00391      300.00000       17.85256
   75    1    1     1880.54270     1684.90117      513.64984        2.54202       77.44522        0.00733        0.10604        1.43002       21.10000        0.14479        0.30859        1.42598        4.29821        0.00464        0.00357        0.00399        1.08998       78.87544        0.00757        0.03484       27.08494        0.20395        0.60241        1.08963       15.44386        0.05948        0.00673        0.00036      300.00000       39.80509
   76    1    1     3880.79281     2636.08224     1367.90999        6.47722       70.33654        0.00604        0.00836        0.11118       10.20000        1.12186        1.63347        0.10109        3.47524        0.00293        0.00616        0.01001        2.08610       70.41180        0.00604        0.00792       10.60035        0.05794        0.72888        2.07006        3.52820        0.00300        0.00012        0.01605      300.00000        3.02703
   77    1    1     2432.93521     1726.17013      556.76163        3.59039       47.01451        0.00270        0.01824        1.05631       15.80000        0.33816        0.67989        1.05467       14.38735        0.05180        0.00037        0.00160        0.92935       38.67801        0.00183        0.03447       20.90085        0.14540        1.00461        0.92963       10.78957        0.02875        0.00307       -0.00028      300.00000       91.21968
   78    1    1     1410.62473     2686.61311     1124.94401        8.88438      155.31809        0.02946        0.00786        0.12129       13.70000        1.46220        1.61688        0.11768       12.18830        0.03731        0.00010        0.00357        1.35334      155.30527        0.02941        0.00774       13.91421        0.25483        1.59301        1.34923       12.18845        0.03626        0.00051        0.00411      300.00000        0.14507
   79    1    1     1942.85651     2405.16102     1072.99999        2.30934       47.09434        0.00271        0.04808        0.71404       30.00000        0.88422        1.02008        0.71449        7.62732        0.01444        0.00001       -0.00054        1.19128       42.69517        0.00222        0.04693       29.76054        0.36413        1.07655        1.19187        3.07682        0.00235        0.00013       -0.00060      300.00000      101.03327
   80    1    1     1851.74539     1619.92157      643.01807        7.76852      145.05814        0.02570        0.01688        0.88247        6.70000        0.05852        0.87667        0.85790       10.44300        0.02794        0.01879        0.02453        1.45131      145.15085        0.02573        0.01691        6.61712        0.02734        0.33506        1.43062       10.44339        0.02618        0.02446        0.02069      300.00000        1.95861
   81    1    1     1775.72517     1951.98010      742.21570        2.65238       68.39888        0.00571        0.07551        0.90025       10.00000        0.52156        0.87160        0.86296        7.10496        0.01303        0.00036        0.03734        0.89535       56.63246        0.00391        0.04347       26.36556        0.35662        1.03478        0.89586        7.80208        0.01508        0.03881       -0.00051      300.00000       75.46180
   82    1    1     1842.09242     4924.17468     2348.18581        5.98393      143.28479        0.02507        0.04495        0.11617       15.10000        4.06419        1.62380        0.11077       11.74102        0.03359        0.01336        0.00537        4.02090      142.64329        0.02470        0.04224       17.25118        0.18554        1.59782        4.01867       11.73176        0.03371        0.01624        0.00223      300.00000        2.52988
   83    1    1     2397.48403     1783.24961      806.71926        5.48893      115.47420        0.01629        0.03777        0.83306       24.20000        0.07086        0.90751        0.82705       16.61662        0.06960        0.00013        0.00588        1.39625      117.39622        0.01677        0.03614       24.53210        0.05476        0.36114        1.39048       16.64416        0.06981        0.00035        0.00577      300.00000       23.05262
   84    1    1     3679.48494     5217.42364     2063.75081        5.44833       95.54547        0.01115        0.02641        0.92417       28.40000        4.55720        0.81459        0.91997        4.16312        0.00423        0.12407        0.00416        2.58055       90.47671        0.01000        0.02074       29.23012        0.34795        3.41733        2.52984        5.65669        0.00754        0.07772        0.05071      300.00000       77.02881
   85    1    1     1438.29830     8981.51987     4146.47500        1.48889       34.75962        0.00148        0.06509        0.17104        7.30000        8.67331        1.56307        0.17149       10.07978        0.02513        0.01751       -0.00047        8.12246       45.30409        0.00250        0.06943       17.27190        0.06249        2.22140        8.12300        9.26271        0.02124        0.01711       -0.00054      300.00000      128.85636
   86    1    1     1973.29753     1868.85096      715.71887        3.99602       90.06823        0.00991        0.05214        1.57765        9.50000        0.52604        0.16295        1.57162        6.20266        0.00970        0.02009        0.00605        1.39600       93.25037        0.01061        0.04866        8.07380        0.12190        0.76734        1.37070        7.22430        0.01248        0.00148        0.02530      300.00000       24.33103
   87    1    1     2364.77320     1906.14125      720.62392        0.18502        2.82901        0.00001        0.02855        1.33515       28.90000        0.43786        0.42533        1.30923        7.34370        0.01383        0.02320        0.02590        0.45780       28.32179        0.00098        0.03134       23.66233        0.60713        1.13625        0.43195        5.69963        0.00777        0.02266        0.02585      300.00000      141.35272
   88    1    1     2480.68074    36244.35447    15071.08778        4.03996       64.34417        0.00506        0.02592        0.95874       27.90000       37.51636        0.78171        0.95286       13.70766        0.04736        0.00557        0.00586       18.93717       53.02494        0.00343        0.03084       33.19780        1.20570       19.03257       18.93625       21.74205        0.11617        0.01484        0.00092      300.00000       49.55700
   89    1    1     4275.95141     3464.81335     1032.73562        4.30757       56.51079        0.00390        0.01712        1.26734       26.50000        2.25794        0.50872        1.22585       12.70571        0.03823        0.01091        0.04156        0.80201       80.82387        0.00795        0.01538       27.02175        2.32577        0.88899        0.77508       12.65613        0.03827        0.02579        0.02694      300.00000       72.72729
   90    1    1     5013.92730     1502.16952      650.36886        1.13730       20.05142        0.00049        0.03747        0.24082        6.00000        0.03209        1.49326        0.24131        9.48323        0.02230        0.03779       -0.00044        1.60717       22.06942        0.00059        0.00333        2.37470        0.03593        0.15796        1.57336       15.05354        0.05391        0.00534        0.03381      300.00000       85.02333
   91    1    1     2120.47928     1541.10977      640.69757        3.94140       89.55691        0.00980        0.05326        0.97175       10.90000        0.00858        0.76464        0.96992       12.09866        0.03589        0.02080        0.00186        0.75640       87.96487        0.00945        0.04140       13.52182        0.01121        0.98088        0.75640       13.24483        0.04325        0.02214        0.00000      300.00000       15.39890
   92    1    1     3066.13941     2049.08426      541.08620        3.34139       83.27527        0.00847        0.06739        1.58399       19.80000        0.57534        0.15344        1.58112        5.95019        0.00888        0.00010        0.00288        1.69708       74.88011        0.00683        0.01651       26.13866        0.56943        0.06940        1.69372       12.51593        0.03829        0.00009        0.00336      300.00000       33.37777
   93    1    1     3275.84598   263058.41795   105577.34947        3.16576       27.90750        0.00095        0.00854        0.19267       41.60000      261.03394        1.54549        0.18908       11.81413        0.03506        0.01444        0.00359        3.65372       13.05613        0.00021        0.02160       38.02724        1.79112      257.26992        3.64301       17.70875        0.07947        0.01515        0.01071      300.00000      115.69770
   94    1    1     1350.16375     1715.99868      753.99448        7.81425      195.50641        0.04668        0.02977        1.39123       14.60000        0.14606        0.35721        1.37736        2.06785        0.00109        0.00000        0.01392        0.45060      195.10270        0.04619        0.03035       14.50453        0.36713        1.06994        0.44342        2.06171        0.00103        0.00679        0.00718      300.00000        0.13684
   95    1    1     1882.83758     2492.51381      492.72572        7.85636      137.69351        0.02316        0.01436        1.05783       37.30000        1.04154        0.68440        1.05017       10.27176        0.02665        0.00880        0.00766        0.81847      137.63847        0.02308        0.01436       37.31073        1.17776        0.77943        0.81896       10.27212        0.02615        0.01749       -0.00049      300.00000        1.24774
   96    1    1     2318.91288     2691.51551     1096.49680        2.00225       39.06196        0.00186        0.04462        0.35930        7.90000        1.50511        1.41045        0.32411        5.23337        0.00651        0.00341        0.03522        2.49695       49.58604        0.00300        0.02684       16.89306        0.27179        0.48981        2.47288       10.89086        0.03038        0.01250        0.02407      300.00000       75.48441
   97    1    1     1783.21189     7504.77732     3156.05368        6.85751      155.20394        0.02942        0.03314        0.38638       18.70000        6.99765        1.37111        0.36346       10.79809        0.02794        0.00049        0.02290        5.29181      154.54939        0.02905        0.03343       18.66889        0.15729        3.29009        5.28488       10.79869        0.02835        0.01609        0.00693      300.00000        3.34969
   98    1    1     1802.30192     1912.69961      829.31590        3.02021       65.74934        0.00528        0.05260        0.52507       24.20000        0.30559        1.20933        0.52523       13.31028        0.04370        0.00666       -0.00011        0.85989       70.06868        0.00597        0.05552       33.56277        0.72504        0.48426        0.85398        8.38048        0.01710        0.00046        0.00591      300.00000       69.37389
   99    1    1     1714.08634     2982.93102     1250.85348        8.90728      126.77356        0.01963        0.00511        0.79912       22.60000        1.74395        0.93711        0.79745       13.74669        0.04730        0.00570        0.00177        2.34027      126.81974        0.01963        0.00526       22.50719        0.14406        0.99849        2.33575       13.74672        0.04754        0.00268        0.00452      300.00000        0.50769
  100    1    1     1874.90222     3342.99000     1318.84739        6.41313      142.27051        0.02472        0.03539        0.69137       31.50000        1.91088        1.04674        0.68782        8.95612        0.02015        0.09594        0.00360        0.91597      142.11564        0.02462        0.03613       31.23098        2.71126        0.04167        0.89162        9.01007        0.01943        0.07611        0.02435      300.00000        1.35464
