    1    1    1     3694.41661    11315.00154     5204.90242        7.43022       74.20020        0.00672        0.00546        0.74342       20.00000       11.72800        0.99467        0.73989        2.63825        0.00175        0.00468   -33197.38029       11.61332       74.18622        0.00671        0.00534       20.01275        1.16372        0.68772       11.61131        2.63639        0.00174        0.00617        0.00201      300.00000        1.67708
    2    1    1     2858.18318     1858.36363      639.31052        1.83729       45.03151        0.00248        0.07089        0.61907       14.30000        0.42057        1.11513        0.61944        9.34084        0.02168        0.02899       -0.00036        1.13803       38.84028        0.00184        0.00837       30.62952        0.30416        0.75023        1.13858       14.23118        0.05018        0.02599       -0.00054      300.00000       76.66849
    3    1    1     1606.98835     2451.86808      920.52042        7.10503      169.88397        0.03525        0.03458        0.93532       11.30000        1.03298        0.80185        0.93271       11.72966        0.03368        0.00689        0.00260        0.65714      169.91682        0.03512        0.03469       11.31450        1.38178        0.73430        0.65148       11.72932        0.03466        0.00286        0.00566      300.00000        1.44728
    4    1    1     1375.79723     2165.03778      518.30792        0.61414       17.98001        0.00039        0.10429        1.12191       13.10000        0.74102        0.61232        1.12224        3.43022        0.00291        0.04002       -0.00033        1.29642       14.91875        0.00027        0.09380       25.80933        0.57216        0.60692        1.29327        8.22432        0.01698        0.03632        0.00316      300.00000      160.10196
    5    1    1     1546.02856     2563.64897      467.87905        2.15928       53.54791        0.00350        0.07161        0.87188       25.30000        1.24742        0.86856        0.86601        7.45433        0.01400        0.00214        0.00590        1.30569       52.33672        0.00334        0.08637       21.69122        0.84250        0.82554        1.30580        5.37804        0.00713        0.00856       -0.00011      300.00000       93.45577
    6    1    1     1772.63668     1674.22174      525.71113        5.27341      148.88476        0.02707        0.07028        0.87044       18.00000        0.17062        0.86856        0.86601        5.47908        0.00732        0.00095        0.00441        1.28575      144.33738        0.02533        0.06484       21.50460        0.21221        0.41439        1.28566        5.52878        0.00761        0.00511        0.00009      300.00000       17.10666
    7    1    1     1837.18453     1678.42672      651.98996        1.13735       27.40296        0.00092        0.06998        1.59995        7.90000        0.23716        0.14699        1.58758       12.73925        0.04119        0.00589        0.01236        1.63806       55.36010        0.00373        0.03992       34.92312        0.13624        0.25343        1.63807        4.95862        0.00612        0.02458       -0.00001      300.00000      105.60483
    8    1    1     1577.62687     1634.93611      728.13063        8.41301      154.58441        0.02919        0.01205        1.50621       22.50000        0.02822        0.26003        1.47454        5.51838        0.00725        0.01614        0.03170        0.56685      154.49662        0.02913        0.01197       22.58195        0.03778        1.17664        0.54855        5.51157        0.00775        0.02897        0.01830      300.00000        0.37254
    9    1    1     1800.54196     3250.14386     1393.99136        4.43267      107.37620        0.01408        0.05759        0.45675       16.00000        1.92855        1.28874        0.44583        7.09666        0.01219        0.02403        0.01081        2.54023      105.38493        0.01355        0.05325       14.35591        0.13295        0.99323        2.53166        9.56849        0.02222        0.02649        0.00857      300.00000       21.98209
   10    1    1     1853.88828     1864.69882      675.40328        2.34772       51.57613        0.00325        0.05570        0.95279       21.10000        0.50223        0.78168        0.95288        7.11045        0.01247        0.00010       -0.00004        2.02663       66.21078        0.00534        0.06085       19.32772        0.12537        0.07923        2.02666        6.57035        0.01065        0.00015       -0.00004      300.00000       67.45282
   11    1    1     2327.99064     1757.92422      664.26044        6.05551      123.50737        0.01863        0.03218        1.13833        1.40000        0.03945        0.69733        1.03723       21.71401        0.12488        0.05591        0.10117        1.30780      121.73683        0.01809        0.03235        2.99816        0.05601        0.42769        1.29017       21.70765        0.11336        0.15140        0.01763      300.00000       18.95080
   12    1    1     1444.26172     1628.21945      547.27283        8.46521      168.92615        0.03485        0.01378        0.47531       13.10000        0.24910        1.26744        0.46712        6.94155        0.01218        0.00681        0.00812        0.95766      169.18759        0.03488        0.01369       13.19925        0.23875        0.79724        0.94780        6.94123        0.01220        0.00504        0.00986      300.00000        0.37338
   13    1    1     5002.62864     8450.83761     3690.30503        5.52265       59.26731        0.00429        0.00978        0.14891        7.70000        8.31197        1.58560        0.14896        3.44900        0.00296        0.00051       -0.00007        7.61210       39.98011        0.00195        0.00902        6.95300        0.00663        2.40929        7.61226        9.98100        0.02479        0.00025       -0.00015      300.00000       33.51918
   14    1    1     3373.41325     1452.16640      553.74735        0.86669       12.77697        0.00020        0.02634        1.62852       12.30000        0.05531        0.14738        1.58719        3.67393        0.00320        0.00202        0.04131        0.81795        7.96268        0.00008        0.02895        9.22448        0.51737        0.49092        0.77818        4.76645        0.00539        0.00233        0.03978      300.00000      128.58176
   15    1    1     3376.23480     9913.35269     4373.70067        2.63600       27.73142        0.00094        0.01258        0.95185       27.00000        9.78176        0.81167        0.92290        8.67691        0.01934        0.00586        0.02886        1.27857       22.33768        0.00061        0.00808       22.48414        1.11055        9.15143        1.24577       11.18190        0.03220        0.00257        0.03280      300.00000      112.90569
   16    1    1     2250.67144     1734.78170      720.82466        4.39104       95.30157        0.01109        0.04644        0.62024        6.30000        0.25511        1.11456        0.62001        5.89181        0.00865        0.00075        0.00026        1.10241       79.89992        0.00777        0.03115        6.84489        0.30911        0.57804        1.10228       10.52061        0.02758        0.00078        0.00013      300.00000       13.65636
   17    1    1     5699.00567     2418.50680     1262.61581        5.71152       29.23518        0.00104        0.00216        0.38109       24.80000        0.85934        1.39229        0.34228       10.69338        0.02712        0.01546        0.03875        0.29671       21.24543        0.00055        0.04708       11.86803        0.67104        1.59825        0.29638        6.83535        0.01165        0.05324        0.00032      300.00000       63.01086
   18    1    1     3732.74846     2527.54554     1109.34343        5.53228       86.42531        0.00912        0.02068        1.31877       21.60000        1.20522        0.42560        1.30897        2.78826        0.00197        0.00116        0.00983        0.87243       68.05493        0.00565        0.01472       22.64560        0.28457        1.78761        0.87261        4.90513        0.00594        0.01160       -0.00018      300.00000       44.18717
   19    1    1     2973.72713     2375.38676     1004.74606        5.90802       90.86788        0.01008        0.01881        1.12392       27.50000        1.10553        0.61207        1.12249       10.47714        0.02694        0.02153        0.00141        1.27343       91.06574        0.01012        0.01978       27.14151        0.04913        1.52972        1.26028       10.48829        0.02794        0.00876        0.01316      300.00000       10.32921
   20    1    1     1124.37482     1807.13180      867.67902        8.11974      227.00754        0.06294        0.03252        1.48128        7.50000        0.00470        0.25414        1.48042       10.75673        0.02889        0.02077        0.00077        1.16536      227.06160        0.06264        0.03269        7.73973        0.00541        0.57714        1.15690       10.75664        0.02925        0.01275        0.00846      300.00000        0.37792
   21    1    1     4724.26316     1610.98177      748.94746        2.58626       29.76827        0.00108        0.01510        1.28348       24.80000        0.11991        0.45131        1.28325        5.05740        0.00637        0.00214        0.00018        1.39275       47.19412        0.00271        0.00538       21.55723        0.07539        0.38506        1.39086        8.34987        0.01746        0.00066        0.00189      300.00000       44.48024
   22    1    1     2290.80778     8871.47089     3854.73223        4.19972       59.97822        0.00439        0.02052        0.99872       20.00000        8.45269        0.73971        0.99485       13.38303        0.04374        0.01999        0.00385        3.11619       66.27610        0.00535        0.06172       25.53300        0.44578        6.59212        3.10919       11.66692        0.03309        0.02552        0.00700      300.00000       53.27120
   23    1    1     1705.83722     6836.97081     3120.67833        6.25084      153.59102        0.02881        0.04493        0.73246       22.50000        6.25203        1.00523        0.72933        9.94315        0.02417        0.00488        0.00315        1.97985      154.08430        0.02898        0.04555       22.22453        2.85984        3.14632        1.97981        9.90771        0.02445        0.00755        0.00003      300.00000        0.47710
   24    1    1     1880.16348     1743.84885      532.32738        5.82086      141.08747        0.02431        0.04744        1.58652       12.60000        0.28574        0.14751        1.58706        8.08348        0.01619        0.00736       -0.00054        1.17830      142.40730        0.02465        0.04888       12.79689        0.27669        0.57200        1.17187        7.55644        0.01389        0.00065        0.00643      300.00000        7.14920
   25    1    1     2495.41195    59461.54073    24612.06816        0.68952        6.50564        0.00005        0.01082        0.42717       26.80000       62.07044        1.33370        0.40086        7.55231        0.01363        0.00059        0.02629        9.30888       11.49249        0.00016        0.09993       20.62154        0.14507       54.28610        9.27893        5.51733        0.00726        0.00900        0.02995      300.00000      173.21581
   26    1    1     4059.01575     1723.49288      601.53072        1.50444       30.92286        0.00117        0.05043        1.15556       17.60000        0.17108        0.58941        1.14516       12.17267        0.03588        0.02085        0.01046        1.09583       55.92577        0.00380        0.03856       35.75762        0.27574        0.59168        1.08277        2.31974        0.00130        0.01748        0.01306      300.00000       13.90508
   27    1    1     1491.12959     1527.05432      685.62969        7.91297      174.56221        0.03722        0.02222        1.33624       28.40000        0.09844        0.40144        1.33313        6.75044        0.01144        0.00007        0.00311        1.37919      174.45208        0.03713        0.02236       28.40054        0.06014        0.39403        1.37883        6.75215        0.01122        0.00297        0.00036      300.00000        0.31575
   28    1    1     4940.65674     1579.49798      720.43553        2.80081       39.77584        0.00193        0.02270        0.09944       11.80000        0.01395        1.63674        0.09782        7.78164        0.01485        0.01359        0.00159        0.05526       48.52401        0.00287        0.00922       26.19932        1.29643        0.41708        0.05098        6.39882        0.01030        0.01205        0.00428      300.00000       20.41260
   29    1    1     2668.68440     1740.88369      766.65423        2.40782       62.99535        0.00485        0.07875        1.18276       16.10000        0.02428        0.58098        1.15359       12.46148        0.03705        0.00008        0.02914        1.66147       49.81333        0.00303        0.01080       42.81949        0.10277        0.07692        1.66107       10.40951        0.02667        0.02709        0.00041      300.00000       63.48781
   30    1    1     2090.84164     2038.39526      679.41255        5.46412      134.54266        0.02211        0.05194        1.60191       29.60000        0.35164        0.14583        1.58874       17.56263        0.07450        0.04698        0.01317        1.28373      133.79570        0.02181        0.04843       30.81980        0.40365        0.40208        1.28427       17.56576        0.07638        0.05882       -0.00053      300.00000       23.73519
   31    1    1     2403.42869     2642.65661     1237.25315        2.23143       53.52057        0.00350        0.06676        0.42582       11.80000        1.18841        1.31216        0.42240        1.69283        0.00070        0.00210        0.00334        0.30611       66.92015        0.00546        0.04410       23.40878        1.07092        1.56925        0.30295        2.75177        0.00185        0.00178        0.00316      300.00000       22.25093
   32    1    1     2766.56076    16852.21885     7310.58203        7.90029       95.96836        0.01125        0.00677        0.59915       33.90000       17.43567        1.13964        0.59493        8.96028        0.02019        0.00931        0.00416       11.59851       96.18906        0.01130        0.00676       33.89927        0.21331        7.36048       11.59644        8.96001        0.02011        0.01150        0.00207      300.00000        1.93372
   33    1    1     1941.91784    10355.19612     4541.58781        3.68803       92.88235        0.01054        0.06693        0.89950       19.50000       10.52055        0.83525        0.89932        7.00475        0.01223        0.00030        0.00021        3.06377       93.24106        0.01058        0.05080       27.06610        0.73239        8.46729        3.06205        7.68440        0.01448        0.00597        0.00173      300.00000       15.85523
   34    1    1     3673.34453     1727.15333      676.65231        4.71713       75.40199        0.00694        0.02426        0.90274        5.70000        0.19389        0.83525        0.89932       16.27677        0.06653        0.00098        0.00343        1.34553       75.81975        0.00701        0.02117        6.47306        0.00319        0.58564        1.34091       16.42223        0.06786        0.00019        0.00461      300.00000       73.42406
   35    1    1     1057.12503     1837.85207      690.80384        8.68785      219.49864        0.05884        0.01912        0.50133        7.60000        0.46150        1.25859        0.47597        4.47352        0.00479        0.00014        0.02536        1.82030      219.42156        0.05878        0.01917        7.57193        0.17914        0.20528        1.81163        4.47427        0.00506        0.01659        0.00867      300.00000        0.05097
   36    1    1     1160.01837     2348.98910     1050.09921        8.70979      198.17550        0.04797        0.01526        0.27998        8.40000        0.74569        1.45816        0.27641       18.95355        0.08778        0.00536        0.00356        1.51089      198.20862        0.04796        0.01528        8.39424        0.14900        0.82668        1.50457       18.95351        0.08742        0.00297        0.00632      300.00000        0.25006
   37    1    1     2755.45723    65428.86487    27024.86201        4.37385       84.74723        0.00877        0.03708        0.94824       10.80000       67.34595        0.79462        0.93994       10.30599        0.02578        0.01915        0.00826        9.20285       90.72682        0.01005        0.02738       14.68668        0.00897       59.87832        9.17137       12.08536        0.03480        0.01725        0.03148      300.00000       22.65760
   38    1    1     1864.80691   103969.81306    45846.85673        3.18958       47.72377        0.00278        0.02456        1.31284       47.60000      106.10716        0.45877        1.27579       14.22860        0.04807        0.02326        0.03707       57.69626       60.74520        0.00450        0.09555       56.33914        0.54188       49.53993       57.67388       13.20963        0.04182        0.05749        0.02237      300.00000       93.50995
   39    1    1     7727.23967     4222.02615     1788.19045        4.52691       55.34208        0.00374        0.01451        0.41229       14.10000        3.45617        1.33144        0.40313        8.33740        0.01686        0.00068        0.00914        3.33542       33.08939        0.00134        0.00236       14.93599        0.24231        1.62683        3.32589       10.41044        0.02743        0.00000        0.00953      300.00000       44.84075
   40    1    1     3880.72277     1898.94254      823.97599        6.09088       72.15108        0.00636        0.01078        0.79564       11.00000        0.48832        0.96627        0.76829        7.40088        0.01406        0.00009        0.02738        1.98499       70.42424        0.00604        0.00991       12.02967        0.02504        0.22290        1.97614        7.40168        0.01386        0.01878        0.00885      300.00000        8.11173
   41    1    1     1893.02203     1909.81024      580.42501        3.15645       79.85087        0.00779        0.07037        1.22512       22.40000        0.40768        0.56925        1.16531        3.78823        0.00337        0.04188        0.05974        1.66864       63.37729        0.00490        0.05067       25.64352        0.40552        0.16555        1.57478        9.40685        0.02048        0.00970        0.09386      300.00000       39.29929
   42    1    1     2159.09970     1975.76209      742.96102        1.45670       15.70902        0.00030        0.01390        0.62516       49.70000        0.58682        1.11069        0.62388       12.04411        0.03561        0.02320        0.00130        1.32766       35.56715        0.00154        0.08129       34.03378        0.24678        0.69954        1.30488       11.56258        0.03204        0.00683        0.02278      300.00000      162.77608
   43    1    1     1779.96290   484284.54904   186084.81692        1.38676       30.50566        0.00114        0.05796        1.61797       22.80000      471.04270        0.12572        1.60884        8.14401        0.01678        0.00176        0.00915      285.69176       40.52672        0.00201        0.04555       24.24486        0.05030      187.06813      285.69114        1.44987        0.00052        0.00583        0.00062      300.00000      134.47833
   44    1    1     3188.96688     2427.59098      481.84525        6.55712       90.96381        0.01011        0.01340        1.02982       25.20000        1.04933        0.73463        0.99993       10.70725        0.02947        0.03664        0.02996        1.46348       90.11023        0.00989        0.01262       25.56464        0.92314        0.46042        1.40129       10.70743        0.02688        0.00697        0.06219      300.00000       10.97266
   45    1    1     1608.88510    26406.91160    12433.03318        0.06625        1.55019        0.00000        0.06687        1.47061       28.50000       27.75949        0.26894        1.46562        8.70990        0.01849        0.01083        0.00503       23.01756       51.72590        0.00326        0.06439       36.91516        0.26184        6.16677       23.00963       16.29235        0.06707        0.01432        0.00793      300.00000      134.85940
   46    1    1     2206.07349     3615.23720     1097.10731        4.26546      106.27612        0.01379        0.06202        1.44215       40.20000        2.52009        0.29209        1.44248        7.45601        0.01374        0.02519       -0.00035        1.29196      107.75173        0.01418        0.05265       40.35715        0.71994        2.25849        1.27278       10.36478        0.02581        0.00604        0.01919      300.00000       39.87773
   47    1    1     1337.20612     1618.43568      629.54072        2.19448       65.68585        0.00527        0.10415        1.06803       17.80000        0.03192        0.69330        1.04127        4.06914        0.00425        0.00018        0.02674        1.43924       40.81250        0.00202        0.10202       16.16052        0.01631        0.32653        1.41929        7.25416        0.01264        0.00834        0.01995      300.00000      106.25917
   48    1    1     4132.80307     7188.90766     3209.92414        4.18520       74.60690        0.00680        0.03201        0.32320       17.70000        6.90716        1.41794        0.31663        2.71122        0.00179        0.01277        0.00653        5.82962       82.15926        0.00824        0.01711       20.93097        0.06756        2.77235        5.80783        4.34778        0.00453        0.00226        0.02178      300.00000       90.46868
   49    1    1     6687.24850     2195.18371     1031.62810        1.41557       18.46016        0.00042        0.02035        0.48711       10.10000        0.78908        1.25190        0.48267        7.25821        0.01325        0.00192        0.00443        1.04024       23.13748        0.00065        0.00499       12.60065        0.09262        1.39376        1.04074        9.97027        0.02465        0.00714       -0.00050      300.00000       44.43016
   50    1    1     1659.32018     1545.82790      640.81592        1.22432       39.16654        0.00187        0.12312        1.16073        6.00000        0.00215        0.61124        1.12333        4.24327        0.00465        0.00337        0.03746        0.72761       45.64843        0.00254        0.05291       25.19594        0.03576        1.04174        0.68892       12.72356        0.04183        0.00473        0.03868      300.00000      105.16700
   51    1    1     1981.49246     1792.27332      647.96133        6.68401      135.36239        0.02238        0.02771        0.70745       10.00000        0.35566        1.03508        0.69948       15.50768        0.05841        0.00699        0.00788        1.60505      135.99794        0.02257        0.02655       11.02598        0.13681        0.35504        1.59947       15.50709        0.05857        0.00908        0.00558      300.00000        0.48535
   52    1    1     1594.20472    32554.85833    14124.76017        0.79514       19.82426        0.00048        0.07544        1.43693       18.40000       33.11266        0.34451        1.39005        8.47125        0.01695        0.00238        0.04680        0.65769       53.12466        0.00344        0.06404       27.06239        0.30769       33.82892        0.65525       16.52976        0.06691        0.06065        0.00244      300.00000      119.07828
   53    1    1     3868.18624     2095.04922      629.56307        6.07591       78.91951        0.00761        0.01300        1.15803       24.10000        0.83542        0.57602        1.15855        4.18932        0.00435        0.00025       -0.00050        1.44145       81.50078        0.00811        0.01771       22.07656        0.30818        0.81510        1.44189        3.98302        0.00394        0.00017       -0.00044      300.00000       39.41882
   54    1    1     1924.79958     2381.31883      908.79215        3.24935       70.40656        0.00605        0.05129        0.71008       26.30000        0.90151        1.03153        0.70303        7.93153        0.01529        0.01523        0.00704        0.60452       56.68460        0.00392        0.05831       22.59401        1.42230        0.62041        0.58134        9.45898        0.02143        0.00010        0.02318      300.00000       56.14194
   55    1    1     2425.66776     2410.43660      692.92641        4.66750      107.41572        0.01409        0.05059        0.60105       19.50000        0.89195        1.22360        0.51096       11.92027        0.03293        0.00030        0.09004        1.07297      104.48275        0.01330        0.04090       17.59688        1.03011        0.57540        1.01722       14.13836        0.05207        0.02977        0.05575      300.00000       35.56818
   56    1    1     3265.51842     2164.45165      790.99605        4.53775       46.27525        0.00262        0.01009        0.47829       16.30000        0.79459        1.26080        0.47376       11.50183        0.03228        0.01744        0.00445        1.44132       56.30067        0.00387        0.01544       20.15602        0.28931        0.80520        1.44183        8.71891        0.01884        0.02212       -0.00051      300.00000       48.03685
   57    1    1     3106.10147     3522.22173     1450.91026        3.80434       79.28633        0.00768        0.04537        0.96588       10.80000        2.32955        0.80708        0.92748       15.68496        0.06355        0.00834        0.03844        2.03597       49.74779        0.00301        0.01024       24.94816        1.19922        0.90221        1.98687       17.63662        0.07338        0.00341        0.04910      300.00000       22.26280
   58    1    1     2107.30563     1766.97869      687.45309        2.18062       35.70963        0.00156        0.03119        1.32669       15.10000        0.27768        0.46023        1.27433       12.71375        0.04204        0.00058        0.05242        1.37108       43.75179        0.00233        0.04429       16.32839        0.36074        0.29195        1.32331       15.56383        0.05718        0.01241        0.04777      300.00000      100.16731
   59    1    1     1443.21321     2466.01807      613.16347        0.47423       12.21652        0.00018        0.08087        0.52648       31.50000        0.99349        1.20768        0.52688       13.92944        0.04817        0.00628       -0.00049        1.71948       29.32167        0.00105        0.10505       21.28168        0.84369        0.13567        1.71524       15.16467        0.05613        0.00208        0.00424      300.00000      162.40011
   60    1    1     2323.27265     1954.65731      596.08057        0.09533        1.92685        0.00000        0.04989        0.88151       18.20000        0.51256        0.87289        0.86167        5.84657        0.00873        0.00000        0.01982        0.35084       42.13717        0.00217        0.01836       29.78545        1.02835        0.91606        0.33088        5.79700        0.00858        0.00123        0.01996      300.00000      131.92739
   61    1    1     2183.94567     2890.13791      551.12504        5.66335      125.31843        0.01918        0.04062        1.59086       45.70000        1.55944        0.14311        1.59146        4.18932        0.00435        0.00025       -0.00054        1.36537      124.40357        0.01884        0.04204       45.82637        1.19007        0.73872        1.36582        3.25792        0.00264        0.00014       -0.00045      300.00000       15.67238
   62    1    1     1547.78525     4268.03705     2074.56909        4.13005      128.64684        0.02021        0.09829        0.16823       21.60000        3.35136        1.56685        0.16771        8.61733        0.01827        0.01854        0.00044        2.81531      117.61756        0.01687        0.09930       12.23383        0.83228        1.43811        2.80047       12.29462        0.03845        0.00143        0.01484      300.00000        5.07861
   63    1    1     1692.60876     1616.23538      658.38139        7.84152      155.69595        0.02961        0.01854        0.94982       24.70000        0.24237        0.79289        0.94168        2.43785        0.00144        0.00007        0.00805        1.62494      156.02549        0.02969        0.01878       24.54741        0.08698        0.26933        1.62027        2.44194        0.00150        0.00354        0.00467      300.00000        0.33022
   64    1    1     2013.38771     4550.97548     1967.44095        5.39550      131.78212        0.02121        0.05165        0.35158       39.80000        3.44682        1.38404        0.35052        5.91544        0.00859        0.00524        0.00116        2.10943      134.33749        0.02204        0.05046       40.80300        0.79759        2.28247        2.10502        4.59941        0.00532        0.00183        0.00442      300.00000       16.38769
   65    1    1     1604.67603     3285.33836     1478.94771        6.86641      169.11290        0.03493        0.03916        0.35884       38.40000        1.87631        1.37603        0.35853        4.93548        0.00607        0.03177        0.00043        1.37830      169.10727        0.03491        0.03948       38.32782        0.48610        1.77645        1.34803        4.92851        0.00625        0.00163        0.03027      300.00000        1.05490
   66    1    1     3270.50794     4829.71651     2088.28432        5.46293      102.03351        0.01272        0.02989        1.04237       10.70000        4.02024        0.69545        1.03911        9.93937        0.02480        0.01402        0.00318        3.12547       91.95946        0.01032        0.02636       16.14309        0.34277        2.30925        3.10898        9.93576        0.02515        0.00015        0.01648      300.00000       71.53864
   67    1    1     3177.10010     7336.42106     3538.66426        6.80452       86.14919        0.00906        0.01051        1.51031       30.30000        6.84903        0.22492        1.50964        3.43765        0.00291        0.00610        0.00074        6.04508       86.82683        0.00919        0.01060       30.21484        0.64960        1.88965        6.04410        3.46351        0.00300        0.00573        0.00097      300.00000        2.61677
   68    1    1     2447.99609    74881.05167    29963.89313        0.09100        2.18277        0.00001        0.07027        0.48440       39.80000       77.10717        1.25749        0.47707        7.70491        0.01443        0.02115        0.00733       51.17828       40.29335        0.00198        0.01219       27.28438        0.22037       27.48280       51.14832       15.14796        0.05900        0.00025        0.02996      300.00000      114.72045
   69    1    1     1773.97742     4175.40704     2092.99313        6.96243      152.44482        0.02838        0.03017        0.23830       23.80000        2.85957        1.49743        0.23713       11.08041        0.03069        0.01464        0.00113        0.53099      152.25975        0.02822        0.03035       23.70425        2.17876        1.89309        0.52206       11.11449        0.02997        0.00782        0.00893      300.00000        0.27530
   70    1    1     5584.00791     1489.37435      649.64935        2.63257       24.79434        0.00075        0.01008        1.69386       14.10000        0.04888        0.05223        1.68234        2.56986        0.00160        0.00006        0.01155        1.18569       31.43770        0.00121        0.00876       18.83696        0.10404        0.50120        1.17644        4.21428        0.00449        0.00207        0.00925      300.00000       50.70755
   71    1    1     3464.59486     1671.94255      740.19452        5.33121      112.37623        0.01542        0.03884        0.19744        5.90000        0.03308        1.53716        0.19740        2.44974        0.00149        0.04752        0.00002        0.43093      110.71604        0.01496        0.03888        7.73188        0.01131        1.33427        0.42341        1.54579        0.00060        0.04001        0.00752      300.00000      129.00590
   72    1    1     2421.10340  1090154.46991   384801.35083        4.73273       94.74619        0.01096        0.03798        0.31329       45.40000     1012.26112        1.43582        0.29874        5.32483        0.00721        0.00007        0.01455      232.52093       89.59190        0.00980        0.02417       42.62131        0.55170      780.94237      232.50362        8.35088        0.01778        0.00009        0.01731      300.00000       10.41029
   73    1    1     1565.51499     1532.03437      638.90104        8.00759      164.92351        0.03322        0.01859        0.76516       27.50000        0.09817        0.97128        0.76328        7.63234        0.01428        0.00914        0.00187        1.69219      164.77062        0.03313        0.01857       27.56623        0.07010        0.07521        1.68761        7.63331        0.01466        0.00599        0.00458      300.00000        0.23063
   74    1    1     1747.63247     2208.61832      379.85866        6.34509      155.86598        0.02967        0.04403        1.31010       18.70000        0.80360        0.45626        1.27831        5.14109        0.00630        0.01146        0.03182        1.71623      153.24337        0.02864        0.04500       18.68723        0.66628        0.16337        1.70850        5.13556        0.00641        0.03549        0.00773      300.00000        3.86332
   75    1    1     1033.06057     2202.05204      542.71093        8.25081      244.05044        0.07274        0.03411        0.89921       31.10000        0.57496        0.83583        0.89873       13.61525        0.04625        0.00962        0.00052        0.40732      243.91678        0.07262        0.03399       31.18716        1.09348        0.81019        0.40614       13.61467        0.04551        0.00962        0.00118      300.00000        0.26436
   76    1    1     4211.55087     1473.44268      581.93517        5.60684       78.20838        0.00747        0.01629        0.68894        7.00000        0.02908        1.04633        0.68823        2.84957        0.00200        0.01546        0.00069        1.36464       67.03048        0.00549        0.01078       10.53628        0.03765        0.36644        1.36268        5.09097        0.00649        0.01409        0.00196      300.00000       64.62693
   77    1    1     1578.34191     1547.79996      610.95532        8.61468      150.71658        0.02774        0.00964        1.11344        6.10000        0.05131        0.62059        1.11397        5.87480        0.00854        0.00033       -0.00048        1.11650      150.56724        0.02762        0.00964        6.34922        0.09502        0.57396        1.11706        5.87535        0.00856        0.00030       -0.00055      300.00000        0.50917
   78    1    1     3894.47900     1655.37306      634.64728        0.72480       10.75847        0.00014        0.02677        1.10613       12.00000        0.16357        0.66152        1.07305        5.59705        0.00807        0.01007        0.03299        0.75334       22.96482        0.00064        0.00552       17.60560        0.30075        0.85670        0.74322        9.95291        0.02400        0.03532        0.01013      300.00000      120.57971
   79    1    1     2967.03728     1768.46040      655.96420        4.18067       68.96173        0.00581        0.02742        1.26078       31.70000        0.42939        0.47878        1.25578        4.92951        0.00612        0.00183        0.00498        1.25592       79.30059        0.00766        0.02097       29.79657        0.18617        0.72303        1.24864        8.20948        0.01638        0.00000        0.00728      300.00000       10.67925
   80    1    1     1552.29001    10961.87427     5190.79063        1.88341       43.77400        0.00234        0.06363        0.72817        8.60000       10.38224        1.00584        0.72872        9.35702        0.02170        0.00006       -0.00048       11.16856       48.12726        0.00283        0.06589       11.46759        0.16723        0.78346       11.16882        7.66754        0.01452        0.00150       -0.00026      300.00000      115.36430
   81    1    1     2261.90369   217430.04386    86481.36846        0.77302       13.30342        0.00022        0.03596        0.31112       33.20000      218.25951        1.42351        0.31106       11.28120        0.03170        0.01503        0.00011       57.79946       11.54920        0.00016        0.02529       38.90405        0.18652      161.99665       57.70444       17.27403        0.06903        0.00000        0.09502      300.00000      161.33160
   82    1    1     2425.60947     1631.00764      644.71250        8.58003       97.83173        0.01169        0.00419        0.82664       25.60000        0.10879        0.91705        0.81752       10.59567        0.02841        0.00033        0.00913        1.18030       97.84654        0.01168        0.00416       25.61969        0.13437        0.52832        1.18072       10.59560        0.02775        0.01051       -0.00041      300.00000        0.02436
   83    1    1     2634.74020     2736.43751      814.05869        5.01285      108.35493        0.01434        0.04272        1.32639       24.20000        1.26916        0.43982        1.29474       11.07448        0.03156        0.00793        0.03167        0.62866      110.40270        0.01480        0.03445       25.33285        2.00949        0.36951        0.62753       11.92939        0.03556        0.03945        0.00113      300.00000       47.35657
   84    1    1     2576.35909     1637.63104      622.11433        7.86840      101.95444        0.01270        0.00781        0.89346       20.30000        0.20080        0.84861        0.88596        9.98524        0.02518        0.01725        0.00753        1.74443      102.09474        0.01273        0.00837       20.02316        0.06046        0.14793        1.72641        9.98507        0.02543        0.00646        0.01802      300.00000        0.19678
   85    1    1     1438.05455     1701.40263      768.66253        8.03963      179.34376        0.03928        0.02149        1.58346        5.50000        0.06090        0.15251        1.58206       12.73963        0.04059        0.01679        0.00138        1.31230      179.80710        0.03936        0.02144        5.59182        0.04485        0.43796        1.31270       12.73949        0.04009        0.01901       -0.00040      300.00000        0.09403
   86    1    1     1212.18115     3554.27437     1446.14591        7.88703      215.72713        0.05684        0.03453        0.76568       32.40000        2.02951        1.01862        0.71595       12.75021        0.03834        0.06015        0.04968        1.11153      215.64976        0.05664        0.03495       32.34850        1.22239        1.44573        1.09579       12.74984        0.04138        0.09106        0.01574      300.00000        0.18505
   87    1    1     1650.26664     9416.28571     4213.44557        4.75804      146.02361        0.02604        0.08899        0.68286       27.80000        8.89966        1.06906        0.66550       14.96012        0.05705        0.06607        0.01737        0.83162      148.07005        0.02663        0.09258       26.05387        5.66510        4.14264        0.82827       14.72162        0.05442        0.07673        0.00336      300.00000       18.78984
   88    1    1     1899.98512     3724.83657     1610.34851        8.38967      127.37724        0.01982        0.00834        0.37231        9.50000        2.75899        1.37590        0.35866        5.98610        0.00865        0.00352        0.01364        1.07542      127.52231        0.01985        0.00834        9.47923        0.36802        3.06280        1.06272        5.98571        0.00866        0.00445        0.01270      300.00000        1.28812
   89    1    1     1842.37521     1525.52311      650.71170        6.57075      146.37649        0.02617        0.03444        0.06156       10.20000        0.02314        1.67591        0.05865       10.61624        0.02828        0.00636        0.00294        1.61005      146.31649        0.02607        0.03452       10.18940        0.00595        0.14176        1.60997       10.61703        0.02808        0.00942        0.00008      300.00000        0.97173
   90    1    1     2936.81789     1758.95653      654.67105        0.66900       12.28976        0.00018        0.04103        1.40771       14.90000        0.38340        0.33288        1.40168        9.27238        0.02167        0.01491        0.00601        1.50219       46.64929        0.00265        0.01044       29.62039        0.14490        0.52153        1.48653        8.52809        0.01753        0.00255        0.01566      300.00000       93.24324
   91    1    1     1699.55433    10700.52928     4398.18574        3.43504       90.53636        0.01001        0.07483        1.10673       42.90000       10.51537        0.63607        1.09850       21.48950        0.11673        0.06022        0.00830       10.18178      102.02833        0.01270        0.06268       39.93385        0.83744        1.29134       10.11110       23.95486        0.13403        0.00000        0.07068      300.00000       33.38308
   92    1    1     2496.21619    10958.28661     5185.69238        7.77572      104.05358        0.01322        0.00865        1.68025       16.70000       11.13092        0.13314        1.60142        8.16009        0.01550        0.00044        0.07875       11.91807      104.63675        0.01337        0.00881       16.55242        0.10784        0.84494       11.91245        8.15938        0.01622        0.07288        0.00562      300.00000        1.36128
   93    1    1     1957.02761     1676.98739      811.37202        7.20479      137.73905        0.02317        0.02147        1.27115        9.00000        0.01121        0.50699        1.22757        5.47535        0.00709        0.00086        0.04351        0.70962      138.13640        0.02329        0.02069        9.76180        0.01494        1.06026        0.67132        5.47505        0.00711        0.00603        0.03830      300.00000        0.46345
   94    1    1     3145.53901     2044.71405      609.96431        2.74961       35.21280        0.00151        0.01852        0.96039       17.00000        0.70269        0.77492        0.95965        6.09214        0.00927        0.00351        0.00070        1.64005       29.27593        0.00105        0.01512       17.65826        0.58668        0.21357        1.63655        7.42519        0.01385        0.00049        0.00350      300.00000       74.79380
   95    1    1     4088.72741    12424.28232     5105.92627        0.48566        7.50426        0.00007        0.02909        1.13120       26.80000       13.08145        0.62129        1.11328       11.98748        0.03456        0.00515        0.01786        9.94348       28.26309        0.00098        0.02748       23.86498        0.67211        4.13860        9.94374       16.95975        0.07101        0.04919       -0.00026      300.00000       79.38954
   96    1    1     2166.28821    36404.98763    16143.35999        6.62908      127.25680        0.01978        0.02523        1.14382       30.00000       38.42727        0.64968        1.08489        4.72544        0.00582        0.00713        0.05901       12.31015      126.80083        0.01961        0.02391       30.43612        0.35649       27.50213       12.30468        4.69239        0.00536        0.06105        0.00547      300.00000        4.12755
   97    1    1     3095.09009     1451.14113      683.03988        6.09632       91.66166        0.01026        0.01735        0.47871        1.60000        0.00944        1.25534        0.47923       11.89396        0.03506        0.00845       -0.00051        1.25720       94.96597        0.01098        0.01561        4.83075        0.04174        0.44681        1.25651       11.89404        0.03478        0.00749        0.00069      300.00000       16.27217
   98    1    1     2610.40764     4391.84841     1928.66094        0.00276        0.06218        0.00000        0.06212        1.49180       30.10000        3.18098        0.26102        1.47354        9.73569        0.02418        0.00002        0.01823        3.67827       32.97012        0.00132        0.01130       41.00971        0.43278        0.85048        3.67874       10.62960        0.02794        0.01803       -0.00047      300.00000      119.34008
   99    1    1     3180.03769     2789.79402     1292.06431        3.63385       55.34368        0.00374        0.02459        0.82763       20.70000        1.32237        0.91986        0.81471       11.64760        0.03445        0.01455        0.01286        0.35859       61.27949        0.00458        0.01649       21.22507        0.03131        2.67596        0.35098       12.63481        0.04032        0.01993        0.00762      300.00000       10.96303
  100    1    1     2057.71080     3700.75693     1528.45432        7.96765      125.47985        0.01923        0.01106        1.23520       24.20000        2.73894        0.50805        1.22651        1.14243        0.00032        0.02705        0.00872        2.68011      125.74369        0.01926        0.01126       24.09750        0.12895        1.68566        2.65864        1.14722        0.00034        0.01426        0.02147      300.00000        0.41737
